0 69 41 180
0 66 41 0
0 66 0 60
0 69 0 0
0 71 45 180
0 69 45 0
0 66 45 0
0 66 0 240
0 69 0 0
0 71 0 0
0 66 41 240
0 69 41 0
0 71 41 0
0 71 0 240
0 69 0 0
0 66 0 0
0 66 41 120
0 71 41 0
0 69 41 0
0 69 0 120
0 71 0 0
0 66 0 0
0 71 41 0
0 69 41 0
0 66 41 0
0 66 0 480
0 69 0 0
0 71 0 0
0 62 42 0
0 66 42 0
0 66 0 60
0 62 0 0
0 62 42 180
0 68 42 0
0 66 42 0
0 66 0 60
0 68 0 0
0 62 0 0
0 62 45 180
0 66 45 0
0 69 45 0
0 69 0 240
0 72 59 0
0 71 0 240
0 66 0 0
0 62 0 0
0 66 44 0
0 62 44 0
0 62 0 60
0 66 0 0
0 62 44 180
0 68 44 0
0 66 44 0
0 79 64 0
0 68 0 0
0 62 0 0
0 69 45 180
0 81 27 0
0 66 45 0
0 69 0 240
0 79 57 0
0 71 0 240
0 66 0 0
0 62 0 0
0 62 44 0
0 66 44 0
0 66 0 120
0 62 0 0
0 66 44 120
0 62 44 0
0 68 44 0
0 68 0 60
0 62 0 0
0 56 37 240
0 62 47 180
0 64 47 0
0 69 47 0
0 69 0 240
0 64 0 0
0 62 0 0
0 61 42 240
0 69 42 0
0 69 0 240
0 61 0 0
0 69 42 120
0 61 42 0
0 61 0 120
0 69 0 0
0 69 42 0
0 61 42 0
0 61 0 240
0 69 0 0
0 73 44 480
0 73 0 80
0 74 44 0
0 74 0 80
0 73 44 0
0 73 0 80
0 71 47 0
0 74 47 240
0 74 0 240
0 71 0 0
0 79 49 0
0 71 49 0
0 71 0 60
0 79 0 0
0 83 45 180
0 79 0 2
0 73 43 150
0 83 0 0
0 81 48 180
0 71 41 0
0 81 0 240
0 79 42 0
0 79 0 240
0 71 0 0
0 71 42 0
0 67 42 0
0 67 0 60
0 71 0 0
0 67 42 180
0 71 42 0
0 74 42 0
0 74 0 60
0 71 0 0
0 67 0 0
0 78 46 180
0 74 46 0
0 71 46 0
0 67 46 0
0 67 0 240
0 78 0 0
0 74 0 0
0 71 0 0
0 78 42 240
0 74 42 0
0 71 42 0
0 67 42 0
0 69 63 120
0 78 0 0
0 74 0 0
0 71 0 0
0 78 42 120
0 74 42 0
0 71 42 0
0 67 42 0
0 67 0 120
0 78 0 0
0 74 0 0
0 71 0 0
0 78 42 0
0 74 42 0
0 67 42 0
0 71 42 0
0 71 0 480
0 78 0 0
0 74 0 0
0 67 0 0
0 71 42 0
0 67 42 0
0 67 0 60
0 62 0 120
0 60 41 0
0 71 42 0
0 67 42 0
0 67 0 60
0 71 0 0
0 73 0 0
0 74 46 180
0 67 46 0
0 71 46 0
0 74 0 240
0 76 42 0
0 67 49 0
0 71 0 0
0 67 0 0
0 71 45 0
0 67 45 0
0 67 0 60
0 71 0 0
0 67 45 180
0 71 45 0
0 73 45 0
0 73 0 60
0 71 0 0
0 67 0 0
0 74 47 180
0 67 47 0
0 71 47 0
0 58 0 240
0 76 44 0
0 76 0 240
0 84 37 0
0 67 0 0
0 71 45 0
0 67 45 0
0 67 0 60
0 71 0 0
0 67 45 180
0 71 45 0
0 73 45 0
0 73 0 60
0 71 0 0
0 67 0 0
0 74 49 180
0 69 49 0
0 67 49 0
0 67 0 240
0 69 0 0
0 74 0 0
0 74 45 240
0 66 45 0
0 66 0 240
0 74 0 0
0 74 45 120
0 66 45 0
0 66 0 120
0 74 0 0
0 74 45 0
0 66 45 0
0 66 0 240
0 74 0 0
0 62 27 480
0 69 27 0
0 69 0 240
0 62 0 0
0 62 27 0
0 69 27 0
0 69 0 240
0 69 0 120
0 62 33 0
0 69 33 0
0 69 0 240
0 62 0 0
0 62 27 1200
0 69 27 0
0 69 0 240
0 62 0 0
0 62 27 0
0 69 27 0
0 69 0 240
0 62 0 0
0 62 31 0
0 69 31 0
0 69 0 240
0 62 0 0
0 81 35 480
0 81 0 80
0 83 35 0
0 82 0 120
0 81 36 0
0 81 0 80
0 78 39 0
0 81 39 240
0 81 0 240
0 78 0 0
0 79 42 0
0 86 39 0
0 86 0 60
0 78 0 0
0 90 37 180
0 70 0 0
0 78 0 60
0 90 0 0
0 88 41 180
0 78 33 0
0 88 0 240
0 86 37 0
0 71 56 0
0 76 0 120
0 78 37 0
0 78 0 60
0 81 36 180
0 78 36 0
0 78 0 60
0 81 0 0
0 78 39 180
0 81 39 0
0 83 39 0
0 83 0 240
0 81 0 0
0 78 0 0
0 78 37 240
0 81 37 0
0 83 37 0
0 83 0 240
0 81 0 0
0 78 0 0
0 83 37 120
0 78 37 0
0 81 37 0
0 81 0 120
0 61 37 0
0 83 0 0
0 78 37 0
0 81 37 0
0 83 37 0
0 83 0 480
0 81 0 0
0 78 0 0
0 74 38 0
0 78 38 0
0 78 0 60
0 72 0 0
0 74 38 180
0 80 38 0
0 78 38 0
0 78 0 60
0 77 0 240
0 74 0 0
0 81 41 180
0 78 41 0
0 74 41 0
0 81 0 240
0 83 37 0
0 83 0 240
0 74 0 0
0 78 0 0
0 78 39 0
0 74 39 0
0 74 0 60
0 78 0 0
0 80 38 180
0 74 38 0
0 78 38 0
0 78 0 60
0 74 0 0
0 80 0 0
0 78 41 180
0 74 41 0
0 81 41 0
0 81 0 240
0 83 37 0
0 83 0 240
0 74 0 0
0 78 0 0
0 74 39 0
0 78 39 0
0 78 0 60
0 74 0 0
0 70 0 360
0 74 39 0
0 78 39 0
0 68 0 480
0 70 0 360
0 80 0 0
0 74 41 180
0 76 41 0
0 81 41 0
0 81 0 240
0 76 0 0
0 74 0 0
0 73 38 240
0 81 38 0
0 70 0 240
0 73 0 0
0 73 38 120
0 81 38 0
0 81 0 120
0 73 0 0
0 68 0 60
0 81 38 0
0 81 0 240
0 73 0 0
0 85 39 480
0 85 0 80
0 86 39 0
0 86 0 80
0 85 39 0
0 85 0 80
0 83 42 0
0 86 42 240
0 86 0 240
0 83 0 0
0 91 44 0
0 83 44 0
0 83 0 60
0 91 0 0
0 95 39 180
0 83 39 0
0 83 0 60
0 95 0 0
0 93 42 180
0 83 37 0
0 93 0 240
0 91 38 0
0 91 0 240
0 83 0 0
0 83 38 0
0 79 38 0
0 79 0 60
0 76 0 480
0 83 38 180
0 79 38 0
0 86 38 0
0 86 0 60
0 79 0 0
0 81 0 120
0 57 44 0
0 86 42 0
0 90 42 0
0 79 42 0
0 79 0 240
0 83 0 0
0 86 0 0
0 90 0 0
0 83 37 240
0 86 37 0
0 90 37 0
0 79 37 0
0 79 0 240
0 83 0 0
0 86 0 0
0 90 0 0
0 83 37 120
0 86 37 0
0 90 37 0
0 79 37 0
0 79 0 120
0 83 0 0
0 86 0 0
0 90 0 0
0 83 37 0
0 86 37 0
0 90 37 0
0 79 37 0
0 79 0 480
0 83 0 0
0 86 0 0
0 90 0 0
0 79 38 0
0 83 38 0
0 58 36 0
0 79 0 0
0 85 38 180
0 83 38 0
0 77 68 0
0 79 0 60
0 83 0 0
0 85 0 0
0 63 35 420
0 79 42 0
0 86 42 0
0 86 0 240
0 88 38 0
0 88 0 240
0 79 0 0
0 83 0 0
0 83 39 0
0 79 39 0
0 79 0 60
0 83 0 0
0 85 39 180
0 67 0 230
0 79 39 0
0 79 0 60
0 83 0 0
0 85 0 0
0 86 42 180
0 83 42 0
0 79 42 0
0 86 0 240
0 88 39 0
0 88 0 240
0 79 0 0
0 83 0 0
0 83 39 0
0 79 39 0
0 79 0 60
0 76 0 0
0 85 39 180
0 83 39 0
0 79 39 0
0 79 0 60
0 83 0 0
0 85 0 0
0 86 44 180
0 81 44 0
0 79 44 0
0 79 0 240
0 81 0 0
0 86 0 0
0 86 39 240
0 78 39 0
0 78 0 240
0 86 0 0
0 86 39 120
0 78 39 0
0 78 0 120
0 86 0 0
0 86 39 0
0 78 39 0
0 78 0 240
0 86 0 0
0 61 75 1920
0 64 75 0
0 61 0 120
0 59 68 0
0 59 0 120
0 61 68 0
0 61 0 120
0 57 68 0
0 57 0 60
0 68 0 240
0 62 68 0
0 66 71 0
0 62 0 120
0 59 68 120
0 59 0 120
0 66 0 120
0 61 75 0
0 64 75 0
0 61 0 120
0 59 69 0
0 59 0 120
0 61 69 0
0 72 0 240
0 57 69 0
0 57 0 60
0 64 0 60
0 62 68 0
0 66 71 0
0 62 0 120
0 59 68 120
0 59 0 120
0 66 0 120
0 74 56 240
0 82 0 0
0 68 56 0
0 78 0 80
0 80 56 0
0 80 0 80
0 78 56 0
0 78 0 80
0 68 0 0
0 74 0 0
0 76 60 0
0 75 55 0
0 69 60 0
0 69 0 120
0 73 0 0
0 76 0 0
0 73 59 120
0 76 59 0
0 74 0 120
0 69 0 120
0 76 0 0
0 73 0 0
0 76 59 120
0 73 59 0
0 69 59 0
0 64 0 120
0 73 0 0
0 76 0 0
0 60 52 0
0 64 52 0
0 64 0 480
0 60 0 0
0 68 48 0
0 72 48 0
0 76 48 0
0 76 0 240
0 72 0 0
0 68 0 0
0 68 47 0
0 72 47 0
0 76 47 0
0 76 0 240
0 72 0 0
0 68 0 0
0 68 46 0
0 72 46 0
0 76 46 0
0 84 67 0
0 72 0 0
0 68 0 0
0 70 71 0
0 76 34 0
0 76 0 60
0 72 0 0
0 76 34 180
0 72 34 0
0 77 34 0
0 77 0 60
0 72 0 0
0 76 0 0
0 72 37 180
0 76 37 0
0 79 37 0
0 79 0 240
0 81 34 0
0 81 0 240
0 76 0 0
0 72 0 0
0 72 34 0
0 76 34 0
0 76 0 60
0 72 0 0
0 72 34 180
0 76 34 0
0 77 34 0
0 77 0 60
0 76 0 0
0 72 0 0
0 71 38 180
0 77 38 0
0 79 38 0
0 79 0 240
0 81 34 0
0 81 0 240
0 77 0 0
0 71 0 0
0 67 34 0
0 71 34 0
0 76 34 0
0 76 0 120
0 71 0 0
0 67 0 0
0 67 34 120
0 56 0 100
0 74 34 0
0 91 65 0
0 71 0 0
0 67 0 0
0 74 35 0
0 74 0 60
0 76 35 0
0 76 0 60
0 64 39 0
0 74 39 0
0 74 0 240
0 72 34 0
0 86 0 240
0 64 0 0
0 64 34 0
0 72 34 0
0 72 0 120
0 64 0 0
0 64 34 120
0 72 34 0
0 72 0 120
0 64 0 0
0 66 35 420
0 72 39 0
0 72 0 360
0 64 0 0
0 60 0 0
0 67 75 0
0 64 0 120
0 62 68 0
0 62 0 120
0 64 68 0
0 64 0 120
0 60 68 0
0 60 0 60
0 67 0 60
0 82 0 240
0 69 71 0
0 65 0 120
0 62 68 120
0 62 0 120
0 69 0 120
0 64 75 0
0 67 75 0
0 64 0 120
0 62 69 0
0 62 0 120
0 64 69 0
0 64 0 120
0 60 69 0
0 60 0 60
0 67 0 60
0 65 68 0
0 69 71 0
0 65 0 120
0 68 51 0
0 62 0 120
0 69 0 120
0 77 56 240
0 81 56 0
0 71 56 0
0 81 0 80
0 83 56 0
0 83 0 80
0 81 56 0
0 81 0 80
0 71 0 0
0 77 0 0
0 79 60 0
0 76 60 0
0 72 60 0
0 72 0 120
0 75 83 0
0 79 0 0
0 76 59 120
0 79 59 0
0 72 59 0
0 72 0 120
0 76 0 80
0 76 0 0
0 79 59 120
0 76 59 0
0 72 59 0
0 72 0 960
0 76 0 0
0 74 75 0
0 63 52 0
0 67 52 0
0 83 40 360
0 63 0 0
0 71 48 0
0 75 48 0
0 79 48 0
0 79 0 240
0 75 0 0
0 71 0 0
0 71 47 0
0 75 47 0
0 79 47 0
0 79 0 240
0 75 0 0
0 71 0 0
0 71 46 0
0 75 46 0
0 65 0 240
0 79 0 480
0 75 0 0
0 71 0 0
0 75 34 0
0 79 34 0
0 79 0 60
0 75 0 0
0 79 34 180
0 75 34 0
0 80 34 0
0 80 0 120
0 75 0 0
0 79 0 0
0 75 37 120
0 79 37 0
0 82 37 0
0 82 0 240
0 84 34 0
0 84 0 240
0 79 0 0
0 72 0 0
0 75 34 0
0 79 34 0
0 79 0 60
0 75 0 0
0 75 34 180
0 79 34 0
0 80 34 0
0 68 0 0
0 79 0 0
0 75 0 0
0 74 38 180
0 80 38 0
0 82 38 0
0 82 0 240
0 76 63 80
0 69 40 0
0 80 0 0
0 74 0 0
0 70 34 0
0 74 34 0
0 79 34 0
0 79 0 120
0 74 0 0
0 70 0 0
0 70 34 120
0 74 34 0
0 77 34 0
0 77 0 120
0 74 0 0
0 70 0 0
0 77 35 0
0 77 0 60
0 79 35 0
0 79 0 60
0 67 39 0
0 77 39 0
0 77 0 240
0 75 34 0
0 75 0 240
0 67 0 0
0 67 34 0
0 75 34 0
0 75 0 120
0 67 0 0
0 67 34 120
0 75 34 0
0 62 0 240
0 67 0 0
0 67 39 120
0 75 39 0
0 75 0 480
0 67 0 0
0 55 25 120
0 61 28 0
0 61 0 120
0 55 0 0
0 63 29 120
0 61 25 0
0 55 25 0
0 55 0 120
0 61 0 0
0 63 0 0
0 55 25 120
0 67 0 0
0 85 85 0
0 65 0 120
0 61 0 0
0 55 0 0
0 55 26 120
0 61 26 0
0 67 33 0
0 67 0 120
0 61 0 0
0 55 0 0
0 55 27 120
0 61 31 0
0 61 0 120
0 55 0 0
0 63 31 120
0 55 27 0
0 71 0 240
0 61 0 120
0 55 0 0
0 63 0 0
0 55 28 120
0 61 28 0
0 65 36 0
0 65 0 120
0 61 0 0
0 55 0 0
0 55 28 120
0 61 28 0
0 67 33 0
0 67 0 120
0 61 0 0
0 55 0 0
0 55 29 120
0 61 34 0
0 61 0 120
0 55 0 0
0 63 34 120
0 77 78 0
0 61 30 0
0 61 0 120
0 85 76 120
0 63 0 0
0 55 29 120
0 61 29 0
0 65 39 0
0 65 0 120
0 61 0 0
0 55 0 0
0 68 42 120
0 68 0 120
0 55 31 120
0 61 31 0
0 67 38 0
0 67 0 120
0 64 38 120
0 55 0 0
0 63 38 120
0 55 31 0
0 61 31 0
0 61 0 120
0 55 0 0
0 63 0 0
0 79 67 0
0 61 31 0
0 65 39 0
0 84 0 0
0 61 0 0
0 55 0 0
0 55 32 120
0 61 38 0
0 61 0 120
0 55 0 0
0 56 36 120
0 63 36 0
0 63 0 120
0 56 0 0
0 63 35 120
0 65 35 0
0 59 0 120
0 56 0 120
0 72 47 0
0 72 0 0
0 56 30 120
0 63 30 0
0 67 40 0
0 67 0 120
0 63 0 0
0 56 0 0
0 56 31 120
0 63 31 0
0 68 39 0
0 68 0 120
0 63 0 0
0 56 0 0
0 56 31 120
0 63 36 0
0 63 0 120
0 56 0 0
0 63 36 120
0 70 0 60
0 65 31 0
0 65 0 120
0 56 0 0
0 63 0 0
0 56 32 120
0 63 32 0
0 67 41 0
0 67 0 120
0 63 0 0
0 56 0 0
0 56 32 120
0 63 32 0
0 68 39 0
0 68 0 120
0 63 0 0
0 56 0 0
0 56 34 120
0 63 39 0
0 63 0 120
0 70 28 0
0 63 39 120
0 69 40 0
0 65 34 0
0 65 0 120
0 56 0 0
0 63 0 0
0 56 34 120
0 63 34 0
0 67 44 0
0 67 0 120
0 63 0 0
0 56 0 0
0 70 48 120
0 70 0 120
0 56 36 120
0 63 36 0
0 68 44 0
0 68 0 120
0 63 0 0
0 56 0 0
0 63 44 120
0 56 36 0
0 65 36 0
0 65 0 120
0 56 0 0
0 63 0 0
0 56 36 120
0 63 36 0
0 67 45 0
0 67 0 120
0 59 44 0
0 56 0 0
0 56 36 120
0 53 0 120
0 63 0 120
0 56 0 0
0 59 0 240
0 66 48 0
0 66 0 120
0 60 0 0
0 60 27 0
0 60 0 60
0 60 44 0
0 60 0 120
0 68 0 0
0 66 0 0
0 60 47 120
0 66 47 0
0 70 47 0
0 67 71 0
0 66 0 0
0 60 0 0
0 60 37 120
0 66 37 0
0 72 46 0
0 72 0 120
0 66 0 0
0 60 0 0
0 60 48 120
0 66 48 0
0 66 0 120
0 60 0 0
0 66 44 120
0 60 37 0
0 68 37 0
0 68 0 120
0 60 0 0
0 66 0 0
0 60 47 120
0 61 0 120
0 70 47 0
0 70 0 120
0 66 0 0
0 60 0 0
0 60 37 120
0 66 37 0
0 50 0 0
0 72 0 120
0 66 0 0
0 60 0 0
0 60 47 120
0 51 32 0
0 66 0 120
0 60 0 0
0 66 46 120
0 60 46 0
0 68 46 0
0 68 0 120
0 60 0 0
0 66 0 0
0 60 56 120
0 66 56 0
0 70 56 0
0 70 0 120
0 66 0 0
0 60 0 0
0 63 0 240
0 73 0 120
0 60 55 120
0 66 55 0
0 72 55 0
0 72 0 120
0 79 0 360
0 60 0 0
0 68 48 120
0 60 40 0
0 66 40 0
0 86 70 0
0 60 0 0
0 68 0 0
0 60 40 120
0 66 40 0
0 70 50 0
0 70 0 120
0 66 0 0
0 67 0 0
0 60 40 120
0 66 47 0
0 66 0 120
0 60 0 0
0 61 59 120
0 63 0 0
0 68 0 120
0 61 0 0
0 68 52 120
0 70 52 0
0 61 52 0
0 54 0 120
0 70 0 0
0 68 0 0
0 61 57 120
0 68 57 0
0 72 57 0
0 72 0 120
0 68 0 0
0 61 0 0
0 61 55 120
0 68 55 0
0 76 0 120
0 73 0 120
0 68 0 0
0 61 0 0
0 61 59 120
0 68 59 0
0 68 0 120
0 61 0 0
0 70 0 360
0 61 53 0
0 70 53 0
0 70 0 120
0 61 0 0
0 68 0 0
0 61 59 120
0 56 0 120
0 72 59 0
0 72 0 120
0 68 0 0
0 61 0 0
0 72 0 360
0 68 55 0
0 73 55 0
0 73 0 120
0 68 0 0
0 84 0 80
0 61 59 120
0 68 59 0
0 68 0 120
0 61 0 0
0 68 57 120
0 61 57 0
0 70 57 0
0 70 0 120
0 61 0 0
0 68 0 0
0 61 64 120
0 68 64 0
0 72 64 0
0 72 0 120
0 68 0 0
0 61 0 0
0 75 64 120
0 75 0 120
0 61 62 120
0 71 48 0
0 73 62 0
0 73 0 120
0 68 0 0
0 61 0 0
0 70 59 120
0 61 48 0
0 74 47 0
0 68 0 120
0 61 0 0
0 70 0 0
0 61 48 120
0 68 48 0
0 72 61 0
0 72 0 120
0 68 0 0
0 61 0 0
0 61 48 120
0 68 57 0
0 68 0 120
0 61 0 0
0 62 71 120
0 68 71 0
0 68 0 120
0 62 0 0
0 67 37 0
0 62 63 0
0 70 63 0
0 55 0 240
0 62 0 0
0 68 0 0
0 62 70 120
0 68 70 0
0 72 70 0
0 72 0 120
0 81 56 0
0 62 0 0
0 75 75 120
0 75 0 120
0 62 69 120
0 63 0 0
0 68 0 0
0 74 0 120
0 68 0 0
0 62 0 0
0 70 63 120
0 62 52 0
0 68 52 0
0 68 0 120
0 62 0 0
0 70 0 0
0 62 52 120
0 68 52 0
0 72 66 0
0 72 0 120
0 68 0 0
0 62 0 0
0 68 62 120
0 68 0 120
0 74 70 120
0 72 70 0
0 68 70 0
0 68 0 120
0 72 0 0
0 74 0 0
0 68 66 120
0 75 66 0
0 72 66 0
0 72 0 120
0 75 0 0
0 68 0 0
0 77 72 120
0 68 72 0
0 72 72 0
0 72 0 120
0 68 0 0
0 77 0 0
0 80 81 120
0 80 0 120
0 79 80 120
0 68 80 0
0 72 80 0
0 72 0 120
0 68 0 0
0 79 0 0
0 72 72 120
0 75 72 0
0 68 72 0
0 68 0 120
0 75 0 0
0 72 0 0
0 77 80 120
0 68 80 0
0 58 0 0
0 72 0 120
0 68 0 0
0 77 0 0
0 74 66 120
0 74 0 120
0 77 75 120
0 77 0 120
0 79 75 120
0 79 0 120
0 80 81 120
0 80 0 120
0 84 75 120
0 84 0 120
0 80 75 120
0 80 0 120
0 77 75 120
0 73 45 0
0 80 81 120
0 80 0 120
0 77 75 120
0 77 0 120
0 74 75 120
0 74 0 120
0 77 75 120
0 77 0 120
0 67 49 0
0 73 71 0
0 70 75 120
0 70 0 120
0 74 75 120
0 74 0 120
0 70 75 120
0 70 0 120
0 67 81 120
0 67 0 120
0 70 75 120
0 70 0 120
0 67 77 60
0 67 0 120
0 63 75 120
0 63 0 120
0 67 85 120
0 67 0 120
0 63 80 120
0 63 0 120
0 60 80 120
0 69 0 0
0 63 80 120
0 63 0 120
0 60 93 120
0 60 0 120
0 56 86 120
0 56 0 120
0 60 89 120
0 60 0 120
0 56 103 120
0 56 0 120
0 55 108 0
0 68 93 480
0 56 83 0
0 60 83 0
0 63 83 0
0 63 0 480
0 56 0 0
0 60 0 0
0 68 0 0
0 80 93 0
0 75 83 0
0 68 83 0
0 72 83 0
0 72 0 480
0 75 0 0
0 68 0 0
0 80 0 0
0 92 91 0
0 87 81 0
0 84 81 0
0 80 81 0
0 80 0 480
0 87 0 0
0 55 0 0
0 92 0 0
0 84 0 0
0 54 108 0
0 68 93 480
0 56 83 0
0 60 83 0
0 63 83 0
0 63 0 480
0 56 0 0
0 60 0 0
0 68 0 0
0 80 93 0
0 75 83 0
0 68 83 0
0 72 83 0
0 72 0 480
0 75 0 0
0 68 0 0
0 80 0 0
0 92 91 0
0 87 81 0
0 84 81 0
0 80 81 0
0 80 0 480
0 87 0 0
0 54 0 0
0 92 0 0
0 84 0 0
0 53 111 0
0 68 93 480
0 56 83 0
0 59 83 0
0 63 83 0
0 63 0 480
0 56 0 0
0 65 34 0
0 68 0 0
0 80 93 0
0 75 83 0
0 68 83 0
0 71 83 0
0 71 0 480
0 80 53 0
0 68 0 0
0 80 0 0
0 92 91 0
0 87 81 0
0 83 81 0
0 80 81 0
0 80 0 480
0 87 0 0
0 75 0 240
0 92 0 0
0 83 0 0
0 52 111 0
0 57 83 480
0 69 93 0
0 55 83 0
0 61 83 0
0 67 93 0
0 67 0 480
0 57 0 0
0 69 0 0
0 55 0 0
0 61 0 0
0 67 83 0
0 81 93 0
0 79 93 0
0 69 83 0
0 73 83 0
0 73 0 480
0 67 0 0
0 81 0 0
0 79 0 0
0 69 0 0
0 68 0 0
0 93 86 0
0 91 86 0
0 85 78 0
0 79 78 0
0 76 45 0
0 81 0 0
0 93 0 0
0 78 0 240
0 85 0 0
0 81 88 0
0 70 61 0
0 62 0 120
0 83 0 80
0 81 88 0
0 81 0 80
0 52 0 0
0 78 97 0
0 81 97 240
0 81 0 240
0 78 0 0
0 81 90 0
0 86 101 0
0 78 90 0
0 78 0 120
0 86 0 0
0 81 0 0
0 81 83 120
0 90 93 0
0 78 83 0
0 78 0 120
0 90 0 0
0 81 0 0
0 81 75 120
0 88 102 0
0 78 75 0
0 88 0 240
0 86 93 0
0 86 0 240
0 78 0 0
0 81 0 0
0 71 38 0
0 71 61 0
0 78 0 120
0 74 0 0
0 74 81 120
0 81 90 0
0 78 81 0
0 78 0 120
0 81 0 0
0 74 0 0
0 74 85 120
0 83 95 0
0 81 85 0
0 78 85 0
0 78 0 240
0 74 0 0
0 83 0 0
0 81 0 0
0 74 77 240
0 83 86 0
0 81 77 0
0 78 77 0
0 71 62 0
0 74 0 0
0 83 0 0
0 81 0 0
0 74 77 120
0 83 86 0
0 81 77 0
0 78 77 0
0 78 0 120
0 74 0 0
0 83 0 0
0 81 58 0
0 74 77 0
0 83 86 0
0 81 86 0
0 78 77 0
0 78 0 480
0 74 0 0
0 83 0 0
0 81 0 0
0 74 90 0
0 78 90 0
0 78 0 120
0 74 0 0
