0 76 36 480
0 76 0 120
0 75 33 0
0 75 0 120
0 76 39 0
0 76 0 120
0 75 36 0
0 75 0 120
0 76 45 0
0 76 0 120
0 71 40 0
0 71 0 120
0 74 47 0
0 74 0 120
0 72 39 0
0 72 0 120
0 69 51 0
0 69 0 240
0 60 34 120
0 60 0 120
0 64 38 0
0 64 0 120
0 69 42 0
0 69 0 120
0 71 46 0
0 71 0 240
0 64 36 120
0 64 0 120
0 68 39 0
0 68 0 120
0 71 42 0
0 71 0 120
0 72 45 0
0 72 0 240
0 64 35 120
0 64 0 120
0 76 38 0
0 76 0 120
0 75 34 0
0 75 0 120
0 76 41 0
0 76 0 120
0 75 37 0
0 75 0 120
0 76 46 0
0 76 0 120
0 71 39 0
0 71 0 120
0 74 48 0
0 74 0 120
0 72 39 0
0 72 0 120
0 69 48 0
0 69 0 240
0 60 34 120
0 60 0 120
0 64 37 0
0 64 0 120
0 69 41 0
0 69 0 120
0 71 45 0
0 71 0 240
0 64 37 120
0 64 0 120
0 72 40 0
0 72 0 120
0 71 38 0
0 71 0 120
0 69 40 0
0 69 0 240
0 76 36 240
0 76 0 120
0 75 33 0
0 75 0 120
0 76 39 0
0 76 0 120
0 75 36 0
0 75 0 120
0 76 45 0
0 76 0 120
0 71 40 0
0 71 0 120
0 74 47 0
0 74 0 120
0 72 39 0
0 72 0 120
0 69 51 0
0 69 0 240
0 60 34 120
0 60 0 120
0 64 38 0
0 64 0 120
0 69 42 0
0 69 0 120
0 71 46 0
0 71 0 240
0 64 36 120
0 64 0 120
0 68 39 0
0 68 0 120
0 71 42 0
0 71 0 120
0 72 45 0
0 72 0 240
0 64 35 120
0 64 0 120
0 76 38 0
0 76 0 120
0 75 34 0
0 75 0 120
0 76 41 0
0 76 0 120
0 75 37 0
0 75 0 120
0 76 46 0
0 76 0 120
0 71 39 0
0 71 0 120
0 74 48 0
0 74 0 120
0 72 39 0
0 72 0 120
0 69 48 0
0 69 0 240
0 60 34 120
0 60 0 120
0 64 37 0
0 64 0 120
0 69 41 0
0 69 0 120
0 71 45 0
0 71 0 240
0 64 37 120
0 64 0 120
0 72 40 0
0 72 0 120
0 71 38 0
0 71 0 120
0 69 40 0
0 69 0 240
0 71 42 120
0 71 0 120
0 72 45 0
0 72 0 120
0 74 48 0
0 74 0 120
0 76 51 0
0 76 0 360
0 67 40 0
0 67 0 120
0 77 46 0
0 77 0 120
0 76 43 0
0 76 0 120
0 74 50 0
0 74 0 360
0 65 40 0
0 65 0 120
0 76 46 0
0 76 0 120
0 74 43 0
0 74 0 120
0 72 50 0
0 72 0 360
0 64 40 0
0 64 0 120
0 74 46 0
0 74 0 120
0 72 43 0
0 72 0 120
0 71 50 0
0 71 0 240
0 64 39 120
0 64 0 120
0 76 45 0
0 76 0 90
0 76 43 270
0 76 0 120
0 88 48 0
0 88 0 90
0 75 42 270
0 75 0 120
0 76 48 0
0 76 0 90
0 75 35 270
0 75 0 120
0 76 37 0
0 76 0 120
0 75 34 0
0 75 0 120
0 76 40 0
0 76 0 120
0 75 36 0
0 75 0 120
0 76 40 0
0 76 0 120
0 71 35 0
0 71 0 120
0 74 42 0
0 74 0 120
0 72 37 0
0 72 0 120
0 69 45 0
0 69 0 240
0 60 34 120
0 60 0 120
0 64 38 0
0 64 0 120
0 69 42 0
0 69 0 120
0 71 46 0
0 71 0 240
0 64 36 120
0 64 0 120
0 68 39 0
0 68 0 120
0 71 42 0
0 71 0 120
0 72 45 0
0 72 0 240
0 64 35 120
0 64 0 120
0 76 38 0
0 76 0 120
0 75 34 0
0 75 0 120
0 76 41 0
0 76 0 120
0 75 37 0
0 75 0 120
0 76 46 0
0 76 0 120
0 71 39 0
0 71 0 120
0 74 48 0
0 74 0 120
0 72 39 0
0 72 0 120
0 69 46 0
0 69 0 240
0 60 34 120
0 60 0 120
0 64 37 0
0 64 0 120
0 69 41 0
0 69 0 120
0 71 45 0
0 71 0 240
0 64 37 120
0 64 0 120
0 72 40 0
0 72 0 120
0 71 38 0
0 71 0 120
0 69 40 0
0 69 0 240
0 71 43 120
0 71 0 120
0 72 45 0
0 72 0 120
0 74 47 0
0 74 0 120
0 76 50 0
0 76 0 360
0 67 40 0
0 67 0 120
0 77 46 0
0 77 0 120
0 76 43 0
0 76 0 120
0 74 50 0
0 74 0 360
0 65 40 0
0 65 0 120
0 76 46 0
0 76 0 120
0 74 43 0
0 74 0 120
0 72 50 0
0 72 0 360
0 64 40 0
0 64 0 120
0 74 46 0
0 74 0 120
0 72 43 0
0 72 0 120
0 71 50 0
0 71 0 240
0 64 39 120
0 64 0 120
0 76 45 0
0 76 0 90
0 76 43 270
0 76 0 120
0 88 48 0
0 88 0 90
0 75 42 270
0 75 0 120
0 76 48 0
0 76 0 90
0 75 35 270
0 75 0 120
0 76 37 0
0 76 0 120
0 75 34 0
0 75 0 120
0 76 39 0
0 76 0 120
0 75 36 0
0 75 0 120
0 76 39 0
0 76 0 120
0 71 35 0
0 71 0 120
0 74 40 0
0 74 0 120
0 72 33 0
0 72 0 120
0 69 46 0
0 69 0 240
0 60 34 120
0 60 0 120
0 64 38 0
0 64 0 120
0 69 42 0
0 69 0 120
0 71 46 0
0 71 0 240
0 64 36 120
0 64 0 120
0 68 39 0
0 68 0 120
0 71 42 0
0 71 0 120
0 72 45 0
0 72 0 240
0 64 35 120
0 64 0 120
0 76 38 0
0 76 0 120
0 75 34 0
0 75 0 120
0 76 41 0
0 76 0 120
0 75 37 0
0 75 0 120
0 76 46 0
0 76 0 120
0 71 39 0
0 71 0 120
0 74 48 0
0 74 0 120
0 72 39 0
0 72 0 120
0 69 48 0
0 69 0 240
0 60 34 120
0 60 0 120
0 64 37 0
0 64 0 120
0 69 41 0
0 69 0 120
0 71 45 0
0 71 0 240
0 64 37 120
0 64 0 120
0 72 40 0
0 72 0 120
0 71 38 0
0 71 0 120
0 69 40 0
0 69 0 240
0 64 40 120
0 72 46 0
0 72 0 90
0 64 0 0
0 65 41 30
0 72 47 0
0 72 0 90
0 65 0 0
0 64 43 30
0 67 43 0
0 72 49 0
0 72 0 60
0 67 0 0
0 64 0 0
0 65 43 0
0 65 0 30
0 69 41 0
0 69 0 30
0 72 55 0
0 72 0 480
0 77 57 0
0 77 0 180
0 76 52 0
0 76 0 58
0 76 57 2
0 76 0 240
0 74 51 0
0 74 0 240
0 82 62 0
0 82 0 180
0 81 56 0
0 81 0 58
0 81 56 2
0 81 0 120
0 79 56 0
0 79 0 120
0 77 55 0
0 77 0 120
0 76 55 0
0 76 0 120
0 74 55 0
0 74 0 120
0 72 54 0
0 72 0 120
0 70 54 0
0 70 0 240
0 69 51 0
0 69 0 210
0 70 44 0
0 70 0 30
0 69 49 0
0 69 0 60
0 67 50 0
0 67 0 60
0 69 51 0
0 69 0 60
0 70 52 0
0 70 0 60
0 72 54 0
0 72 0 480
0 74 55 0
0 74 0 120
0 75 57 0
0 75 0 120
0 76 59 0
0 76 0 360
0 76 58 0
0 76 0 120
0 77 63 0
0 77 0 120
0 69 58 0
0 69 0 120
0 72 64 0
0 72 0 480
0 74 64 0
0 74 0 180
0 71 57 0
0 71 0 60
0 72 64 0
0 72 0 60
0 79 57 0
0 79 0 60
0 67 64 0
0 67 0 60
0 79 57 0
0 79 0 60
0 69 64 0
0 69 0 60
0 79 63 0
0 79 0 60
0 71 66 0
0 71 0 60
0 79 63 0
0 79 0 60
0 72 68 0
0 72 0 60
0 79 66 0
0 79 0 60
0 74 70 0
0 74 0 60
0 79 65 0
0 79 0 60
0 76 72 0
0 76 0 60
0 79 63 0
0 79 0 60
0 84 67 0
0 84 0 60
0 83 62 0
0 83 0 60
0 81 67 0
0 81 0 60
0 79 62 0
0 79 0 60
0 77 67 0
0 77 0 60
0 76 61 0
0 76 0 60
0 74 69 0
0 74 0 60
0 79 63 0
0 79 0 60
0 77 69 0
0 77 0 60
0 74 64 0
0 74 0 60
0 72 64 0
0 72 0 60
0 79 57 0
0 79 0 60
0 67 64 0
0 67 0 60
0 79 57 0
0 79 0 60
0 69 64 0
0 69 0 60
0 79 63 0
0 79 0 60
0 71 66 0
0 71 0 60
0 79 63 0
0 79 0 60
0 72 68 0
0 72 0 60
0 79 66 0
0 79 0 60
0 74 70 0
0 74 0 60
0 79 65 0
0 79 0 60
0 76 72 0
0 76 0 60
0 79 65 0
0 79 0 60
0 84 69 0
0 84 0 60
0 83 64 0
0 83 0 60
0 81 70 0
0 81 0 60
0 79 60 0
0 79 0 60
0 77 64 0
0 77 0 60
0 76 55 0
0 76 0 60
0 74 65 0
0 74 0 60
0 79 57 0
0 79 0 60
0 77 63 0
0 77 0 60
0 74 53 0
0 74 0 60
0 76 57 0
0 76 0 60
0 77 50 0
0 77 0 60
0 76 50 0
0 76 0 60
0 75 50 0
0 75 0 60
0 76 57 0
0 76 0 60
0 71 49 0
0 71 0 60
0 76 54 0
0 76 0 60
0 75 52 0
0 75 0 60
0 76 57 0
0 76 0 60
0 71 51 0
0 71 0 60
0 76 54 0
0 76 0 60
0 75 49 0
0 75 0 60
0 76 57 0
0 76 0 360
0 71 52 0
0 71 0 120
0 76 57 0
0 76 0 120
0 75 49 0
0 75 0 120
0 76 56 0
0 76 0 360
0 71 42 0
0 71 0 120
0 76 50 0
0 76 0 90
0 75 39 270
0 75 0 120
0 76 41 0
0 76 0 90
0 75 34 270
0 75 0 120
0 76 40 0
0 76 0 120
0 75 36 0
0 75 0 120
0 76 40 0
0 76 0 120
0 71 36 0
0 71 0 120
0 74 43 0
0 74 0 120
0 72 35 0
0 72 0 120
0 69 45 0
0 69 0 240
0 60 34 120
0 60 0 120
0 64 38 0
0 64 0 120
0 69 42 0
0 69 0 120
0 71 46 0
0 71 0 240
0 64 36 120
0 64 0 120
0 68 39 0
0 68 0 120
0 71 42 0
0 71 0 120
0 72 45 0
0 72 0 240
0 64 35 120
0 64 0 120
0 76 38 0
0 76 0 120
0 75 34 0
0 75 0 120
0 76 41 0
0 76 0 120
0 75 37 0
0 75 0 120
0 76 46 0
0 76 0 120
0 71 39 0
0 71 0 120
0 74 48 0
0 74 0 120
0 72 39 0
0 72 0 120
0 69 48 0
0 69 0 240
0 60 34 120
0 60 0 120
0 64 37 0
0 64 0 120
0 69 41 0
0 69 0 120
0 71 45 0
0 71 0 240
0 64 37 120
0 64 0 120
0 72 40 0
0 72 0 120
0 71 38 0
0 71 0 120
0 69 40 0
0 69 0 240
0 71 44 120
0 71 0 120
0 72 46 0
0 72 0 120
0 74 48 0
0 74 0 120
0 76 52 0
0 76 0 360
0 67 40 0
0 67 0 120
0 77 46 0
0 77 0 120
0 76 43 0
0 76 0 120
0 74 50 0
0 74 0 360
0 65 40 0
0 65 0 120
0 76 46 0
0 76 0 120
0 74 43 0
0 74 0 120
0 72 50 0
0 72 0 360
0 64 40 0
0 64 0 120
0 74 46 0
0 74 0 120
0 72 43 0
0 72 0 120
0 71 50 0
0 71 0 240
0 64 39 120
0 64 0 120
0 76 45 0
0 76 0 90
0 76 43 270
0 76 0 120
0 88 48 0
0 88 0 90
0 75 42 270
0 75 0 120
0 76 48 0
0 76 0 90
0 75 35 270
0 75 0 120
0 76 37 0
0 76 0 120
0 75 34 0
0 75 0 120
0 76 40 0
0 76 0 120
0 75 36 0
0 75 0 120
0 76 43 0
0 76 0 120
0 71 38 0
0 71 0 120
0 74 44 0
0 74 0 120
0 72 38 0
0 72 0 120
0 69 47 0
0 69 0 240
0 60 34 120
0 60 0 120
0 64 38 0
0 64 0 120
0 69 42 0
0 69 0 120
0 71 46 0
0 71 0 240
0 64 36 120
0 64 0 120
0 68 39 0
0 68 0 120
0 71 42 0
0 71 0 120
0 72 45 0
0 72 0 240
0 64 35 120
0 64 0 120
0 76 38 0
0 76 0 120
0 75 34 0
0 75 0 120
0 76 41 0
0 76 0 120
0 75 37 0
0 75 0 120
0 76 41 0
0 76 0 120
0 71 34 0
0 71 0 120
0 74 45 0
0 74 0 120
0 72 36 0
0 72 0 120
0 69 46 0
0 69 0 240
0 60 34 120
0 60 0 120
0 64 37 0
0 64 0 120
0 69 41 0
0 69 0 120
0 71 45 0
0 71 0 240
0 64 37 120
0 64 0 120
0 72 40 0
0 72 0 120
0 71 38 0
0 71 0 120
0 69 40 0
0 69 0 240
0 64 45 480
0 67 45 0
0 70 45 0
0 73 53 0
0 73 0 720
0 64 0 0
0 67 0 0
0 70 0 0
0 65 49 0
0 69 49 0
0 74 59 0
0 74 0 480
0 69 0 0
0 65 0 0
0 73 54 0
0 76 64 0
0 76 0 90
0 73 0 0
0 74 59 30
0 77 70 0
0 77 0 90
0 74 0 0
0 68 65 30
0 74 65 0
0 77 77 0
0 77 0 480
0 74 0 0
0 68 0 0
0 68 63 0
0 74 63 0
0 77 75 0
0 77 0 240
0 74 0 0
0 68 0 0
0 69 60 0
0 72 60 0
0 76 72 0
0 76 0 720
0 72 0 0
0 69 0 0
0 65 69 0
0 74 82 0
0 74 0 480
0 65 0 0
0 64 61 0
0 72 73 0
0 72 0 90
0 64 0 0
0 62 61 30
0 71 73 0
0 71 0 90
0 62 0 0
0 60 67 30
0 66 67 0
0 69 79 0
0 69 0 480
0 66 0 0
0 60 0 0
0 60 66 0
0 69 78 0
0 69 0 240
0 60 0 0
0 60 68 0
0 69 80 0
0 69 0 240
0 60 0 0
0 64 66 0
0 72 78 0
0 72 0 240
0 64 0 0
0 62 61 0
0 71 73 0
0 71 0 240
0 62 0 0
0 60 56 0
0 69 67 0
0 69 0 720
0 60 0 0
0 64 45 0
0 67 45 0
0 70 45 0
0 73 53 0
0 73 0 720
0 64 0 0
0 67 0 0
0 70 0 0
0 65 49 0
0 69 49 0
0 74 59 0
0 74 0 480
0 69 0 0
0 65 0 0
0 73 54 0
0 76 64 0
0 76 0 90
0 73 0 0
0 74 59 30
0 77 70 0
0 77 0 90
0 74 0 0
0 74 65 30
0 77 77 0
0 77 0 480
0 74 0 0
0 74 63 0
0 77 75 0
0 77 0 240
0 74 0 0
0 74 60 0
0 77 72 0
0 77 0 720
0 74 0 0
0 67 69 0
0 75 82 0
0 75 0 480
0 67 0 0
0 65 61 0
0 74 73 0
0 74 0 90
0 65 0 0
0 63 61 30
0 72 73 0
0 72 0 90
0 63 0 0
0 62 67 30
0 65 67 0
0 70 79 0
0 70 0 480
0 65 0 0
0 62 0 0
0 65 66 0
0 62 66 0
0 69 78 0
0 69 0 240
0 62 0 0
0 65 0 0
0 65 68 0
0 62 68 0
0 68 80 0
0 68 0 480
0 62 0 0
0 65 0 0
0 65 61 0
0 62 61 0
0 68 73 0
0 68 0 240
0 62 0 0
0 65 0 0
0 64 61 0
0 60 61 0
0 69 73 0
0 69 0 480
0 60 0 0
0 64 0 0
0 64 49 240
0 71 58 0
0 71 0 240
0 64 0 0
0 57 42 480
0 57 0 80
0 60 44 0
0 60 0 80
0 64 45 0
0 64 0 80
0 69 47 0
0 69 0 80
0 72 43 0
0 72 0 80
0 76 43 0
0 76 0 80
0 74 47 0
0 74 0 80
0 72 43 0
0 72 0 80
0 71 43 0
0 71 0 80
0 69 45 0
0 69 0 80
0 72 47 0
0 72 0 80
0 76 48 0
0 76 0 80
0 81 50 0
0 81 0 80
0 84 47 0
0 84 0 80
0 88 47 0
0 88 0 80
0 86 52 0
0 86 0 80
0 84 47 0
0 84 0 80
0 83 47 0
0 83 0 80
0 81 49 0
0 81 0 80
0 84 51 0
0 84 0 80
0 88 53 0
0 88 0 80
0 93 53 0
0 93 0 80
0 96 50 0
0 96 0 80
0 100 50 0
0 100 0 80
0 98 54 0
0 98 0 80
0 96 49 0
0 96 0 80
0 95 50 0
0 95 0 80
0 94 54 0
0 94 0 80
0 93 50 0
0 93 0 80
0 92 49 0
0 92 0 80
0 91 51 0
0 91 0 80
0 90 49 0
0 90 0 80
0 89 48 0
0 89 0 80
0 88 51 0
0 88 0 80
0 87 49 0
0 87 0 80
0 86 50 0
0 86 0 80
0 85 50 0
0 85 0 80
0 84 49 0
0 84 0 80
0 83 49 0
0 83 0 80
0 82 48 0
0 82 0 80
0 81 48 0
0 81 0 80
0 80 47 0
0 80 0 80
0 79 47 0
0 79 0 80
0 78 46 0
0 78 0 80
0 77 46 0
0 77 0 80
0 76 39 0
0 76 0 120
0 75 36 0
0 75 0 120
0 76 41 0
0 76 0 120
0 71 35 0
0 71 0 120
0 74 43 0
0 74 0 120
0 72 39 0
0 72 0 120
0 69 46 0
0 69 0 240
0 60 34 120
0 60 0 120
0 64 38 0
0 64 0 120
0 69 42 0
0 69 0 120
0 71 46 0
0 71 0 240
0 64 36 120
0 64 0 120
0 68 39 0
0 68 0 120
0 71 42 0
0 71 0 120
0 72 45 0
0 72 0 240
0 64 35 120
0 64 0 120
0 76 38 0
0 76 0 120
0 75 34 0
0 75 0 120
0 76 41 0
0 76 0 120
0 75 37 0
0 75 0 120
0 76 46 0
0 76 0 120
0 71 39 0
0 71 0 120
0 74 48 0
0 74 0 120
0 72 39 0
0 72 0 120
0 69 48 0
0 69 0 240
0 60 34 120
0 60 0 120
0 64 37 0
0 64 0 120
0 69 41 0
0 69 0 120
0 71 45 0
0 71 0 240
0 64 37 120
0 64 0 120
0 72 40 0
0 72 0 120
0 71 38 0
0 71 0 120
0 69 40 0
0 69 0 240
0 71 38 120
0 71 0 120
0 72 42 0
0 72 0 120
0 74 46 0
0 74 0 120
0 76 50 0
0 76 0 360
0 67 40 0
0 67 0 120
0 77 46 0
0 77 0 120
0 76 43 0
0 76 0 120
0 74 50 0
0 74 0 360
0 65 40 0
0 65 0 120
0 76 46 0
0 76 0 120
0 74 43 0
0 74 0 120
0 72 50 0
0 72 0 360
0 64 40 0
0 64 0 120
0 74 46 0
0 74 0 120
0 72 43 0
0 72 0 120
0 71 50 0
0 71 0 240
0 64 39 120
0 64 0 120
0 76 45 0
0 76 0 90
0 76 43 270
0 76 0 120
0 88 48 0
0 88 0 90
0 75 42 270
0 75 0 120
0 76 48 0
0 76 0 90
0 75 35 270
0 75 0 120
0 76 37 0
0 76 0 120
0 75 34 0
0 75 0 120
0 76 40 0
0 76 0 120
0 75 36 0
0 75 0 120
0 76 42 0
0 76 0 120
0 71 36 0
0 71 0 120
0 74 43 0
0 74 0 120
0 72 35 0
0 72 0 120
0 69 48 0
0 69 0 240
0 60 34 120
0 60 0 120
0 64 38 0
0 64 0 120
0 69 42 0
0 69 0 120
0 71 46 0
0 71 0 240
0 64 36 120
0 64 0 120
0 68 39 0
0 68 0 120
0 71 42 0
0 71 0 120
0 72 45 0
0 72 0 240
0 64 35 120
0 64 0 120
0 76 38 0
0 76 0 120
0 75 34 0
0 75 0 120
0 76 41 0
0 76 0 120
0 75 37 0
0 75 0 120
0 76 46 0
0 76 0 120
0 71 39 0
0 71 0 120
0 74 48 0
0 74 0 120
0 72 39 0
0 72 0 120
0 69 48 0
0 69 0 240
0 60 34 120
0 60 0 120
0 64 37 0
0 64 0 120
0 69 41 0
0 69 0 120
0 71 45 0
0 71 0 240
0 64 37 120
0 64 0 120
0 72 40 0
0 72 0 120
0 71 38 0
0 71 0 120
0 69 36 0
0 69 0 240
0 45 37 1440
0 45 0 84
0 52 33 0
0 52 0 120
0 57 33 0
0 57 0 120
0 40 40 360
0 40 0 63
0 52 33 0
0 52 0 120
0 56 34 0
0 56 0 120
0 45 38 360
0 45 0 69
0 52 35 0
0 52 0 120
0 57 35 0
0 57 0 120
0 45 36 1046
0 45 0 70
0 52 35 0
0 52 0 120
0 57 34 0
0 57 0 120
0 40 38 360
0 40 0 51
0 52 35 0
0 52 0 120
0 56 36 0
0 56 0 120
0 45 38 360
0 45 0 64
0 52 32 0
0 52 0 120
0 57 32 0
0 57 0 120
0 45 37 1057
0 45 0 77
0 52 33 0
0 52 0 120
0 57 33 0
0 57 0 120
0 40 40 360
0 40 0 63
0 52 33 0
0 52 0 120
0 56 34 0
0 56 0 120
0 45 38 360
0 45 0 69
0 52 35 0
0 52 0 120
0 57 35 0
0 57 0 120
0 45 38 1046
0 45 0 56
0 52 35 0
0 52 0 120
0 57 34 0
0 57 0 120
0 40 38 360
0 40 0 51
0 52 37 0
0 52 0 120
0 56 37 0
0 56 0 120
0 45 38 360
0 45 0 64
0 52 32 0
0 52 0 120
0 57 32 0
0 57 0 78
0 48 44 360
0 48 0 51
0 55 38 0
0 55 0 120
0 60 39 0
0 60 0 120
0 43 44 360
0 43 0 51
0 55 38 0
0 55 0 120
0 59 39 0
0 59 0 120
0 45 44 360
0 45 0 51
0 52 38 0
0 52 0 120
0 57 39 0
0 57 0 120
0 40 44 360
0 40 0 51
0 52 38 0
0 52 0 120
0 64 39 0
0 64 0 90
0 64 39 270
0 64 0 120
0 76 44 0
0 76 0 90
0 75 42 42
0 75 0 120
0 76 50 0
0 76 0 90
0 75 39 270
0 75 0 120
0 76 41 0
0 76 0 90
0 45 36 1110
0 45 0 70
0 52 33 0
0 52 0 120
0 57 33 0
0 57 0 120
0 40 40 360
0 40 0 63
0 52 33 0
0 52 0 120
0 56 34 0
0 56 0 120
0 45 38 360
0 45 0 69
0 52 35 0
0 52 0 120
0 57 35 0
0 57 0 120
0 45 38 1046
0 45 0 63
0 52 35 0
0 52 0 120
0 57 34 0
0 57 0 120
0 40 38 360
0 40 0 51
0 52 37 0
0 52 0 120
0 56 37 0
0 56 0 120
0 45 38 360
0 45 0 64
0 52 32 0
0 52 0 120
0 57 32 0
0 57 0 120
0 48 44 337
0 48 0 51
0 55 38 0
0 55 0 120
0 60 39 0
0 60 0 120
0 43 44 360
0 43 0 51
0 55 38 0
0 55 0 120
0 59 39 0
0 59 0 120
0 45 44 360
0 45 0 51
0 52 38 0
0 52 0 120
0 57 39 0
0 57 0 120
0 40 44 360
0 40 0 51
0 52 38 0
0 52 0 120
0 64 39 0
0 64 0 90
0 64 39 270
0 64 0 120
0 76 44 0
0 76 0 90
0 75 42 42
0 75 0 120
0 76 50 0
0 76 0 90
0 75 39 270
0 75 0 120
0 76 41 0
0 76 0 90
0 45 34 1110
0 45 0 70
0 52 32 0
0 52 0 120
0 57 32 0
0 57 0 120
0 40 38 360
0 40 0 63
0 52 33 0
0 52 0 120
0 56 34 0
0 56 0 120
0 45 38 360
0 45 0 69
0 52 35 0
0 52 0 120
0 57 35 0
0 57 0 120
0 45 38 1046
0 45 0 63
0 52 35 0
0 52 0 120
0 57 34 0
0 57 0 120
0 40 38 360
0 40 0 51
0 52 37 0
0 52 0 120
0 56 37 0
0 56 0 120
0 45 38 360
0 45 0 64
0 52 32 0
0 52 0 120
0 57 32 0
0 57 0 120
0 58 34 0
0 60 34 0
0 60 0 90
0 58 0 0
0 57 34 30
0 60 34 0
0 60 0 90
0 57 0 0
0 55 34 30
0 58 34 0
0 60 34 0
0 60 0 60
0 58 0 0
0 55 0 0
0 53 44 22
0 53 0 120
0 57 38 0
0 57 0 120
0 60 36 0
0 60 0 120
0 57 37 0
0 57 0 120
0 60 37 0
0 60 0 120
0 57 37 0
0 57 0 120
0 53 44 0
0 53 0 42
0 58 38 0
0 58 0 120
0 62 37 0
0 62 0 120
0 58 37 0
0 58 0 120
0 62 37 0
0 62 0 120
0 58 38 0
0 58 0 120
0 53 44 0
0 53 0 70
0 64 37 0
0 64 0 120
0 53 36 0
0 58 36 0
0 55 36 0
0 55 0 120
0 58 0 0
0 53 0 0
0 64 36 0
0 64 0 120
0 53 36 0
0 55 36 0
0 58 36 0
0 58 0 120
0 55 0 0
0 53 0 0
0 64 36 0
0 64 0 120
0 53 44 0
0 53 0 49
0 57 36 0
0 57 0 120
0 60 36 0
0 60 0 120
0 57 36 0
0 57 0 120
0 60 36 0
0 60 0 120
0 57 36 0
0 57 0 120
0 53 42 0
0 53 0 46
0 57 34 0
0 57 0 120
0 60 35 0
0 60 0 120
0 57 36 0
0 57 0 120
0 60 38 0
0 60 0 120
0 57 39 0
0 57 0 120
0 52 49 0
0 52 0 42
0 57 38 0
0 57 0 120
0 60 38 0
0 60 0 120
0 57 38 0
0 57 0 120
0 50 38 0
0 62 38 0
0 62 0 49
0 50 0 0
0 53 38 0
0 53 0 120
0 55 47 0
0 55 0 42
0 64 38 0
0 64 0 120
0 55 40 0
0 55 0 120
0 64 38 0
0 64 0 120
0 55 41 0
0 55 0 71
0 65 38 0
0 65 0 120
0 60 45 0
0 64 45 0
0 64 0 208
0 60 0 0
0 65 40 11
0 67 40 0
0 67 0 90
0 65 0 0
0 64 43 30
0 67 43 0
0 67 0 90
0 64 0 0
0 62 46 30
0 65 46 0
0 67 46 0
0 67 0 90
0 65 0 0
0 62 0 0
0 60 49 30
0 64 49 0
0 67 49 0
0 67 0 240
0 64 0 0
0 60 0 0
0 53 42 0
0 57 42 0
0 57 0 240
0 53 0 0
0 55 42 0
0 59 42 0
0 59 0 240
0 55 0 0
0 60 45 0
0 60 0 208
0 65 40 11
0 67 40 0
0 67 0 90
0 65 0 0
0 64 43 30
0 67 43 0
0 67 0 90
0 64 0 0
0 62 46 30
0 65 46 0
0 67 46 0
0 67 0 90
0 65 0 0
0 62 0 0
0 60 49 30
0 64 49 0
0 67 49 0
0 67 0 240
0 64 0 0
0 60 0 0
0 53 42 0
0 57 42 0
0 57 0 240
0 53 0 0
0 55 42 0
0 59 42 0
0 59 0 240
0 55 0 0
0 59 42 0
0 56 42 0
0 56 0 240
0 59 0 0
0 75 42 1800
0 75 0 120
0 76 48 0
0 76 0 90
0 75 35 270
0 75 0 120
0 76 37 0
0 76 0 90
0 45 35 870
0 45 0 56
0 52 31 0
0 52 0 120
0 57 31 0
0 57 0 120
0 40 40 360
0 40 0 63
0 52 33 0
0 52 0 120
0 56 34 0
0 56 0 120
0 45 38 360
0 45 0 69
0 52 35 0
0 52 0 120
0 57 35 0
0 57 0 120
0 45 38 1046
0 45 0 63
0 52 35 0
0 52 0 120
0 57 34 0
0 57 0 120
0 40 38 360
0 40 0 51
0 52 37 0
0 52 0 120
0 56 37 0
0 56 0 120
0 45 38 360
0 45 0 64
0 52 32 0
0 52 0 120
0 57 32 0
0 57 0 78
0 48 44 360
0 48 0 51
0 55 38 0
0 55 0 120
0 60 39 0
0 60 0 120
0 43 44 360
0 43 0 51
0 55 38 0
0 55 0 120
0 59 39 0
0 59 0 120
0 45 44 360
0 45 0 51
0 52 38 0
0 52 0 120
0 57 39 0
0 57 0 120
0 40 44 360
0 40 0 51
0 52 38 0
0 52 0 120
0 64 39 0
0 64 0 90
0 64 39 270
0 64 0 120
0 76 44 0
0 76 0 90
0 75 42 42
0 75 0 120
0 76 50 0
0 76 0 90
0 75 39 270
0 75 0 120
0 76 41 0
0 76 0 90
0 45 35 1110
0 45 0 56
0 52 33 0
0 52 0 120
0 57 33 0
0 57 0 120
0 40 37 360
0 40 0 63
0 52 33 0
0 52 0 120
0 56 34 0
0 56 0 120
0 45 38 360
0 45 0 69
0 52 33 0
0 52 0 120
0 57 33 0
0 57 0 120
0 45 36 1046
0 45 0 63
0 52 35 0
0 52 0 120
0 57 34 0
0 57 0 120
0 40 38 360
0 40 0 51
0 52 37 0
0 52 0 120
0 56 37 0
0 56 0 120
0 45 38 360
0 45 0 72
0 45 35 30
0 45 0 90
0 45 38 30
0 45 0 90
0 45 34 30
0 45 0 90
0 45 38 30
0 45 0 90
0 45 35 30
0 45 0 90
0 45 44 30
0 45 0 90
0 45 38 30
0 45 0 90
0 45 45 30
0 45 0 90
0 45 39 30
0 45 0 90
0 45 46 30
0 45 0 90
0 45 40 30
0 45 0 90
0 45 47 30
0 45 0 90
0 45 42 30
0 45 0 90
0 45 48 30
0 45 0 90
0 45 43 30
0 45 0 90
0 45 50 30
0 45 0 90
0 45 47 30
0 45 0 90
0 45 53 30
0 45 0 90
0 45 48 30
0 45 0 90
0 45 53 30
0 45 0 90
0 45 50 30
0 45 0 90
0 45 54 30
0 45 0 90
0 45 50 30
0 45 0 90
0 45 55 30
0 45 0 90
0 45 49 30
0 45 0 90
0 45 55 30
0 45 0 90
0 45 51 30
0 45 0 90
0 45 55 30
0 45 0 90
0 45 52 30
0 45 0 90
0 38 50 30
0 45 60 0
0 45 0 90
0 38 0 0
0 38 46 30
0 45 55 0
0 45 0 90
0 38 0 0
0 38 49 30
0 45 58 0
0 45 0 90
0 38 0 0
0 38 46 30
0 45 55 0
0 45 0 90
0 38 0 0
0 38 48 30
0 45 57 0
0 45 0 90
0 38 0 0
0 38 44 30
0 45 52 0
0 45 0 90
0 38 0 0
0 39 46 30
0 45 55 0
0 45 0 90
0 39 0 0
0 39 42 30
0 45 50 0
0 45 0 90
0 39 0 0
0 39 45 30
0 45 53 0
0 45 0 90
0 39 0 0
0 39 41 30
0 45 49 0
0 45 0 90
0 39 0 0
0 39 42 30
0 45 51 0
0 45 0 90
0 39 0 0
0 39 42 30
0 45 50 0
0 45 0 90
0 39 0 0
0 40 47 30
0 45 56 0
0 45 0 90
0 40 0 0
0 40 41 30
0 45 49 0
0 45 0 90
0 40 0 0
0 40 44 30
0 45 52 0
0 45 0 90
0 40 0 0
0 40 41 30
0 45 49 0
0 45 0 90
0 40 0 0
0 44 50 30
0 40 42 0
0 40 0 90
0 44 0 0
0 44 50 30
0 40 42 0
0 40 0 90
0 44 0 0
0 33 42 30
0 45 50 0
0 45 0 90
0 33 0 0
0 45 42 30
0 45 0 90
0 45 45 30
0 45 0 90
0 45 42 30
0 45 0 90
0 45 44 30
0 45 0 90
0 45 42 30
0 45 0 90
0 45 44 30
0 45 0 90
0 45 38 30
0 45 0 90
0 45 45 30
0 45 0 90
0 45 39 30
0 45 0 90
0 45 46 30
0 45 0 90
0 45 40 30
0 45 0 90
0 45 47 30
0 45 0 90
0 45 42 30
0 45 0 90
0 45 48 30
0 45 0 90
0 45 43 30
0 45 0 90
0 45 50 30
0 45 0 90
0 45 47 30
0 45 0 90
0 45 53 30
0 45 0 90
0 45 48 30
0 45 0 90
0 45 53 30
0 45 0 90
0 45 50 30
0 45 0 90
0 45 54 30
0 45 0 90
0 45 50 30
0 45 0 90
0 46 55 30
0 46 0 90
0 46 49 30
0 46 0 90
0 46 55 30
0 46 0 90
0 46 51 30
0 46 0 90
0 46 55 30
0 46 0 90
0 46 52 30
0 46 0 90
0 46 60 30
0 46 0 90
0 46 55 30
0 46 0 90
0 46 58 30
0 46 0 90
0 46 55 30
0 46 0 90
0 46 57 30
0 46 0 90
0 46 52 30
0 46 0 90
0 46 55 30
0 46 0 90
0 46 50 30
0 46 0 90
0 46 53 30
0 46 0 90
0 46 49 30
0 46 0 90
0 46 51 30
0 46 0 90
0 46 50 30
0 46 0 90
0 47 56 30
0 47 0 90
0 47 49 30
0 47 0 90
0 47 52 30
0 47 0 90
0 47 49 30
0 47 0 90
0 47 50 30
0 47 0 90
0 47 50 30
0 47 0 90
0 48 55 30
0 48 0 480
0 52 39 240
0 56 44 0
0 56 0 240
0 52 0 0
0 33 35 480
0 33 0 208
0 64 32 240
0 60 27 0
0 57 27 0
0 57 0 240
0 60 0 0
0 64 0 0
0 64 33 0
0 60 28 0
0 57 28 0
0 57 0 240
0 60 0 0
0 64 0 0
0 64 32 240
0 60 27 0
0 57 27 0
0 57 0 240
0 60 0 0
0 64 0 0
0 64 34 0
0 60 28 0
0 57 28 0
0 57 0 240
0 60 0 0
0 64 0 0
0 64 32 240
0 60 27 0
0 57 27 0
0 57 0 240
0 60 0 0
0 64 0 0
0 64 33 0
0 60 28 0
0 57 28 0
0 57 0 240
0 60 0 0
0 64 0 0
0 45 37 720
0 45 0 77
0 52 33 0
0 52 0 120
0 57 33 0
0 57 0 120
0 40 40 360
0 40 0 63
0 52 33 0
0 52 0 120
0 56 34 0
0 56 0 120
0 45 38 360
0 45 0 69
0 52 35 0
0 52 0 120
0 57 35 0
0 57 0 120
0 45 38 1046
0 45 0 63
0 52 35 0
0 52 0 120
0 57 34 0
0 57 0 120
0 40 38 360
0 40 0 51
0 52 37 0
0 52 0 120
0 56 37 0
0 56 0 120
0 45 38 360
0 45 0 64
0 52 32 0
0 52 0 120
0 57 32 0
0 57 0 78
0 48 44 360
0 48 0 51
0 55 38 0
0 55 0 120
0 60 39 0
0 60 0 120
0 43 44 360
0 43 0 51
0 55 38 0
0 55 0 120
0 59 39 0
0 59 0 120
0 45 44 360
0 45 0 51
0 52 38 0
0 52 0 120
0 57 39 0
0 57 0 120
0 40 44 360
0 40 0 51
0 52 38 0
0 52 0 120
0 64 39 0
0 64 0 90
0 64 39 270
0 64 0 120
0 76 44 0
0 76 0 90
0 75 42 42
0 75 0 120
0 76 50 0
0 76 0 90
0 75 39 270
0 75 0 120
0 76 41 0
0 76 0 90
0 45 36 1110
0 45 0 49
0 52 33 0
0 52 0 120
0 57 33 0
0 57 0 120
0 40 40 360
0 40 0 63
0 52 33 0
0 52 0 120
0 56 34 0
0 56 0 120
0 45 38 360
0 45 0 69
0 52 35 0
0 52 0 120
0 57 35 0
0 57 0 120
0 45 38 1046
0 45 0 70
0 52 35 0
0 52 0 120
0 57 34 0
0 57 0 120
0 40 38 360
0 40 0 51
0 52 37 0
0 52 0 120
0 56 37 0
0 56 0 120
0 33 17 360
0 45 25 0
0 45 0 147
0 33 0 0
