0 76 42 480
0 79 50 0
0 79 0 60
0 76 0 0
0 76 36 180
0 79 43 0
0 79 0 60
0 76 0 0
0 72 40 180
0 76 48 0
0 76 0 180
0 72 0 0
0 74 42 300
0 77 50 0
0 77 0 60
0 74 0 0
0 74 37 180
0 77 44 0
0 77 0 60
0 74 0 0
0 71 41 180
0 74 49 0
0 74 0 180
0 71 0 0
0 72 54 300
0 74 49 120
0 72 0 12
0 76 53 108
0 74 0 12
0 72 49 108
0 76 0 12
0 69 55 108
0 72 0 12
0 71 57 108
0 69 0 12
0 72 60 108
0 71 0 12
0 73 63 108
0 72 0 12
0 74 66 108
0 73 0 12
0 76 59 108
0 74 0 12
0 77 66 108
0 76 0 12
0 74 60 108
0 77 0 12
0 72 64 108
0 74 0 12
0 71 59 108
0 72 0 12
0 69 53 108
0 71 0 12
0 67 48 108
0 69 0 12
0 67 0 108
0 76 59 0
0 79 59 0
0 79 0 60
0 76 0 0
0 76 48 180
0 79 48 0
0 79 0 60
0 76 0 0
0 72 59 180
0 76 59 0
0 76 0 180
0 72 0 0
0 77 63 300
0 81 63 0
0 81 0 60
0 77 0 0
0 77 55 180
0 81 55 0
0 81 0 60
0 77 0 0
0 71 63 180
0 74 63 0
0 74 0 180
0 71 0 0
0 81 70 300
0 79 68 120
0 81 0 12
0 77 65 108
0 79 0 12
0 76 63 108
0 77 0 12
0 76 0 108
0 73 60 0
0 74 62 120
0 73 0 12
0 76 66 108
0 74 0 12
0 77 58 108
0 76 0 12
0 77 0 108
0 69 60 0
0 69 0 120
0 72 52 0
0 72 0 120
0 71 58 0
0 71 0 120
0 74 50 0
0 74 0 120
0 72 56 0
0 72 0 240
0 76 42 240
0 79 50 0
0 79 0 60
0 76 0 0
0 76 36 180
0 79 43 0
0 79 0 60
0 76 0 0
0 72 40 180
0 76 48 0
0 76 0 180
0 72 0 0
0 74 42 300
0 77 50 0
0 77 0 60
0 74 0 0
0 74 37 180
0 77 44 0
0 77 0 60
0 74 0 0
0 71 41 180
0 74 49 0
0 74 0 180
0 71 0 0
0 72 55 300
0 74 49 120
0 72 0 12
0 76 54 108
0 74 0 12
0 72 49 108
0 76 0 12
0 69 51 108
0 72 0 12
0 71 55 108
0 69 0 12
0 72 59 108
0 71 0 12
0 73 62 108
0 72 0 12
0 74 66 108
0 73 0 12
0 76 60 108
0 74 0 12
0 77 65 108
0 76 0 12
0 74 63 108
0 77 0 12
0 72 60 108
0 74 0 12
0 71 57 108
0 72 0 12
0 69 54 108
0 71 0 12
0 67 49 108
0 69 0 12
0 67 0 108
0 76 56 0
0 79 56 0
0 79 0 60
0 76 0 0
0 76 49 180
0 79 49 0
0 79 0 60
0 76 0 0
0 72 55 180
0 76 55 0
0 76 0 180
0 72 0 0
0 77 66 300
0 81 66 0
0 81 0 60
0 77 0 0
0 77 57 180
0 81 57 0
0 81 0 60
0 77 0 0
0 71 63 180
0 74 63 0
0 74 0 180
0 71 0 0
0 81 68 300
0 79 65 120
0 81 0 12
0 77 63 108
0 79 0 12
0 76 61 108
0 77 0 12
0 76 0 108
0 73 56 0
0 74 58 120
0 73 0 12
0 76 59 108
0 74 0 12
0 77 56 108
0 76 0 12
0 77 0 108
0 69 60 0
0 69 0 120
0 72 52 0
0 72 0 120
0 71 58 0
0 71 0 120
0 74 50 0
0 74 0 120
0 72 56 0
0 72 0 240
0 76 61 240
0 78 56 120
0 76 0 12
0 79 53 108
0 78 0 12
0 79 0 48
0 79 53 60
0 79 0 60
0 81 62 60
0 79 58 120
0 81 0 12
0 78 56 108
0 79 0 12
0 76 55 108
0 78 0 12
0 76 0 108
0 74 61 0
0 74 0 60
0 74 54 60
0 74 0 60
0 74 54 60
0 74 0 60
0 74 54 60
0 74 0 60
0 76 66 60
0 74 59 120
0 76 0 12
0 72 58 108
0 74 0 12
0 71 57 108
0 72 0 12
0 71 0 108
0 88 74 0
0 86 66 120
0 88 0 12
0 84 65 108
0 86 0 12
0 83 64 108
0 84 0 12
0 83 0 108
0 80 75 0
0 81 67 120
0 80 0 12
0 83 65 108
0 81 0 12
0 84 65 108
0 83 0 12
0 84 0 108
0 76 74 0
0 78 68 120
0 76 0 12
0 79 62 108
0 78 0 12
0 81 65 108
0 79 0 12
0 81 0 108
0 79 74 0
0 78 70 120
0 79 0 12
0 76 62 108
0 78 0 12
0 74 63 108
0 76 0 12
0 74 0 108
0 83 63 0
0 86 75 0
0 86 0 60
0 83 0 0
0 83 58 180
0 86 69 0
0 86 0 60
0 83 0 0
0 79 63 180
0 83 75 0
0 83 0 180
0 79 0 0
0 81 60 300
0 84 71 0
0 84 0 60
0 81 0 0
0 81 54 180
0 84 64 0
0 84 0 60
0 81 0 0
0 78 59 180
0 81 70 0
0 81 0 180
0 78 0 0
0 79 68 300
0 81 68 120
0 79 0 12
0 83 72 108
0 81 0 12
0 79 67 108
0 83 0 12
0 79 0 108
0 75 61 0
0 76 63 120
0 75 0 12
0 79 66 108
0 76 0 12
0 76 59 108
0 79 0 12
0 76 0 108
0 74 62 0
0 74 0 120
0 71 56 0
0 71 0 120
0 72 58 0
0 72 0 120
0 69 50 0
0 69 0 120
0 67 56 0
0 67 0 120
0 67 54 360
0 67 0 120
0 69 56 0
0 69 0 120
0 71 58 0
0 71 0 120
0 72 59 0
0 72 0 120
0 74 61 0
0 74 0 120
0 71 62 360
0 71 0 120
0 72 65 0
0 72 0 120
0 74 69 0
0 74 0 120
0 76 72 0
0 76 0 120
0 77 75 0
0 77 0 120
0 74 64 360
0 74 0 120
0 76 67 0
0 76 0 120
0 77 71 0
0 77 0 120
0 79 74 0
0 79 0 120
0 81 77 0
0 81 0 60
0 80 69 180
0 80 0 60
0 79 66 180
0 79 0 60
0 78 60 180
0 78 0 60
0 77 59 180
0 77 0 240
0 76 42 240
0 79 50 0
0 79 0 60
0 76 0 0
0 76 36 180
0 79 43 0
0 79 0 60
0 76 0 0
0 72 40 180
0 76 48 0
0 76 0 180
0 72 0 0
0 74 42 300
0 77 50 0
0 77 0 60
0 74 0 0
0 74 37 180
0 77 44 0
0 77 0 60
0 74 0 0
0 71 41 180
0 74 49 0
0 74 0 180
0 71 0 0
0 72 55 300
0 74 47 120
0 72 0 12
0 76 54 108
0 74 0 12
0 72 47 108
0 76 0 12
0 69 50 108
0 72 0 12
0 71 54 108
0 69 0 12
0 72 58 108
0 71 0 12
0 73 61 108
0 72 0 12
0 74 66 108
0 73 0 12
0 76 58 108
0 74 0 12
0 77 63 108
0 76 0 12
0 74 56 108
0 77 0 12
0 72 62 108
0 74 0 12
0 71 59 108
0 72 0 12
0 69 54 108
0 71 0 12
0 67 51 108
0 69 0 12
0 67 0 108
0 76 54 0
0 79 54 0
0 79 0 60
0 76 0 0
0 76 45 180
0 79 45 0
0 79 0 60
0 76 0 0
0 72 53 180
0 76 53 0
0 76 0 180
0 72 0 0
0 77 62 300
0 81 62 0
0 81 0 60
0 77 0 0
0 77 56 180
0 81 56 0
0 81 0 60
0 77 0 0
0 71 66 180
0 74 66 0
0 74 0 180
0 71 0 0
0 81 73 300
0 79 70 120
0 81 0 12
0 77 67 108
0 79 0 12
0 76 64 108
0 77 0 12
0 76 0 108
0 73 56 0
0 74 60 120
0 73 0 12
0 76 64 108
0 74 0 12
0 77 56 108
0 76 0 12
0 77 0 108
0 69 60 0
0 69 0 120
0 72 52 0
0 72 0 120
0 71 58 0
0 71 0 120
0 74 50 0
0 74 0 120
0 72 56 0
0 72 0 240
0 76 57 720
0 75 52 120
0 76 0 12
0 77 58 108
0 75 0 12
0 76 50 108
0 77 0 12
0 76 0 108
0 76 55 480
0 75 47 120
0 76 0 12
0 77 53 108
0 75 0 12
0 76 47 108
0 77 0 12
0 76 0 108
0 84 72 0
0 76 59 0
0 76 0 60
0 84 0 0
0 84 68 180
0 76 56 0
0 76 0 60
0 84 0 0
0 81 73 180
0 72 64 0
0 72 0 120
0 81 0 0
0 74 62 360
0 83 73 0
0 83 0 60
0 74 0 0
0 74 54 180
0 83 64 0
0 83 0 60
0 74 0 0
0 71 62 180
0 80 73 0
0 80 0 120
0 71 0 0
0 81 68 360
0 81 0 120
0 76 54 0
0 76 0 120
0 72 54 0
0 72 0 120
0 69 52 0
0 69 0 120
0 72 64 0
0 72 0 120
0 70 56 0
0 70 0 115
0 70 56 5
0 70 0 60
0 70 52 60
0 70 0 120
0 74 68 0
0 74 0 120
0 73 56 0
0 73 0 115
0 73 56 5
0 73 0 60
0 73 56 60
0 73 0 60
0 76 71 60
0 76 0 120
0 74 59 0
0 74 0 60
0 77 68 60
0 77 0 120
0 76 59 0
0 76 0 60
0 79 74 60
0 79 0 120
0 77 55 0
0 77 0 60
0 77 71 60
0 77 0 120
0 76 60 0
0 76 0 60
0 76 72 60
0 76 0 120
0 75 62 0
0 75 0 60
0 84 78 60
0 84 0 480
0 75 56 0
0 75 0 240
0 76 66 0
0 76 0 240
0 83 66 240
0 83 0 120
0 80 62 0
0 80 0 120
0 76 62 0
0 76 0 120
0 74 58 0
0 74 0 120
0 72 66 0
0 72 0 120
0 76 61 0
0 76 0 120
0 81 61 0
0 81 0 120
0 80 60 0
0 80 0 120
0 81 70 0
0 81 0 120
0 76 63 0
0 76 0 120
0 72 63 0
0 72 0 120
0 69 59 0
0 69 0 120
0 68 70 0
0 68 0 120
0 71 63 0
0 71 0 120
0 76 62 0
0 76 0 120
0 80 59 0
0 80 0 120
0 83 71 0
0 83 0 120
0 80 62 0
0 80 0 120
0 76 62 0
0 76 0 120
0 74 59 0
0 74 0 120
0 72 70 0
0 72 0 120
0 76 63 0
0 76 0 120
0 81 63 0
0 81 0 120
0 80 59 0
0 80 0 120
0 81 66 0
0 81 0 120
0 76 62 0
0 76 0 120
0 72 62 0
0 72 0 120
0 69 59 0
0 69 0 120
0 64 70 0
0 64 0 240
0 72 39 240
0 76 46 0
0 76 0 60
0 72 0 0
0 72 34 180
0 76 41 0
0 76 0 60
0 72 0 0
0 69 24 180
0 72 50 0
0 72 0 120
0 69 0 0
0 71 39 360
0 74 47 0
0 74 0 60
0 71 0 0
0 71 33 180
0 74 39 0
0 74 0 60
0 71 0 0
0 68 40 180
0 71 48 0
0 71 0 120
0 68 0 0
0 64 57 840
0 63 52 120
0 64 0 12
0 65 57 108
0 63 0 12
0 64 52 108
0 65 0 12
0 64 0 108
0 88 76 480
0 88 0 120
0 87 64 0
0 87 0 120
0 89 68 0
0 89 0 120
0 88 62 0
0 88 0 120
0 86 73 0
0 86 0 120
0 85 63 0
0 85 0 120
0 88 71 0
0 88 0 120
0 86 59 0
0 86 0 115
0 86 72 5
0 86 0 120
0 84 62 0
0 84 0 90
0 84 67 30
0 84 0 60
0 83 61 60
0 83 0 120
0 83 71 0
0 83 0 90
0 81 59 30
0 81 0 120
0 81 68 0
0 81 0 60
0 79 57 60
0 79 0 60
0 79 69 60
0 79 0 120
0 77 57 0
0 77 0 60
0 77 65 60
0 77 0 120
0 76 57 0
0 76 0 60
0 76 64 60
0 76 0 120
0 74 56 0
0 74 0 60
0 74 62 60
0 74 0 120
0 72 55 0
0 72 0 60
0 70 66 60
0 70 0 120
0 77 54 0
0 77 0 120
0 74 57 0
0 74 0 120
0 70 53 0
0 70 0 120
0 69 60 0
0 69 0 240
0 68 56 0
0 68 0 240
0 69 66 0
0 69 0 240
0 68 66 240
0 68 0 120
0 74 62 0
0 74 0 120
0 71 62 0
0 71 0 120
0 68 58 0
0 68 0 120
0 69 66 0
0 69 0 240
0 68 70 240
0 68 0 120
0 74 63 0
0 74 0 120
0 71 63 0
0 71 0 120
0 68 59 0
0 68 0 120
0 69 66 0
0 69 0 240
0 68 66 240
0 68 0 120
0 74 60 0
0 74 0 120
0 71 60 0
0 71 0 120
0 68 54 0
0 68 0 120
0 69 69 0
0 69 0 120
0 76 64 0
0 76 0 120
0 72 64 0
0 72 0 120
0 69 58 0
0 69 0 120
0 71 77 0
0 71 0 120
0 77 66 0
0 77 0 120
0 74 66 0
0 74 0 120
0 71 59 0
0 71 0 120
0 76 42 480
0 79 50 0
0 79 0 60
0 76 0 0
0 76 36 180
0 79 43 0
0 79 0 60
0 76 0 0
0 72 40 180
0 76 48 0
0 76 0 180
0 72 0 0
0 74 42 300
0 77 50 0
0 77 0 60
0 74 0 0
0 74 37 180
0 77 44 0
0 77 0 60
0 74 0 0
0 71 41 180
0 74 49 0
0 74 0 180
0 71 0 0
0 72 53 300
0 74 47 120
0 72 0 12
0 76 53 108
0 74 0 12
0 72 47 108
0 76 0 12
0 69 50 108
0 72 0 12
0 71 53 108
0 69 0 12
0 72 58 108
0 71 0 12
0 73 62 108
0 72 0 12
0 74 66 108
0 73 0 12
0 76 56 108
0 74 0 12
0 77 62 108
0 76 0 12
0 74 60 108
0 77 0 12
0 72 67 108
0 74 0 12
0 71 62 108
0 72 0 12
0 69 58 108
0 71 0 12
0 67 47 108
0 69 0 12
0 67 0 108
0 76 42 0
0 79 50 0
0 79 0 60
0 76 0 0
0 76 36 180
0 79 43 0
0 79 0 60
0 76 0 0
0 72 40 180
0 76 48 0
0 76 0 180
0 72 0 0
0 77 62 300
0 81 62 0
0 81 0 60
0 77 0 0
0 77 55 180
0 81 55 0
0 81 0 60
0 77 0 0
0 71 60 180
0 74 60 0
0 74 0 180
0 71 0 0
0 81 70 300
0 79 67 120
0 81 0 12
0 77 64 108
0 79 0 12
0 76 61 108
0 77 0 12
0 76 0 108
0 73 57 0
0 74 58 120
0 73 0 12
0 76 59 108
0 74 0 12
0 77 56 108
0 76 0 12
0 77 0 108
0 69 60 0
0 69 0 120
0 72 52 0
0 72 0 120
0 71 58 0
0 71 0 120
0 74 50 0
0 74 0 120
0 72 56 0
0 72 0 240
0 71 61 240
0 71 0 120
0 77 56 0
0 77 0 120
0 74 56 0
0 74 0 120
0 71 56 0
0 71 0 120
0 81 61 0
0 81 0 120
0 79 57 0
0 79 0 120
0 77 59 0
0 77 0 120
0 76 61 0
0 76 0 120
0 74 68 0
0 74 0 120
0 77 62 0
0 77 0 120
0 74 61 0
0 74 0 120
0 71 61 0
0 71 0 120
0 81 72 0
0 81 0 120
0 79 61 0
0 79 0 120
0 77 61 0
0 77 0 120
0 76 61 0
0 76 0 120
0 86 74 0
0 86 0 120
0 84 64 0
0 84 0 120
0 83 64 0
0 83 0 120
0 81 64 0
0 81 0 115
0 81 71 5
0 81 0 120
0 79 61 0
0 79 0 120
0 77 61 0
0 77 0 60
0 76 61 60
0 76 0 60
0 76 67 60
0 76 0 120
0 74 57 0
0 74 0 120
0 72 57 0
0 72 0 60
0 71 57 60
0 71 0 60
0 74 61 60
0 74 0 240
0 72 57 0
0 72 0 240
0 71 61 0
0 71 0 120
0 77 56 0
0 77 0 120
0 74 56 0
0 74 0 120
0 71 56 0
0 71 0 120
0 81 61 0
0 81 0 120
0 79 57 0
0 79 0 120
0 77 59 0
0 77 0 120
0 76 61 0
0 76 0 120
0 74 68 0
0 74 0 120
0 77 62 0
0 77 0 120
0 74 61 0
0 74 0 120
0 71 61 0
0 71 0 120
0 81 72 0
0 81 0 120
0 79 61 0
0 79 0 120
0 77 61 0
0 77 0 120
0 76 61 0
0 76 0 120
0 86 77 0
0 86 0 120
0 84 64 0
0 84 0 120
0 83 64 0
0 83 0 120
0 81 64 0
0 81 0 115
0 81 80 5
0 81 0 120
0 79 69 0
0 79 0 120
0 77 70 0
0 77 0 60
0 76 71 60
0 76 0 60
0 76 83 60
0 76 0 120
0 74 71 0
0 74 0 120
0 72 69 0
0 72 0 60
0 71 75 60
0 71 0 60
0 72 86 60
0 72 0 120
0 76 75 0
0 76 0 120
0 67 80 0
0 67 0 120
0 72 75 0
0 72 0 120
0 64 80 0
0 64 0 120
0 67 75 0
0 67 0 120
0 60 80 0
0 60 0 120
0 64 75 0
0 64 0 120
0 67 71 0
0 67 0 120
0 72 73 0
0 72 0 120
0 72 62 0
0 76 74 0
0 76 0 120
0 72 0 0
0 76 63 0
0 79 77 0
0 79 0 90
0 76 0 0
0 76 67 30
0 79 80 0
0 79 0 120
0 76 0 0
0 74 63 0
0 77 75 0
0 77 0 120
0 74 0 0
0 72 62 0
0 76 74 0
0 76 0 60
0 72 0 0
0 71 61 60
0 74 73 0
0 74 0 60
0 71 0 0
0 72 83 60
0 72 0 120
0 76 73 0
0 76 0 120
0 67 77 0
0 67 0 120
0 72 72 0
0 72 0 120
0 64 83 0
0 64 0 120
0 67 71 0
0 67 0 120
0 60 78 0
0 60 0 120
0 64 74 0
0 64 0 120
0 67 71 0
0 67 0 120
0 72 73 0
0 72 0 120
0 72 62 0
0 76 74 0
0 76 0 120
0 72 0 0
0 76 63 0
0 79 77 0
0 79 0 90
0 76 0 0
0 76 67 30
0 79 80 0
0 79 0 120
0 76 0 0
0 74 63 0
0 77 75 0
0 77 0 120
0 74 0 0
0 72 62 0
0 76 74 0
0 76 0 60
0 72 0 0
0 71 61 60
0 74 73 0
0 74 0 60
0 71 0 0
0 72 88 60
0 72 0 240
0 84 80 0
0 79 67 0
0 76 67 0
0 76 0 180
0 79 0 0
0 84 0 0
0 64 72 60
0 72 85 0
0 72 0 180
0 64 0 0
0 64 67 60
0 72 83 0
0 72 0 180
0 64 0 0
0 64 73 60
0 72 86 0
0 72 0 480
0 64 0 0
0 60 36 960
0 57 30 0
0 57 0 60
0 60 0 0
0 60 34 180
0 57 28 0
0 57 0 60
0 60 0 0
0 57 29 180
0 53 24 0
0 53 0 120
0 57 0 0
0 55 34 360
0 59 40 0
0 59 0 60
0 55 0 0
0 55 28 180
0 59 33 0
0 59 0 60
0 55 0 0
0 52 32 180
0 55 38 0
0 55 0 120
0 52 0 0
0 53 42 360
0 53 0 720
0 50 38 0
0 50 0 240
0 55 44 0
0 55 0 240
0 60 36 720
0 57 30 0
0 57 0 60
0 60 0 0
0 60 34 180
0 57 28 0
0 57 0 60
0 60 0 0
0 53 29 180
0 50 24 0
0 50 0 120
0 53 0 0
0 55 39 360
0 59 46 0
0 59 0 60
0 55 0 0
0 55 31 180
0 59 37 0
0 59 0 60
0 55 0 0
0 48 37 180
0 52 44 0
0 52 0 120
0 48 0 0
0 57 42 360
0 53 35 0
0 53 0 720
0 57 0 0
0 65 43 0
0 55 36 0
0 55 0 240
0 65 0 0
0 64 51 0
0 60 43 0
0 60 0 240
0 64 0 0
0 48 47 0
0 48 0 120
0 60 36 600
0 57 30 0
0 57 0 60
0 60 0 0
0 60 34 180
0 57 28 0
0 57 0 60
0 60 0 0
0 57 29 180
0 53 24 0
0 53 0 120
0 57 0 0
0 55 34 360
0 59 40 0
0 59 0 60
0 55 0 0
0 55 28 180
0 59 33 0
0 59 0 60
0 55 0 0
0 52 32 180
0 55 38 0
0 55 0 120
0 52 0 0
0 53 42 360
0 53 0 720
0 50 38 0
0 50 0 240
0 55 44 0
0 55 0 240
0 60 36 720
0 57 30 0
0 57 0 60
0 60 0 0
0 60 34 180
0 57 28 0
0 57 0 60
0 60 0 0
0 53 29 180
0 50 24 0
0 50 0 120
0 53 0 0
0 55 39 360
0 59 46 0
0 59 0 60
0 55 0 0
0 55 31 180
0 59 37 0
0 59 0 60
0 55 0 0
0 48 37 180
0 52 44 0
0 52 0 120
0 48 0 0
0 57 42 360
0 53 35 0
0 53 0 720
0 57 0 0
0 65 43 0
0 55 36 0
0 55 0 240
0 65 0 0
0 64 51 0
0 60 43 0
0 60 0 240
0 64 0 0
0 48 47 0
0 48 0 120
0 60 40 120
0 67 36 120
0 60 0 12
0 64 36 108
0 67 0 12
0 67 36 108
0 64 0 12
0 67 0 108
0 59 40 0
0 67 35 120
0 59 0 12
0 62 35 108
0 67 0 12
0 67 35 108
0 62 0 12
0 67 0 108
0 54 40 0
0 62 36 120
0 54 0 12
0 57 36 108
0 62 0 12
0 62 36 108
0 57 0 12
0 62 0 108
0 55 40 0
0 62 36 120
0 55 0 12
0 59 36 108
0 62 0 12
0 62 36 108
0 59 0 12
0 62 0 108
0 47 44 0
0 55 38 120
0 47 0 12
0 50 38 108
0 55 0 12
0 55 38 108
0 50 0 12
0 55 0 108
0 48 47 0
0 57 40 120
0 48 0 12
0 52 40 108
0 57 0 12
0 57 40 108
0 52 0 12
0 57 0 108
0 49 48 0
0 57 40 120
0 49 0 12
0 52 39 108
0 57 0 12
0 57 39 108
0 52 0 12
0 57 0 108
0 50 48 0
0 50 0 240
0 67 53 720
0 64 45 0
0 64 0 60
0 67 0 0
0 67 46 180
0 64 39 0
0 64 0 60
0 67 0 0
0 64 36 180
0 60 25 0
0 60 0 120
0 64 0 0
0 62 42 360
0 66 50 0
0 66 0 60
0 62 0 0
0 62 39 180
0 66 47 0
0 66 0 60
0 62 0 0
0 59 56 180
0 62 67 0
0 62 0 120
0 59 0 0
0 55 63 360
0 48 53 0
0 48 0 480
0 50 45 0
0 55 0 240
0 54 52 0
0 54 0 240
0 50 0 0
0 55 64 0
0 55 0 120
0 43 54 120
0 43 0 120
0 55 54 600
0 59 64 0
0 59 0 120
0 55 0 0
0 43 54 120
0 43 0 120
0 55 70 600
0 59 70 0
0 59 0 120
0 55 0 0
0 43 57 120
0 43 0 120
0 60 36 2520
0 57 30 0
0 57 0 60
0 60 0 0
0 60 34 180
0 57 28 0
0 57 0 60
0 60 0 0
0 57 29 180
0 53 24 0
0 53 0 120
0 57 0 0
0 55 34 360
0 59 40 0
0 59 0 60
0 55 0 0
0 55 28 180
0 59 33 0
0 59 0 60
0 55 0 0
0 52 32 180
0 55 38 0
0 55 0 120
0 52 0 0
0 53 42 360
0 53 0 720
0 50 38 0
0 50 0 240
0 55 44 0
0 55 0 240
0 60 36 720
0 57 30 0
0 57 0 60
0 60 0 0
0 60 34 180
0 57 28 0
0 57 0 60
0 60 0 0
0 53 29 180
0 50 24 0
0 50 0 120
0 53 0 0
0 55 39 360
0 59 46 0
0 59 0 60
0 55 0 0
0 55 31 180
0 59 37 0
0 59 0 60
0 55 0 0
0 48 37 180
0 52 44 0
0 52 0 120
0 48 0 0
0 57 42 360
0 53 35 0
0 53 0 720
0 57 0 0
0 65 43 0
0 55 36 0
0 55 0 240
0 65 0 0
0 64 51 0
0 60 43 0
0 60 0 240
0 64 0 0
0 48 47 0
0 48 0 120
0 64 53 120
0 60 45 0
0 60 0 60
0 64 0 0
0 64 44 180
0 60 37 0
0 60 0 60
0 64 0 0
0 60 45 180
0 57 38 0
0 57 0 120
0 60 0 0
0 59 40 360
0 62 48 0
0 62 0 60
0 59 0 0
0 59 32 180
0 62 38 0
0 62 0 60
0 59 0 0
0 56 40 180
0 59 48 0
0 59 0 120
0 56 0 0
0 64 60 840
0 63 53 120
0 64 0 12
0 65 58 108
0 63 0 12
0 64 52 108
0 65 0 12
0 64 0 108
0 64 58 480
0 63 50 120
0 64 0 12
0 65 57 108
0 63 0 12
0 64 50 108
0 65 0 12
0 64 0 103
0 60 60 5
0 64 60 0
0 64 0 480
0 60 0 0
0 62 48 0
0 65 57 0
0 65 0 480
0 62 0 0
0 64 49 0
0 67 58 0
0 67 0 480
0 64 0 0
0 65 62 0
0 69 52 0
0 65 0 240
0 61 58 0
0 61 0 240
0 62 64 0
0 62 0 240
0 64 60 0
0 64 0 240
0 69 0 0
0 69 67 0
0 65 57 0
0 65 0 240
0 69 0 0
0 65 36 240
0 69 43 0
0 69 0 240
0 65 0 0
0 52 43 240
0 52 0 120
0 64 39 0
0 64 0 120
0 56 39 0
0 56 0 120
0 64 39 0
0 64 0 120
0 59 46 0
0 59 0 120
0 64 39 0
0 64 0 120
0 56 39 0
0 56 0 120
0 64 39 0
0 64 0 120
0 52 47 0
0 52 0 120
0 64 41 0
0 64 0 120
0 57 41 0
0 57 0 120
0 64 41 0
0 64 0 120
0 60 48 0
0 60 0 120
0 64 40 0
0 64 0 120
0 57 40 0
0 57 0 120
0 64 40 0
0 64 0 120
0 52 52 0
0 52 0 120
0 64 42 0
0 64 0 120
0 56 42 0
0 56 0 120
0 64 42 0
0 64 0 120
0 59 52 0
0 59 0 120
0 64 43 0
0 64 0 120
0 56 43 0
0 56 0 120
0 64 43 0
0 64 0 120
0 52 51 0
0 52 0 120
0 64 43 0
0 64 0 120
0 57 43 0
0 57 0 120
0 64 43 0
0 64 0 120
0 60 52 0
0 60 0 120
0 64 43 0
0 64 0 120
0 57 43 0
0 57 0 120
0 64 43 0
0 64 0 118
0 52 51 2
0 52 0 240
0 64 46 720
0 63 39 120
0 64 0 12
0 65 46 108
0 63 0 12
0 64 39 108
0 65 0 12
0 64 0 108
0 64 45 480
0 63 39 120
0 64 0 12
0 65 46 108
0 63 0 12
0 64 39 108
0 65 0 12
0 64 0 108
0 52 50 0
0 60 59 0
0 60 0 60
0 52 0 0
0 52 44 180
0 60 54 0
0 60 0 60
0 52 0 0
0 48 51 180
0 57 60 0
0 57 0 120
0 48 0 0
0 50 48 360
0 59 57 0
0 59 0 60
0 50 0 0
0 50 41 180
0 59 49 0
0 59 0 60
0 50 0 0
0 47 51 180
0 56 60 0
0 56 0 120
0 47 0 0
0 56 39 360
0 59 47 0
0 59 0 480
0 56 0 0
0 57 42 0
0 60 50 0
0 60 0 240
0 57 0 0
0 59 42 0
0 62 50 0
0 62 0 240
0 59 0 0
0 60 43 0
0 64 51 0
0 60 0 240
0 61 43 0
0 61 0 240
0 64 0 0
0 62 55 0
0 69 46 0
0 62 0 240
0 64 51 0
0 64 0 240
0 65 57 0
0 65 0 240
0 64 53 0
0 64 0 240
0 69 0 0
0 65 59 0
0 62 50 0
0 62 0 480
0 65 0 0
0 52 36 0
0 60 43 0
0 60 0 240
0 59 43 0
0 59 0 240
0 52 0 0
0 57 43 0
0 57 0 120
0 60 39 0
0 60 0 120
0 64 39 0
0 64 0 120
0 60 39 0
0 60 0 120
0 52 46 0
0 52 0 120
0 59 39 0
0 59 0 120
0 62 39 0
0 62 0 120
0 59 39 0
0 59 0 120
0 57 47 0
0 57 0 120
0 60 41 0
0 60 0 120
0 64 41 0
0 64 0 120
0 60 41 0
0 60 0 120
0 52 48 0
0 52 0 120
0 59 40 0
0 59 0 120
0 62 40 0
0 62 0 120
0 59 40 0
0 59 0 120
0 57 47 0
0 57 0 120
0 60 41 0
0 60 0 120
0 64 41 0
0 64 0 120
0 60 41 0
0 60 0 120
0 52 43 0
0 52 0 120
0 59 35 0
0 59 0 120
0 62 37 0
0 62 0 120
0 59 40 0
0 59 0 120
0 57 52 0
0 57 0 120
0 60 43 0
0 60 0 120
0 64 44 0
0 64 0 120
0 60 45 0
0 60 0 120
0 55 57 0
0 55 0 120
0 62 45 0
0 62 0 120
0 65 46 0
0 65 0 120
0 62 46 0
0 62 0 120
0 60 36 960
0 57 30 0
0 57 0 60
0 60 0 0
0 60 34 180
0 57 28 0
0 57 0 60
0 60 0 0
0 57 29 180
0 53 24 0
0 53 0 120
0 57 0 0
0 55 34 360
0 59 40 0
0 59 0 60
0 55 0 0
0 55 28 180
0 59 33 0
0 59 0 60
0 55 0 0
0 52 32 180
0 55 38 0
0 55 0 120
0 52 0 0
0 53 42 360
0 53 0 720
0 50 38 0
0 50 0 240
0 55 44 0
0 55 0 240
0 60 36 720
0 57 30 0
0 57 0 60
0 60 0 0
0 60 34 180
0 57 28 0
0 57 0 60
0 60 0 0
0 53 29 180
0 50 24 0
0 50 0 120
0 53 0 0
0 55 39 360
0 59 46 0
0 59 0 60
0 55 0 0
0 55 31 180
0 59 37 0
0 59 0 60
0 55 0 0
0 48 37 180
0 52 44 0
0 52 0 120
0 48 0 0
0 57 42 360
0 53 35 0
0 53 0 720
0 57 0 0
0 65 43 0
0 55 36 0
0 55 0 240
0 65 0 0
0 64 51 0
0 60 43 0
0 60 0 240
0 64 0 0
0 48 47 0
0 48 0 120
0 53 44 120
0 53 0 120
0 59 38 0
0 59 0 120
0 55 38 0
0 55 0 120
0 59 38 0
0 59 0 120
0 52 44 0
0 52 0 120
0 60 39 0
0 60 0 120
0 55 41 0
0 55 0 120
0 60 42 0
0 60 0 120
0 53 48 0
0 53 0 120
0 59 41 0
0 59 0 120
0 55 41 0
0 55 0 120
0 59 42 0
0 59 0 120
0 52 51 0
0 52 0 120
0 60 44 0
0 60 0 120
0 55 44 0
0 55 0 120
0 60 44 0
0 60 0 120
0 53 53 0
0 53 0 120
0 62 44 0
0 62 0 120
0 57 44 0
0 57 0 120
0 62 44 0
0 62 0 120
0 55 51 0
0 55 0 120
0 64 44 0
0 64 0 120
0 60 44 0
0 60 0 120
0 64 44 0
0 64 0 120
0 55 50 0
0 55 0 120
0 65 41 0
0 65 0 120
0 62 41 0
0 62 0 120
0 65 44 0
0 65 0 120
0 60 44 0
0 60 0 120
0 67 36 0
0 67 0 120
0 64 39 0
0 64 0 120
0 67 36 0
0 67 0 120
0 53 44 0
0 53 0 120
0 59 38 0
0 59 0 120
0 55 38 0
0 55 0 120
0 59 38 0
0 59 0 120
0 52 44 0
0 52 0 120
0 60 39 0
0 60 0 120
0 55 41 0
0 55 0 120
0 60 42 0
0 60 0 120
0 53 48 0
0 53 0 120
0 59 41 0
0 59 0 120
0 55 41 0
0 55 0 120
0 59 42 0
0 59 0 120
0 52 51 0
0 52 0 120
0 60 44 0
0 60 0 120
0 55 44 0
0 55 0 120
0 60 44 0
0 60 0 120
0 53 53 0
0 53 0 120
0 62 46 0
0 62 0 120
0 57 46 0
0 57 0 120
0 62 46 0
0 62 0 120
0 55 51 0
0 55 0 120
0 64 48 0
0 64 0 120
0 60 49 0
0 60 0 120
0 64 51 0
0 64 0 120
0 55 57 0
0 55 0 120
0 65 51 0
0 65 0 120
0 62 55 0
0 62 0 120
0 65 58 0
0 65 0 120
0 60 67 0
0 60 0 120
0 64 58 0
0 64 0 120
0 55 60 0
0 55 0 120
0 60 56 0
0 60 0 120
0 52 62 0
0 52 0 120
0 55 55 0
0 55 0 120
0 48 58 0
0 48 0 120
0 52 49 0
0 52 0 120
0 55 63 0
0 55 0 240
0 43 63 240
0 43 0 240
0 60 67 240
0 60 0 120
0 64 56 0
0 64 0 120
0 55 60 0
0 55 0 120
0 60 56 0
0 60 0 120
0 52 64 0
0 52 0 120
0 55 56 0
0 55 0 120
0 48 60 0
0 48 0 120
0 52 53 0
0 52 0 120
0 55 67 0
0 55 0 240
0 43 63 240
0 43 0 240
0 36 59 240
0 48 71 0
0 48 0 240
0 36 0 0
0 40 53 0
0 52 63 0
0 52 0 180
0 40 0 0
0 43 59 60
0 55 71 0
0 55 0 180
0 43 0 0
0 40 53 60
0 52 63 0
0 52 0 180
0 40 0 0
0 36 61 60
0 48 73 0
0 48 0 480
0 36 0 0
