0 67 63 1200
0 67 0 230
0 67 58 10
0 72 69 0
0 72 0 360
0 67 0 0
0 67 52 0
0 72 62 0
0 72 0 120
0 67 0 0
0 67 58 0
0 72 69 0
0 72 0 480
0 67 0 0
0 67 63 240
0 67 0 230
0 67 58 10
0 74 69 0
0 74 0 360
0 67 0 0
0 67 52 0
0 74 62 0
0 74 0 120
0 67 0 0
0 67 58 0
0 74 69 0
0 74 0 480
0 67 0 0
0 67 63 240
0 67 0 230
0 67 58 10
0 76 69 0
0 76 0 240
0 67 0 0
0 67 53 0
0 74 63 0
0 74 0 240
0 67 0 0
0 67 56 0
0 76 66 0
0 76 0 240
0 67 0 0
0 67 53 0
0 77 63 0
0 77 0 240
0 67 0 0
0 67 56 0
0 76 66 0
0 76 0 240
0 67 0 0
0 67 53 0
0 74 63 0
0 74 0 240
0 67 0 0
0 67 57 0
0 76 67 0
0 76 0 960
0 67 0 0
0 67 42 480
0 75 51 0
0 75 0 240
0 67 0 0
0 67 39 0
0 74 48 0
0 74 0 240
0 67 0 0
0 67 40 0
0 75 49 0
0 75 0 240
0 67 0 0
0 67 39 0
0 77 48 0
0 77 0 240
0 67 0 0
0 67 40 0
0 75 49 0
0 75 0 240
0 67 0 0
0 67 39 0
0 74 48 0
0 74 0 240
0 67 0 0
0 67 41 0
0 75 50 0
0 75 0 480
0 67 0 0
0 66 53 480
0 74 63 0
0 74 0 480
0 66 0 0
0 67 57 0
0 71 67 0
0 71 0 240
0 67 0 0
0 67 63 0
0 67 0 240
0 67 58 0
0 71 58 0
0 76 70 0
0 76 0 720
0 74 59 0
0 74 0 240
0 71 0 0
0 67 0 0
0 62 53 0
0 66 63 0
0 72 63 0
0 72 0 360
0 71 59 0
0 71 0 120
0 66 0 0
0 62 0 0
0 62 53 0
0 66 63 0
0 69 63 0
0 69 0 480
0 66 0 0
0 62 0 0
0 62 51 240
0 62 0 240
0 59 48 0
0 67 57 0
0 67 0 360
0 59 0 0
0 67 51 0
0 67 0 120
0 67 55 0
0 67 0 240
0 69 57 0
0 69 0 240
0 67 50 0
0 71 59 0
0 71 0 240
0 76 66 0
0 76 0 240
0 67 0 0
0 72 53 0
0 74 63 0
0 74 0 360
0 76 57 0
0 76 0 120
0 72 0 0
0 72 51 0
0 78 61 0
0 78 0 480
0 72 0 0
0 74 66 240
0 74 0 240
0 79 64 0
0 86 78 0
0 86 0 360
0 79 0 0
0 83 66 0
0 83 0 120
0 79 70 0
0 79 0 480
0 74 59 240
0 74 0 240
0 70 58 0
0 79 70 0
0 79 0 360
0 70 0 0
0 75 59 0
0 75 0 120
0 70 61 0
0 70 0 480
0 72 46 240
0 72 0 240
0 67 42 0
0 74 51 0
0 74 0 360
0 67 0 0
0 74 46 0
0 74 0 120
0 74 49 0
0 74 0 240
0 71 42 0
0 74 51 0
0 74 0 240
0 71 0 0
0 72 44 0
0 76 52 0
0 76 0 240
0 72 0 0
0 72 42 0
0 83 55 0
0 83 0 240
0 72 0 0
0 72 44 0
0 81 53 0
0 81 0 480
0 72 0 0
0 71 37 0
0 79 44 0
0 79 0 240
0 71 0 0
0 59 31 0
0 62 38 0
0 62 0 240
0 59 0 0
0 60 36 0
0 64 42 0
0 64 0 240
0 60 0 0
0 64 39 0
0 72 48 0
0 72 0 240
0 64 0 0
0 60 42 0
0 69 51 0
0 69 0 1440
0 60 0 0
0 59 36 0
0 67 42 0
0 67 0 230
0 59 0 10
0 67 35 0
0 67 0 240
0 79 46 0
0 79 0 240
0 67 37 0
0 67 0 240
0 79 52 0
0 79 0 240
0 67 46 0
0 67 0 240
0 79 56 0
0 79 0 240
0 67 47 0
0 67 0 240
0 79 56 0
0 79 0 240
0 67 46 0
0 67 0 240
0 79 51 0
0 79 0 240
0 67 42 0
0 67 0 240
0 79 49 0
0 79 0 240
0 67 36 0
0 67 0 240
0 79 47 0
0 79 0 240
0 67 39 0
0 67 0 240
0 79 48 0
0 79 0 240
0 67 37 0
0 67 0 240
0 79 49 0
0 79 0 240
0 67 38 0
0 67 0 240
0 79 49 0
0 79 0 240
0 67 40 0
0 67 0 240
0 79 48 0
0 79 0 240
0 67 37 0
0 67 0 240
0 79 55 0
0 79 0 240
0 67 42 0
0 67 0 240
0 79 58 0
0 79 0 240
0 67 48 0
0 67 0 240
0 79 58 0
0 79 0 240
0 67 51 0
0 67 0 240
0 79 62 0
0 79 0 240
0 67 50 0
0 67 0 240
0 79 60 0
0 79 0 240
0 67 48 0
0 67 0 240
0 79 58 0
0 79 0 240
0 67 47 0
0 67 0 240
0 82 62 0
0 82 0 240
0 70 53 0
0 70 0 240
0 82 69 0
0 82 0 240
0 70 60 0
0 70 0 240
0 82 69 0
0 82 0 240
0 70 62 0
0 70 0 240
0 86 62 0
0 86 0 240
0 74 53 0
0 74 0 240
0 86 69 0
0 86 0 240
0 74 60 0
0 74 0 240
0 83 69 0
0 83 0 240
0 74 62 0
0 74 0 240
0 82 62 0
0 82 0 240
0 70 53 0
0 70 0 240
0 82 69 0
0 82 0 240
0 70 60 0
0 70 0 240
0 82 69 0
0 82 0 240
0 70 62 0
0 70 0 240
0 86 62 0
0 86 0 240
0 74 53 0
0 74 0 240
0 86 69 0
0 86 0 240
0 74 60 0
0 74 0 240
0 83 69 0
0 83 0 240
0 74 62 0
0 74 0 240
0 69 55 0
0 69 0 240
0 76 59 0
0 76 0 240
0 71 53 0
0 79 63 0
0 79 0 240
0 71 0 0
0 67 57 0
0 67 0 240
0 74 60 0
0 71 51 0
0 71 0 240
0 74 0 0
0 67 55 0
0 67 0 240
0 69 55 0
0 69 0 240
0 76 59 0
0 76 0 240
0 71 53 0
0 79 63 0
0 79 0 240
0 71 0 0
0 67 57 0
0 67 0 240
0 74 60 0
0 71 51 0
0 71 0 240
0 74 0 0
0 67 55 0
0 67 0 240
0 72 40 0
0 79 49 0
0 79 0 240
0 72 0 0
0 69 38 0
0 69 0 240
0 67 35 0
0 72 41 0
0 72 0 240
0 67 0 0
0 69 31 0
0 69 0 240
0 67 49 0
0 76 49 0
0 76 0 240
0 67 0 0
0 69 41 0
0 69 0 240
0 67 55 0
0 76 55 0
0 67 0 240
0 69 44 0
0 69 0 240
0 67 41 0
0 67 0 240
0 69 39 0
0 69 0 240
0 76 0 0
0 66 34 0
0 74 40 0
0 66 0 240
0 69 36 0
0 69 0 240
0 74 0 0
0 66 38 0
0 74 46 0
0 74 0 240
0 66 0 0
0 69 39 0
0 69 0 240
0 67 38 0
0 76 47 0
0 76 0 240
0 67 0 0
0 73 40 0
0 73 0 240
0 66 38 0
0 74 47 0
0 74 0 240
0 66 0 0
0 69 38 0
0 69 0 240
0 67 39 0
0 76 48 0
0 76 0 240
0 67 0 0
0 73 39 0
0 73 0 240
0 66 39 0
0 74 48 0
0 74 0 240
0 66 0 0
0 69 42 0
0 69 0 240
0 67 44 0
0 76 52 0
0 76 0 240
0 67 0 0
0 73 48 0
0 73 0 240
0 66 42 0
0 74 51 0
0 74 0 240
0 66 0 0
0 69 42 0
0 69 0 240
0 67 46 0
0 76 55 0
0 76 0 240
0 67 0 0
0 73 46 0
0 73 0 240
0 66 47 0
0 74 55 0
0 74 0 240
0 66 0 0
0 69 49 0
0 69 0 240
0 66 50 0
0 74 61 0
0 74 0 240
0 66 0 0
0 69 39 0
0 69 0 240
0 62 55 480
0 62 0 480
0 59 51 0
0 67 61 0
0 67 0 360
0 59 0 0
0 59 47 0
0 67 56 0
0 67 0 120
0 59 0 0
0 59 51 0
0 67 61 0
0 67 0 480
0 59 0 0
0 62 49 240
0 66 49 0
0 69 57 0
0 62 0 230
0 69 0 10
0 66 0 0
0 62 51 0
0 67 51 0
0 71 61 0
0 71 0 360
0 67 0 0
0 62 0 0
0 62 47 0
0 67 47 0
0 71 56 0
0 71 0 120
0 67 0 0
0 62 0 0
0 62 51 0
0 67 51 0
0 71 61 0
0 71 0 480
0 67 0 0
0 62 0 0
0 71 51 240
0 71 0 240
0 64 48 0
0 69 57 0
0 69 0 240
0 71 58 0
0 71 0 240
0 64 0 0
0 64 48 0
0 69 48 0
0 72 57 0
0 72 0 480
0 69 0 0
0 64 0 0
0 60 42 0
0 66 51 0
0 66 0 480
0 60 0 0
0 60 46 0
0 66 46 0
0 69 55 0
0 69 0 480
0 66 0 0
0 60 0 0
0 59 39 0
0 67 48 0
0 67 0 480
0 59 0 0
0 71 42 240
0 74 51 0
0 74 0 216
0 71 0 0
0 71 48 24
0 74 57 0
0 74 0 240
0 71 0 0
0 67 41 0
0 71 50 0
0 71 0 240
0 67 0 0
0 72 50 0
0 76 59 0
0 76 0 720
0 72 0 0
0 71 40 0
0 74 49 0
0 74 0 216
0 71 0 0
0 66 46 24
0 71 46 0
0 74 55 0
0 74 0 240
0 71 0 0
0 66 0 0
0 69 40 0
0 72 49 0
0 72 0 216
0 69 0 0
0 69 40 24
0 72 49 0
0 72 0 480
0 69 0 0
0 69 42 240
0 72 51 0
0 72 0 216
0 69 0 0
0 69 48 24
0 72 57 0
0 72 0 240
0 69 0 0
0 66 41 0
0 69 50 0
0 69 0 240
0 66 0 0
0 71 50 0
0 74 59 0
0 74 0 720
0 71 0 0
0 69 40 0
0 72 49 0
0 72 0 216
0 69 0 0
0 69 46 24
0 72 55 0
0 72 0 240
0 69 0 0
0 67 40 0
0 71 49 0
0 71 0 216
0 67 0 0
0 67 40 24
0 71 49 0
0 71 0 480
0 67 0 0
0 62 56 240
0 62 0 240
0 59 51 0
0 67 61 0
0 67 0 360
0 59 0 0
0 59 47 0
0 67 56 0
0 67 0 120
0 59 0 0
0 59 51 0
0 67 61 0
0 67 0 480
0 59 0 0
0 62 49 240
0 66 49 0
0 69 57 0
0 69 0 216
0 66 0 0
0 62 0 0
0 62 51 24
0 67 51 0
0 71 61 0
0 71 0 360
0 67 0 0
0 62 0 0
0 62 47 0
0 67 47 0
0 71 56 0
0 71 0 120
0 67 0 0
0 62 0 0
0 62 51 0
0 67 51 0
0 71 61 0
0 71 0 480
0 67 0 0
0 62 0 0
0 71 51 240
0 71 0 240
0 64 48 0
0 69 57 0
0 69 0 240
0 68 48 0
0 71 58 0
0 71 0 240
0 68 0 0
0 64 0 0
0 64 48 0
0 69 48 0
0 72 57 0
0 72 0 480
0 69 0 0
0 64 0 0
0 60 42 0
0 66 51 0
0 66 0 480
0 60 0 0
0 60 46 0
0 66 46 0
0 69 55 0
0 69 0 480
0 66 0 0
0 60 0 0
0 59 39 0
0 67 48 0
0 67 0 480
0 59 0 0
0 71 42 240
0 74 51 0
0 74 0 216
0 71 0 0
0 71 48 24
0 74 57 0
0 74 0 240
0 71 0 0
0 71 50 0
0 71 0 240
0 72 50 0
0 76 59 0
0 76 0 240
0 72 0 0
0 79 59 0
0 79 0 240
0 72 50 0
0 76 59 0
0 76 0 240
0 72 0 0
0 71 40 0
0 74 49 0
0 74 0 240
0 71 0 0
0 71 46 0
0 74 55 0
0 74 0 240
0 71 0 0
0 72 49 0
0 72 0 216
0 69 40 24
0 72 49 0
0 72 0 480
0 69 0 0
0 72 50 240
0 72 0 216
0 69 48 24
0 72 57 0
0 72 0 720
0 69 0 0
0 72 50 0
0 76 50 0
0 76 0 240
0 72 0 0
0 71 50 0
0 74 50 0
0 74 0 240
0 71 0 0
0 69 40 0
0 72 49 0
0 72 0 216
0 69 0 0
0 69 46 24
0 72 55 0
0 72 0 240
0 69 0 0
0 71 49 0
0 71 0 240
0 67 40 0
0 71 49 0
0 67 0 240
0 69 46 0
0 69 0 240
0 71 0 0
0 67 51 0
0 67 0 240
0 67 55 0
0 65 55 0
0 65 0 240
0 67 0 0
0 64 51 0
0 72 61 0
0 72 0 360
0 64 0 0
0 64 47 0
0 72 56 0
0 72 0 108
0 64 0 0
0 64 51 12
0 72 61 0
0 72 0 480
0 64 0 0
0 67 64 240
0 67 0 240
0 67 58 0
0 76 71 0
0 76 0 360
0 67 0 0
0 67 53 0
0 76 63 0
0 76 0 108
0 67 0 0
0 67 58 12
0 76 71 0
0 76 0 480
0 67 0 0
0 76 62 240
0 76 0 240
0 67 58 0
0 71 58 0
0 74 70 0
0 74 0 480
0 71 0 0
0 67 0 0
0 64 51 240
0 64 0 240
0 60 44 0
0 66 52 0
0 66 0 240
0 60 0 0
0 71 49 0
0 71 0 240
0 59 37 0
0 67 44 0
0 67 0 960
0 59 0 0
0 66 49 480
0 74 49 0
0 72 49 0
0 72 0 960
0 74 0 0
0 72 44 0
0 76 44 0
0 76 0 480
0 72 0 0
0 66 0 0
0 67 49 0
0 71 49 0
0 74 49 0
0 74 0 720
0 71 0 0
0 67 0 0
0 69 44 0
0 72 44 0
0 72 0 240
0 69 0 0
0 67 44 0
0 71 44 0
0 71 0 480
0 67 0 0
0 62 49 0
0 60 49 0
0 60 0 960
0 62 0 0
0 60 44 0
0 62 44 0
0 62 0 470
0 60 0 10
0 59 50 0
0 62 50 0
0 67 50 0
0 67 0 960
0 62 0 0
0 59 0 0
0 59 47 480
0 62 47 0
0 67 47 0
0 67 0 960
0 62 0 0
0 59 0 0
0 57 37 0
0 60 37 0
0 64 37 0
0 64 0 480
0 60 0 0
0 57 0 0
0 59 42 0
0 62 42 0
0 67 42 0
0 67 0 960
0 62 0 0
0 59 0 0
0 57 37 0
0 60 37 0
0 64 37 0
0 64 0 480
0 60 0 0
0 57 0 0
0 59 44 0
0 62 44 0
0 67 44 0
0 67 0 1920
0 62 0 0
0 59 0 0
0 59 33 960
0 62 39 0
0 67 33 0
0 62 0 720
0 59 0 0
0 60 28 0
0 64 34 0
0 64 0 240
0 60 0 0
0 59 33 0
0 62 39 0
0 62 0 480
0 59 0 0
0 60 30 0
0 64 37 0
0 64 0 480
0 60 0 0
0 67 0 0
0 71 33 0
0 62 33 0
0 65 39 0
0 65 0 720
0 62 0 0
0 64 28 0
0 67 34 0
0 67 0 240
0 64 0 0
0 62 28 0
0 65 34 0
0 65 0 960
0 62 0 0
0 71 0 0
0 60 35 0
0 64 42 0
0 69 35 0
0 64 0 720
0 60 0 0
0 62 30 0
0 65 37 0
0 65 0 240
0 62 0 0
0 60 35 0
0 64 42 0
0 64 0 480
0 60 0 0
0 62 34 0
0 65 40 0
0 65 0 480
0 62 0 0
0 69 0 0
0 72 35 0
0 64 35 0
0 67 42 0
0 67 0 720
0 64 0 0
0 65 30 0
0 69 37 0
0 69 0 240
0 65 0 0
0 64 34 0
0 67 40 0
0 67 0 960
0 64 0 0
0 72 0 0
0 62 39 0
0 65 47 0
0 71 39 0
0 65 0 720
0 62 0 0
0 64 35 0
0 67 44 0
0 67 0 240
0 64 0 0
0 62 39 0
0 65 48 0
0 65 0 480
0 62 0 0
0 71 0 0
0 72 49 0
0 64 40 0
0 67 40 0
0 67 0 480
0 64 0 0
0 72 0 0
0 65 45 0
0 69 53 0
0 74 45 0
0 69 0 720
0 65 0 0
0 67 39 0
0 71 48 0
0 71 0 240
0 67 0 0
0 65 46 0
0 69 55 0
0 69 0 480
0 65 0 0
0 74 0 0
0 76 59 0
0 67 49 0
0 71 49 0
0 71 0 480
0 67 0 0
0 76 0 0
0 69 58 0
0 72 58 0
0 77 69 0
0 77 0 480
0 72 0 0
0 69 0 0
0 77 71 0
0 77 0 240
0 76 71 0
0 76 0 240
0 74 70 0
0 74 0 240
0 72 69 0
0 72 0 240
0 71 69 0
0 71 0 240
0 69 67 0
0 69 0 240
0 65 67 0
0 69 67 0
0 69 0 960
0 67 62 0
0 67 0 480
0 65 0 0
0 72 66 480
0 76 66 0
0 79 78 0
0 79 0 960
0 76 0 0
0 72 0 0
0 72 66 0
0 77 66 0
0 81 78 0
0 81 0 960
0 77 0 0
0 72 0 0
0 72 67 0
0 76 67 0
0 79 79 0
0 79 0 720
0 76 0 0
0 72 0 0
0 74 60 0
0 77 70 0
0 77 0 240
0 74 0 0
0 72 63 0
0 76 75 0
0 76 0 480
0 72 0 0
0 74 61 0
0 77 72 0
0 77 0 480
0 74 0 0
0 72 66 0
0 76 66 0
0 79 78 0
0 79 0 960
0 76 0 0
0 72 0 0
0 72 66 0
0 77 66 0
0 81 78 0
0 81 0 960
0 77 0 0
0 72 0 0
0 72 67 0
0 76 67 0
0 79 79 0
0 79 0 720
0 76 0 0
0 72 0 0
0 74 60 0
0 77 70 0
0 77 0 240
0 74 0 0
0 72 63 0
0 76 75 0
0 76 0 480
0 72 0 0
0 74 61 0
0 77 72 0
0 77 0 480
0 74 0 0
0 72 66 0
0 76 66 0
0 79 78 0
0 79 0 960
0 76 0 0
0 72 0 0
0 74 72 0
0 79 85 0
0 79 0 960
0 74 0 0
0 74 69 0
0 78 69 0
0 81 82 0
0 81 0 960
0 78 0 0
0 74 0 0
0 79 69 0
0 74 69 0
0 83 82 0
0 83 0 480
0 74 0 0
0 79 0 0
0 81 68 0
0 76 68 0
0 84 80 0
0 84 0 480
0 76 0 0
0 81 0 0
0 74 75 0
0 79 75 0
0 83 89 0
0 83 0 960
0 79 0 0
0 74 0 0
0 79 74 0
0 81 81 0
0 74 66 0
0 74 0 480
0 79 0 0
0 72 66 0
0 78 66 0
0 78 0 480
0 72 0 0
0 81 0 0
0 71 67 0
0 74 67 0
0 79 78 0
0 79 0 1440
0 74 0 0
0 71 0 0
0 67 51 480
0 67 0 240
0 79 44 0
0 79 0 240
0 67 51 0
0 67 0 240
0 79 46 0
0 79 0 240
0 67 50 0
0 67 0 240
0 79 45 0
0 79 0 240
0 67 50 0
0 67 0 240
0 79 47 0
0 79 0 240
0 67 53 0
0 67 0 240
0 79 47 0
0 79 0 240
0 67 53 0
0 67 0 240
0 79 48 0
0 79 0 240
0 67 53 0
0 67 0 240
0 79 48 0
0 79 0 240
0 67 53 0
0 67 0 240
0 79 49 0
0 79 0 240
0 67 57 0
0 67 0 240
0 79 48 0
0 79 0 240
0 67 57 0
0 67 0 240
0 79 49 0
0 79 0 240
0 67 56 0
0 67 0 240
0 79 49 0
0 79 0 240
0 67 56 0
0 67 0 240
0 79 50 0
0 79 0 240
0 72 59 0
0 72 0 240
0 79 50 0
0 79 0 240
0 72 59 0
0 72 0 240
0 84 51 0
0 84 0 240
0 72 59 0
0 72 0 240
0 79 51 0
0 79 0 240
0 72 59 0
0 72 0 240
0 84 53 0
0 84 0 240
0 76 62 0
0 84 88 0
0 76 0 240
0 78 65 0
0 78 0 240
0 84 0 0
0 79 62 0
0 83 81 0
0 79 0 240
0 76 66 0
0 76 0 240
0 83 0 0
0 72 72 0
0 81 84 0
0 72 0 240
0 74 68 0
0 74 0 240
0 81 0 0
0 76 72 0
0 79 79 0
0 76 0 240
0 72 65 0
0 72 0 240
0 79 0 0
0 69 69 0
0 72 81 0
0 69 0 240
0 65 63 0
0 65 0 240
0 72 0 0
0 69 72 0
0 65 60 240
0 65 0 240
0 69 0 0
0 67 79 0
0 64 66 240
0 64 0 240
0 67 0 0
0 65 78 0
0 62 63 240
0 62 0 240
0 65 0 0
0 60 81 0
0 64 81 0
0 64 0 960
0 60 0 0
0 60 48 0
0 62 72 0
0 60 0 480
0 59 48 0
0 59 0 480
0 62 0 0
0 60 67 0
0 60 0 480
0 64 41 720
0 64 0 240
0 67 45 0
0 67 0 240
0 72 49 0
0 72 0 240
0 71 44 0
0 74 53 0
0 74 0 720
0 71 0 0
0 72 41 0
0 76 50 0
0 76 0 240
0 72 0 0
0 71 44 0
0 74 53 0
0 74 0 480
0 71 0 0
0 72 42 0
0 76 52 0
0 76 0 480
0 72 0 0
0 74 46 0
0 77 55 0
0 77 0 720
0 74 0 0
0 79 53 0
0 76 44 0
0 76 0 240
0 79 0 0
0 74 46 0
0 77 55 0
0 77 0 960
0 74 0 0
0 72 49 0
0 76 58 0
0 76 0 720
0 72 0 0
0 74 44 0
0 77 53 0
0 77 0 240
0 74 0 0
0 72 49 0
0 76 58 0
0 76 0 480
0 72 0 0
0 72 48 0
0 77 56 0
0 77 0 480
0 72 0 0
0 72 51 0
0 79 61 0
0 79 0 720
0 72 0 0
0 81 60 0
0 81 0 240
0 71 55 0
0 79 64 0
0 79 0 960
0 71 0 0
0 76 62 0
0 84 88 0
0 84 0 480
0 83 79 0
0 83 0 480
0 76 0 0
0 77 72 0
0 81 84 0
0 81 0 480
0 83 79 0
0 83 0 480
0 77 0 0
0 76 69 0
0 84 81 0
0 84 0 480
0 79 78 0
0 79 0 480
0 76 0 0
0 69 62 0
0 74 62 0
0 79 79 0
0 79 0 480
0 77 78 0
0 77 0 480
0 74 0 0
0 69 0 0
0 67 64 0
0 72 64 0
0 76 77 0
0 76 0 960
0 72 0 0
0 67 0 0
0 65 61 0
0 74 61 0
0 72 61 7
0 71 55 459
0 72 0 21
0 71 0 459
0 74 0 14
0 65 0 0
0 64 48 0
0 67 48 0
0 72 48 0
0 67 0 960
0 64 0 0
0 64 38 0
0 67 38 0
0 67 0 960
0 64 0 0
0 72 0 0
0 62 38 0
0 67 38 0
0 71 38 0
0 71 0 960
0 67 0 0
0 62 0 0
0 60 38 0
0 65 38 0
0 69 38 0
0 69 0 960
0 65 0 0
0 60 0 0
0 62 38 0
0 67 38 0
0 71 38 0
0 71 0 960
0 67 0 0
0 62 0 0
0 64 38 0
0 67 38 0
0 67 0 960
0 64 0 0
0 65 41 0
0 69 41 0
0 72 41 0
0 72 0 960
0 69 0 0
0 65 0 0
0 65 50 0
0 71 50 0
0 74 50 0
0 74 0 960
0 71 0 0
0 65 0 0
0 72 60 0
0 76 60 0
0 79 60 0
0 79 0 1440
0 76 0 0
0 72 0 0
0 74 60 0
0 65 60 0
0 69 60 0
0 72 60 0
0 72 0 480
0 74 0 0
0 65 0 0
0 69 0 0
0 72 70 0
0 76 70 0
0 79 70 0
0 79 0 1440
0 76 0 0
0 72 0 0
0 65 59 0
0 69 59 0
0 72 59 0
0 74 59 0
0 74 0 480
0 65 0 0
0 69 0 0
0 72 0 0
0 72 67 0
0 76 67 0
0 79 67 0
0 79 0 1440
0 76 0 0
0 72 0 0
0 65 48 0
0 69 48 0
0 72 48 0
0 74 48 0
0 74 0 480
0 65 0 0
0 69 0 0
0 72 0 0
0 72 53 0
0 76 53 0
0 79 53 0
0 79 0 480
0 76 0 0
0 72 0 0
0 52 30 720
0 52 0 240
0 55 31 0
0 55 0 240
0 60 34 0
0 60 0 240
0 64 35 0
0 64 0 240
0 84 34 960
0 84 0 240
0 88 36 0
0 88 0 240
0 91 38 0
0 91 0 240
0 88 39 0
0 91 39 0
0 96 39 0
0 96 0 1440
0 91 0 0
0 88 0 0
0 64 30 480
0 67 30 0
0 72 36 0
0 72 0 951
0 67 0 0
0 64 0 0
0 64 30 9
0 67 30 0
0 72 36 0
0 72 0 951
0 67 0 0
0 64 0 0
0 64 30 9
0 67 30 0
0 72 36 0
0 72 0 1440
0 67 0 0
0 64 0 0
0 67 29 480
0 72 29 0
0 76 35 0
0 76 0 1440
0 72 0 0
0 67 0 0
0 52 29 480
0 55 29 0
0 60 35 0
0 60 0 1440
0 55 0 0
0 52 0 0
0 64 58 1440
0 60 49 0
0 60 0 360
0 64 0 0
0 60 44 0
0 64 52 0
0 64 0 120
0 60 0 0
0 64 58 0
0 60 49 0
0 60 0 480
0 64 0 0
0 65 58 480
0 59 49 0
0 59 0 360
0 65 0 0
0 59 44 0
0 65 52 0
0 65 0 120
0 59 0 0
0 65 58 0
0 59 49 0
0 59 0 480
0 65 0 0
0 64 60 480
0 60 51 0
0 60 0 240
0 64 0 0
0 62 55 0
0 59 46 0
0 59 0 240
0 62 0 0
0 60 50 0
0 64 59 0
0 64 0 240
0 60 0 0
0 65 52 0
0 62 44 0
0 62 0 240
0 65 0 0
0 64 52 0
0 60 44 0
0 60 0 240
0 64 0 0
0 62 52 0
0 59 44 0
0 59 0 240
0 62 0 0
0 64 57 0
0 60 48 0
0 60 0 960
0 64 0 0
0 63 44 480
0 60 37 0
0 60 0 240
0 63 0 0
0 62 40 0
0 59 34 0
0 59 0 240
0 62 0 0
0 60 37 0
0 63 44 0
0 63 0 240
0 60 0 0
0 65 38 0
0 62 31 0
0 62 0 240
0 65 0 0
0 63 38 0
0 60 31 0
0 60 0 240
0 63 0 0
0 62 38 0
0 59 31 0
0 59 0 240
0 62 0 0
0 63 41 0
0 60 35 0
0 60 0 480
0 63 0 0
0 50 35 480
0 57 35 0
0 60 41 0
0 60 0 480
0 57 0 0
0 50 0 0
0 38 48 0
0 38 0 480
0 50 42 120
0 50 0 120
0 55 47 0
0 55 0 120
0 59 49 0
0 59 0 120
0 62 51 0
0 62 0 480
0 50 41 0
0 57 50 0
0 57 0 480
0 50 0 0
0 60 48 0
0 60 0 360
0 59 44 0
0 59 0 120
0 57 44 0
0 57 0 240
0 43 38 240
0 50 38 0
0 55 46 0
0 55 0 480
0 50 0 0
0 43 0 0
0 59 48 0
0 59 0 240
0 62 41 0
0 62 0 240
0 55 46 0
0 55 0 240
0 61 51 0
0 61 0 240
0 66 52 0
0 62 44 0
0 62 0 480
0 66 0 0
0 62 42 0
0 66 51 0
0 66 0 360
0 67 46 0
0 67 0 120
0 69 53 0
0 69 0 240
0 62 0 0
0 67 44 240
0 71 52 0
0 71 0 480
0 67 0 0
0 67 49 0
0 71 49 0
0 74 58 0
0 74 0 360
0 71 0 0
0 67 0 0
0 71 46 0
0 71 0 120
0 67 56 0
0 67 0 240
0 63 38 240
0 67 47 0
0 67 0 480
0 63 0 0
0 63 42 0
0 67 51 0
0 67 0 360
0 63 0 0
0 63 40 0
0 63 0 120
0 58 50 0
0 58 0 240
0 50 34 240
0 55 34 0
0 59 40 0
0 59 0 480
0 55 0 0
0 50 0 0
0 62 31 240
0 67 37 0
0 67 0 240
0 62 0 0
0 62 34 0
0 67 40 0
0 67 0 240
0 62 0 0
0 62 38 0
0 64 46 0
0 64 0 240
0 62 0 0
0 66 46 0
0 62 38 0
0 62 0 480
0 66 0 0
0 67 37 0
0 67 0 240
0 55 30 0
0 55 0 240
0 48 29 0
0 55 35 0
0 55 0 240
0 48 0 0
0 45 31 0
0 55 38 0
0 55 0 240
0 45 0 0
0 55 42 0
0 50 36 0
0 55 0 480
0 54 34 0
0 54 0 240
0 52 30 0
0 52 0 240
0 54 36 0
0 54 0 480
0 50 0 0
0 43 34 0
0 55 40 0
0 55 0 480
0 43 0 0
0 55 40 1920
0 55 0 480
0 53 38 0
0 62 47 0
0 62 0 360
0 53 0 0
0 53 31 0
0 62 38 0
0 62 0 120
0 53 0 0
0 53 38 0
0 62 46 0
0 62 0 480
0 53 0 0
0 43 60 0
0 43 0 240
0 59 41 0
0 59 0 240
0 52 38 0
0 60 47 0
0 60 0 360
0 52 0 0
0 52 31 0
0 60 38 0
0 60 0 120
0 52 0 0
0 52 38 0
0 60 46 0
0 60 0 480
0 52 0 0
0 43 63 0
0 43 0 240
0 57 48 0
0 57 0 240
0 50 38 0
0 59 46 0
0 59 0 240
0 50 0 0
0 52 38 0
0 60 46 0
0 60 0 240
0 52 0 0
0 53 44 0
0 62 52 0
0 62 0 480
0 53 0 0
0 52 42 0
0 60 51 0
0 60 0 240
0 52 0 0
0 53 46 0
0 62 55 0
0 62 0 240
0 53 0 0
0 55 51 0
0 64 60 0
0 64 0 480
0 55 0 0
0 52 44 0
0 60 52 0
0 60 0 480
0 52 0 0
0 48 50 0
0 48 0 480
0 55 52 0
0 63 62 0
0 63 0 360
0 55 0 0
0 58 49 0
0 65 58 0
0 65 0 120
0 58 0 0
0 63 55 0
0 67 64 0
0 67 0 480
0 63 0 0
0 51 60 0
0 51 0 460
0 59 52 20
0 67 62 0
0 67 0 360
0 59 0 0
0 62 49 0
0 69 58 0
0 69 0 120
0 62 0 0
0 67 55 0
0 71 64 0
0 71 0 480
0 67 0 0
0 43 60 0
0 43 0 460
0 55 52 20
0 63 62 0
0 63 0 360
0 55 0 0
0 58 49 0
0 65 58 0
0 65 0 120
0 58 0 0
0 63 55 0
0 67 64 0
0 67 0 480
0 63 0 0
0 51 60 0
0 51 0 460
0 59 52 20
0 67 62 0
0 67 0 360
0 59 0 0
0 62 49 0
0 69 58 0
0 69 0 120
0 62 0 0
0 67 55 0
0 71 64 0
0 71 0 480
0 67 0 0
0 43 60 0
0 43 0 460
0 55 52 20
0 60 52 0
0 64 62 0
0 64 0 360
0 60 0 0
0 55 0 0
0 60 58 0
0 60 0 120
0 55 55 0
0 62 64 0
0 62 0 480
0 55 0 0
0 43 58 0
0 43 0 480
0 55 52 0
0 60 52 0
0 64 62 0
0 64 0 360
0 60 0 0
0 55 0 0
0 60 58 0
0 60 0 120
0 55 55 0
0 62 64 0
0 62 0 480
0 55 0 0
0 43 58 0
0 43 0 480
0 43 44 0
0 43 0 240
0 48 40 0
0 48 0 240
0 50 44 0
0 50 0 240
0 55 48 0
0 55 0 240
0 60 51 0
0 60 0 240
0 64 55 0
0 64 0 240
0 50 50 0
0 57 50 0
0 60 59 0
0 60 0 960
0 57 0 0
0 50 0 0
0 38 41 0
0 38 0 480
0 50 33 0
0 57 33 0
0 60 39 0
0 60 0 480
0 57 0 0
0 50 0 0
0 38 41 0
0 38 0 480
0 50 33 0
0 60 39 0
0 57 33 0
0 57 0 480
0 60 0 0
0 50 0 0
0 38 41 0
0 38 0 480
0 50 38 0
0 60 46 0
0 57 38 0
0 57 0 480
0 60 0 0
0 50 0 0
0 38 50 0
0 38 0 480
0 50 42 0
0 57 42 0
0 60 51 0
0 60 0 1440
0 57 0 0
0 50 0 0
0 38 56 0
0 38 0 480
0 50 48 0
0 50 0 240
0 48 41 0
0 48 0 240
0 47 47 0
0 47 0 240
0 45 49 0
0 45 0 240
0 50 51 0
0 43 42 0
0 43 0 360
0 50 0 0
0 43 39 0
0 50 47 0
0 50 0 120
0 43 0 0
0 50 51 0
0 43 42 0
0 43 0 480
0 50 0 0
0 50 49 240
0 50 0 230
0 50 51 17
0 43 42 0
0 43 39 353
0 50 47 0
0 43 0 7
0 50 0 0
0 43 0 113
0 50 0 0
0 43 42 0
0 50 51 0
0 50 0 480
0 43 0 0
0 48 50 480
0 48 0 240
0 47 47 0
0 47 0 240
0 45 52 0
0 45 0 480
0 50 47 0
0 50 0 480
0 43 55 0
0 43 0 480
0 55 48 0
0 55 0 480
0 43 46 480
0 43 0 240
0 50 31 0
0 50 0 240
0 55 41 0
0 55 0 240
0 50 31 0
0 50 0 240
0 55 41 0
0 55 0 240
0 50 31 0
0 50 0 240
0 38 42 0
0 38 0 240
0 50 30 0
0 50 0 240
0 54 38 0
0 54 0 240
0 50 31 0
0 50 0 240
0 54 39 0
0 54 0 240
0 50 33 0
0 50 0 240
0 38 46 0
0 38 0 240
0 50 31 0
0 50 0 240
0 54 41 0
0 54 0 240
0 50 31 0
0 50 0 240
0 54 41 0
0 54 0 240
0 50 31 0
0 50 0 240
0 43 42 14
0 50 30 226
0 43 0 14
0 50 0 226
0 55 38 0
0 55 0 240
0 50 31 0
0 50 0 240
0 55 38 14
0 55 0 240
0 50 51 226
0 43 42 0
0 43 0 360
0 50 0 0
0 43 39 0
0 50 47 0
0 50 0 120
0 43 0 0
0 50 51 0
0 43 42 0
0 43 0 480
0 50 0 0
0 50 49 240
0 50 0 216
0 50 51 31
0 43 42 0
0 43 39 353
0 50 47 0
0 43 0 7
0 50 0 0
0 43 0 113
0 50 0 0
0 43 42 0
0 50 51 0
0 50 0 480
0 43 0 0
0 52 49 240
0 52 0 240
0 48 50 0
0 48 0 240
0 47 47 0
0 47 0 240
0 45 52 0
0 45 0 480
0 50 47 0
0 50 0 480
0 43 55 0
0 43 0 480
0 55 48 0
0 55 0 480
0 67 42 240
0 67 0 216
0 67 46 24
0 67 0 480
0 67 41 0
0 67 0 720
0 68 46 0
0 68 0 240
0 69 51 0
0 69 0 240
0 57 38 240
0 57 0 240
0 64 34 0
0 64 0 240
0 69 39 0
0 69 0 240
0 67 35 0
0 67 0 240
0 66 46 0
0 66 0 240
0 64 38 0
0 64 0 240
0 62 41 0
0 62 0 480
0 64 41 0
0 64 0 240
0 66 40 0
0 66 0 240
0 67 42 0
0 67 0 240
0 55 47 240
0 55 0 240
0 65 40 0
0 65 0 240
0 64 46 0
0 64 0 240
0 62 51 0
0 62 0 240
0 60 51 0
0 60 0 480
0 48 51 0
0 55 60 0
0 55 0 360
0 48 0 0
0 48 47 0
0 55 56 0
0 55 0 108
0 48 0 0
0 48 51 12
0 55 60 0
0 55 0 240
0 48 0 0
0 49 52 240
0 58 58 0
0 58 0 480
0 49 0 0
0 49 58 0
0 58 70 0
0 58 0 360
0 49 0 0
0 49 55 0
0 58 63 0
0 58 0 108
0 49 0 0
0 49 58 12
0 58 70 0
0 58 0 240
0 49 0 0
0 50 50 240
0 50 0 240
0 55 47 0
0 55 0 120
0 59 51 0
0 59 0 120
0 62 56 0
0 62 0 240
0 38 38 240
0 50 47 0
0 50 0 480
0 38 0 0
0 43 42 0
0 43 0 240
0 50 36 0
0 50 0 240
0 55 39 0
0 55 0 240
0 50 36 0
0 50 0 240
0 55 39 0
0 55 0 240
0 50 36 0
0 50 0 240
0 43 44 0
0 43 0 240
0 50 36 0
0 50 0 240
0 54 39 0
0 54 0 240
0 50 36 0
0 50 0 240
0 54 41 0
0 54 0 240
0 50 36 0
0 50 0 240
0 43 44 0
0 43 0 240
0 50 35 0
0 50 0 240
0 55 39 0
0 55 0 240
0 50 35 0
0 50 0 240
0 55 35 0
0 55 0 240
0 50 35 0
0 50 0 240
0 43 44 0
0 43 0 240
0 50 38 0
0 50 0 240
0 54 41 0
0 54 0 240
0 50 38 0
0 50 0 240
0 54 42 0
0 54 0 240
0 50 38 0
0 50 0 240
0 43 44 0
0 43 0 240
0 50 34 0
0 50 0 240
0 55 41 0
0 55 0 240
0 50 34 0
0 50 0 240
0 55 34 0
0 55 0 240
0 50 34 0
0 50 0 240
0 43 44 0
0 43 0 240
0 50 35 0
0 50 0 240
0 55 44 0
0 55 0 240
0 50 34 0
0 50 0 240
0 55 34 0
0 55 0 240
0 50 34 0
0 50 0 240
0 43 44 0
0 43 0 240
0 50 36 0
0 50 0 240
0 55 42 0
0 55 0 240
0 50 33 0
0 50 0 240
0 55 37 0
0 55 0 240
0 50 31 0
0 50 0 240
0 43 44 0
0 43 0 240
0 50 34 0
0 50 0 240
0 55 39 0
0 55 0 240
0 50 36 0
0 50 0 240
0 55 39 0
0 55 0 240
0 50 34 0
0 50 0 240
0 43 38 0
0 43 0 480
0 43 37 960
0 43 0 240
0 55 29 0
0 55 0 240
0 43 29 0
0 43 0 240
0 55 29 0
0 55 0 240
0 43 37 0
0 43 0 240
0 55 29 0
0 55 0 240
0 43 29 0
0 43 0 240
0 55 29 0
0 55 0 240
0 43 37 0
0 43 0 240
0 55 29 0
0 55 0 240
0 43 29 0
0 43 0 240
0 55 29 0
0 55 0 240
0 43 36 0
0 43 0 240
0 55 29 0
0 55 0 240
0 43 29 0
0 43 0 240
0 55 29 0
0 55 0 240
0 43 40 0
0 43 0 240
0 55 30 0
0 55 0 240
0 43 30 0
0 43 0 240
0 55 30 0
0 55 0 240
0 43 40 0
0 43 0 240
0 55 33 0
0 55 0 240
0 43 33 0
0 43 0 240
0 55 33 0
0 55 0 240
0 43 40 0
0 43 0 240
0 55 30 0
0 55 0 240
0 43 30 0
0 43 0 240
0 55 30 0
0 55 0 240
0 43 39 0
0 43 0 240
0 55 30 0
0 55 0 240
0 43 30 0
0 43 0 240
0 55 30 0
0 55 0 240
0 43 46 0
0 43 0 240
0 55 36 0
0 55 0 240
0 43 36 0
0 43 0 240
0 55 36 0
0 55 0 240
0 43 46 0
0 43 0 240
0 55 38 0
0 55 0 240
0 43 38 0
0 43 0 240
0 55 38 0
0 55 0 240
0 43 48 0
0 43 0 240
0 55 37 0
0 55 0 240
0 43 37 0
0 43 0 240
0 55 37 0
0 55 0 240
0 43 50 0
0 43 0 240
0 55 41 0
0 55 0 240
0 43 41 0
0 43 0 240
0 55 41 0
0 55 0 240
0 43 57 0
0 43 0 480
0 69 59 0
0 69 0 240
0 67 59 0
0 67 0 240
0 65 59 0
0 65 0 240
0 64 58 0
0 64 0 240
0 62 58 0
0 62 0 240
0 60 57 0
0 60 0 240
0 60 57 0
0 60 0 480
0 55 52 0
0 55 0 480
0 59 59 0
0 59 0 480
0 60 53 480
0 64 53 0
0 67 63 0
0 67 0 480
0 64 0 0
0 60 0 0
0 36 79 0
0 36 0 480
0 60 53 0
0 65 53 0
0 69 53 0
0 69 0 480
0 65 0 0
0 60 0 0
0 41 79 0
0 41 0 480
0 60 60 0
0 64 60 0
0 67 70 0
0 67 0 480
0 64 0 0
0 60 0 0
0 36 78 0
0 36 0 240
0 62 55 0
0 65 66 0
0 65 0 240
0 62 0 0
0 60 60 0
0 64 70 0
0 64 0 480
0 60 0 0
0 62 55 0
0 65 66 0
0 65 0 480
0 62 0 0
0 60 53 0
0 64 53 0
0 67 63 0
0 67 0 480
0 64 0 0
0 60 0 0
0 36 75 0
0 36 0 480
0 60 53 0
0 65 53 0
0 69 53 0
0 69 0 480
0 65 0 0
0 60 0 0
0 41 79 0
0 41 0 480
0 60 60 0
0 64 60 0
0 67 70 0
0 67 0 480
0 64 0 0
0 60 0 0
0 36 77 0
0 36 0 240
0 62 55 0
0 65 66 0
0 65 0 240
0 62 0 0
0 60 60 0
0 64 70 0
0 64 0 480
0 60 0 0
0 62 55 0
0 65 66 0
0 65 0 480
0 62 0 0
0 60 53 0
0 64 53 0
0 67 63 0
0 67 0 480
0 64 0 0
0 60 0 0
0 36 76 0
0 36 0 480
0 59 53 0
0 62 53 0
0 67 53 0
0 67 0 480
0 62 0 0
0 59 0 0
0 31 79 0
0 31 0 480
0 62 62 0
0 66 62 0
0 69 73 0
0 69 0 480
0 66 0 0
0 62 0 0
0 38 80 0
0 38 0 480
0 62 66 0
0 67 66 0
0 71 77 0
0 71 0 480
0 67 0 0
0 62 0 0
0 64 61 0
0 69 61 0
0 72 73 0
0 72 0 480
0 69 0 0
0 64 0 0
0 62 61 0
0 67 61 0
0 71 72 0
0 71 0 480
0 67 0 0
0 62 0 0
0 38 82 0
0 38 0 480
0 62 53 0
0 69 53 0
0 69 0 480
0 62 0 0
0 38 72 0
0 38 0 480
0 59 53 0
0 62 53 0
0 67 63 0
0 67 0 480
0 62 0 0
0 59 0 0
0 43 58 0
0 43 0 480
0 31 63 0
0 31 0 480
0 55 45 480
0 59 45 0
0 62 53 0
0 62 0 480
0 59 0 0
0 55 0 0
0 43 53 0
0 43 0 240
0 60 40 0
0 64 49 0
0 64 0 240
0 60 0 0
0 59 45 0
0 62 53 0
0 62 0 480
0 59 0 0
0 60 44 0
0 64 51 0
0 64 0 480
0 60 0 0
0 55 47 0
0 62 47 0
0 65 56 0
0 65 0 720
0 62 0 0
0 55 0 0
0 67 53 0
0 64 45 0
0 64 0 240
0 67 0 0
0 62 47 0
0 65 56 0
0 65 0 960
0 62 0 0
0 55 49 0
0 60 49 0
0 64 59 0
0 64 0 480
0 60 0 0
0 55 0 0
0 48 59 0
0 48 0 240
0 62 45 0
0 65 55 0
0 65 0 240
0 62 0 0
0 60 49 0
0 64 59 0
0 64 0 480
0 60 0 0
0 62 48 0
0 65 57 0
0 65 0 480
0 62 0 0
0 60 50 0
0 64 50 0
0 67 60 0
0 67 0 720
0 64 0 0
0 60 0 0
0 69 59 0
0 65 49 0
0 65 0 240
0 69 0 0
0 64 50 0
0 67 60 0
0 67 0 960
0 64 0 0
0 69 58 0
0 72 69 0
0 72 0 480
0 69 0 0
0 64 53 0
0 71 64 0
0 71 0 480
0 64 0 0
0 65 56 0
0 69 67 0
0 69 0 480
0 65 0 0
0 60 52 0
0 67 62 0
0 67 0 480
0 60 0 0
0 53 53 0
0 60 64 0
0 60 0 960
0 53 0 0
0 49 53 0
0 58 63 0
0 58 0 480
0 49 0 0
0 50 49 0
0 57 58 0
0 57 0 480
0 50 0 0
0 43 50 0
0 43 0 240
0 55 37 0
0 55 0 240
0 43 48 0
0 43 0 240
0 55 41 0
0 55 0 240
0 43 37 0
0 43 0 240
0 55 30 0
0 55 0 240
0 43 37 0
0 43 0 240
0 55 29 0
0 55 0 240
0 48 38 0
0 52 38 0
0 52 0 240
0 48 0 0
0 48 42 0
0 48 0 240
0 52 45 0
0 52 0 240
0 55 48 0
0 55 0 240
0 60 50 0
0 60 0 240
0 67 48 720
0 67 0 480
0 67 48 0
0 67 0 960
0 67 41 0
0 67 0 960
0 67 42 0
0 67 0 960
0 68 48 0
0 68 0 480
0 69 48 0
0 69 0 480
0 69 44 0
0 69 0 480
0 67 44 0
0 67 0 480
0 65 48 0
0 69 48 0
0 69 0 480
0 65 0 0
0 64 48 0
0 67 48 0
0 67 0 480
0 64 0 0
0 63 46 0
0 66 46 0
0 66 0 480
0 63 0 0
0 62 47 0
0 65 47 0
0 65 0 480
0 62 0 0
0 67 49 0
0 67 0 480
0 60 58 0
0 67 69 0
0 67 0 960
0 60 0 0
0 53 56 0
0 60 67 0
0 60 0 960
0 53 0 0
0 48 53 0
0 55 53 0
0 60 64 0
0 60 0 960
0 55 0 0
0 48 0 0
0 41 53 0
0 53 63 0
0 53 0 960
0 41 0 0
0 55 46 0
0 43 37 0
0 43 0 960
0 55 0 0
0 43 39 0
0 55 39 0
0 55 0 960
0 43 0 0
0 36 36 0
0 36 0 240
0 48 29 0
0 48 0 240
0 36 30 0
0 36 0 240
0 48 30 0
0 48 0 240
0 36 28 0
0 36 0 240
0 48 28 0
0 48 0 240
0 36 28 0
0 36 0 240
0 48 28 0
0 48 0 240
0 36 34 0
0 36 0 240
0 48 29 0
0 48 0 240
0 36 29 0
0 36 0 240
0 48 29 0
0 48 0 240
0 36 29 0
0 36 0 240
0 48 29 0
0 48 0 240
0 36 29 0
0 36 0 240
0 48 29 0
0 48 0 240
0 36 33 0
0 36 0 240
0 48 28 0
0 48 0 240
0 36 28 0
0 36 0 240
0 48 28 0
0 48 0 240
0 36 28 0
0 36 0 240
0 48 28 0
0 48 0 240
0 36 28 0
0 36 0 240
0 48 28 0
0 48 0 240
0 36 34 0
0 36 0 240
0 48 34 0
0 48 0 240
0 36 35 0
0 36 0 240
0 48 36 0
0 48 0 240
0 36 37 0
0 36 0 240
0 48 37 0
0 48 0 240
0 36 38 0
0 36 0 240
0 48 39 0
0 48 0 240
0 36 40 0
0 36 0 240
0 48 40 0
0 48 0 240
0 36 41 0
0 36 0 240
0 48 42 0
0 48 0 240
0 36 44 0
0 36 0 240
0 48 46 0
0 48 0 240
0 36 47 0
0 36 0 240
0 48 48 0
0 48 0 240
0 36 49 0
0 36 0 240
0 48 42 0
0 48 0 240
0 36 42 0
0 36 0 240
0 48 42 0
0 48 0 240
0 36 42 0
0 36 0 240
0 48 42 0
0 48 0 240
0 36 35 0
0 36 0 240
0 48 35 0
0 48 0 240
0 36 42 0
0 36 0 240
0 48 35 0
0 48 0 240
0 36 34 0
0 36 0 240
0 48 33 0
0 48 0 240
0 36 31 0
0 36 0 240
0 48 30 0
0 48 0 240
0 36 29 0
0 36 0 240
0 48 29 0
0 48 0 240
0 36 29 0
0 36 0 228
0 36 28 12
0 36 0 240
0 40 29 0
0 40 0 240
0 43 30 0
0 43 0 240
0 48 31 0
0 48 0 240
0 67 31 960
0 67 0 240
0 72 33 0
0 72 0 240
0 76 34 0
0 76 0 240
0 79 35 0
0 79 0 240
0 72 34 720
0 79 34 0
0 79 0 1440
0 72 0 0
0 48 24 480
0 55 28 0
0 55 0 951
0 48 0 0
0 48 24 9
0 55 28 0
0 55 0 951
0 48 0 0
0 48 24 9
0 55 28 0
0 55 0 1440
0 48 0 0
0 48 24 480
0 55 28 0
0 55 0 1440
0 48 0 0
0 36 28 480
0 36 0 1440
