0 72 40 0
0 72 0 120
0 74 42 0
0 74 0 120
0 76 46 0
0 76 0 120
0 77 49 0
0 77 0 120
0 78 52 0
0 78 0 120
0 79 54 0
0 79 0 120
0 81 55 0
0 81 0 120
0 79 51 0
0 79 0 120
0 78 53 0
0 78 0 120
0 79 50 0
0 79 0 120
0 81 53 0
0 81 0 120
0 83 49 0
0 83 0 120
0 84 46 0
0 84 0 120
0 86 48 0
0 86 0 120
0 88 52 0
0 88 0 120
0 89 56 0
0 89 0 120
0 90 59 0
0 90 0 120
0 91 62 0
0 91 0 120
0 93 63 0
0 93 0 120
0 91 58 0
0 91 0 120
0 90 60 0
0 90 0 120
0 91 57 0
0 91 0 120
0 93 60 0
0 93 0 120
0 95 56 0
0 95 0 120
0 96 65 0
0 96 0 120
0 100 67 0
0 100 0 120
0 103 69 0
0 103 0 120
0 101 64 0
0 101 0 120
0 100 69 0
0 100 0 120
0 98 64 0
0 98 0 120
0 96 68 0
0 96 0 120
0 95 59 0
0 95 0 120
0 93 68 0
0 93 0 120
0 91 61 0
0 91 0 120
0 89 66 0
0 89 0 120
0 88 61 0
0 88 0 120
0 86 63 0
0 86 0 120
0 88 65 0
0 88 0 120
0 89 65 0
0 89 0 120
0 88 62 0
0 88 0 120
0 86 61 0
0 86 0 120
0 84 59 0
0 84 0 120
0 83 57 0
0 83 0 120
0 81 51 0
0 81 0 120
0 79 53 0
0 79 0 120
0 77 48 0
0 77 0 120
0 76 54 0
0 76 0 120
0 74 46 0
0 74 0 120
0 72 40 0
0 72 0 120
0 74 42 0
0 74 0 120
0 76 46 0
0 76 0 120
0 77 49 0
0 77 0 120
0 78 52 0
0 78 0 120
0 79 54 0
0 79 0 120
0 81 55 0
0 81 0 120
0 79 51 0
0 79 0 120
0 78 53 0
0 78 0 120
0 79 50 0
0 79 0 120
0 81 53 0
0 81 0 120
0 83 49 0
0 83 0 120
0 84 46 0
0 84 0 120
0 86 48 0
0 86 0 120
0 88 52 0
0 88 0 120
0 89 54 0
0 89 0 120
0 90 59 0
0 90 0 120
0 91 62 0
0 91 0 120
0 93 63 0
0 93 0 120
0 91 58 0
0 91 0 120
0 90 60 0
0 90 0 120
0 91 57 0
0 91 0 120
0 93 60 0
0 93 0 120
0 95 56 0
0 95 0 120
0 96 65 0
0 96 0 120
0 98 67 0
0 98 0 120
0 100 69 0
0 100 0 120
0 98 64 0
0 98 0 120
0 96 69 0
0 96 0 120
0 95 64 0
0 95 0 120
0 93 68 0
0 93 0 120
0 95 59 0
0 95 0 120
0 96 68 0
0 96 0 120
0 95 61 0
0 95 0 120
0 93 66 0
0 93 0 120
0 91 61 0
0 91 0 120
0 90 63 0
0 90 0 120
0 88 64 0
0 88 0 120
0 86 62 0
0 86 0 120
0 84 62 0
0 84 0 120
0 83 61 0
0 83 0 120
0 81 59 0
0 81 0 120
0 79 51 0
0 79 0 120
0 78 40 0
0 78 0 120
0 81 48 0
0 81 0 120
0 79 37 0
0 79 0 120
0 77 42 0
0 77 0 120
0 74 35 0
0 74 0 120
0 72 40 0
0 72 0 120
0 74 42 0
0 74 0 120
0 76 46 0
0 76 0 120
0 77 49 0
0 77 0 120
0 78 52 0
0 78 0 120
0 79 54 0
0 79 0 120
0 81 55 0
0 81 0 120
0 79 51 0
0 79 0 120
0 78 53 0
0 78 0 120
0 79 50 0
0 79 0 120
0 81 53 0
0 81 0 120
0 83 49 0
0 83 0 120
0 84 46 0
0 84 0 120
0 86 48 0
0 86 0 120
0 88 52 0
0 88 0 120
0 89 56 0
0 89 0 120
0 90 59 0
0 90 0 120
0 91 62 0
0 91 0 120
0 93 63 0
0 93 0 120
0 91 58 0
0 91 0 120
0 90 60 0
0 90 0 120
0 91 57 0
0 91 0 120
0 93 60 0
0 93 0 120
0 95 56 0
0 95 0 120
0 96 65 0
0 96 0 120
0 100 67 0
0 100 0 120
0 103 69 0
0 103 0 120
0 101 64 0
0 101 0 120
0 100 69 0
0 100 0 120
0 98 64 0
0 98 0 120
0 96 68 0
0 96 0 120
0 95 59 0
0 95 0 120
0 93 68 0
0 93 0 120
0 91 61 0
0 91 0 120
0 89 66 0
0 89 0 120
0 88 61 0
0 88 0 120
0 86 63 0
0 86 0 120
0 88 65 0
0 88 0 120
0 89 65 0
0 89 0 120
0 88 62 0
0 88 0 120
0 86 61 0
0 86 0 120
0 84 59 0
0 84 0 120
0 83 57 0
0 83 0 120
0 81 51 0
0 81 0 120
0 79 53 0
0 79 0 120
0 77 48 0
0 77 0 120
0 76 54 0
0 76 0 120
0 74 46 0
0 74 0 120
0 72 40 0
0 72 0 120
0 74 42 0
0 74 0 120
0 76 46 0
0 76 0 120
0 77 49 0
0 77 0 120
0 78 52 0
0 78 0 120
0 79 54 0
0 79 0 120
0 81 55 0
0 81 0 120
0 79 51 0
0 79 0 120
0 78 53 0
0 78 0 120
0 79 50 0
0 79 0 120
0 81 53 0
0 81 0 120
0 83 49 0
0 83 0 120
0 84 46 0
0 84 0 120
0 86 48 0
0 86 0 120
0 88 52 0
0 88 0 120
0 89 54 0
0 89 0 120
0 90 59 0
0 90 0 120
0 91 62 0
0 91 0 120
0 93 63 0
0 93 0 120
0 91 58 0
0 91 0 120
0 90 60 0
0 90 0 120
0 91 57 0
0 91 0 120
0 93 60 0
0 93 0 120
0 95 56 0
0 95 0 120
0 96 65 0
0 96 0 120
0 98 67 0
0 98 0 120
0 100 69 0
0 100 0 120
0 98 64 0
0 98 0 120
0 96 69 0
0 96 0 120
0 95 64 0
0 95 0 120
0 93 68 0
0 93 0 120
0 95 59 0
0 95 0 120
0 96 68 0
0 96 0 120
0 95 61 0
0 95 0 120
0 93 66 0
0 93 0 120
0 91 61 0
0 91 0 120
0 90 63 0
0 90 0 120
0 88 64 0
0 88 0 120
0 86 62 0
0 86 0 120
0 84 62 0
0 84 0 120
0 83 61 0
0 83 0 120
0 81 59 0
0 81 0 120
0 79 53 0
0 79 0 120
0 77 63 600
0 77 0 120
0 79 65 0
0 79 0 120
0 81 68 0
0 81 0 120
0 79 70 0
0 79 0 120
0 77 68 0
0 77 0 120
0 76 62 0
0 76 0 120
0 74 64 0
0 74 0 120
0 76 65 0
0 76 0 120
0 77 67 0
0 77 0 120
0 76 68 0
0 76 0 120
0 74 65 0
0 74 0 120
0 72 61 0
0 72 0 120
0 71 65 0
0 71 0 120
0 72 57 0
0 72 0 120
0 71 62 0
0 71 0 120
0 70 58 0
0 70 0 120
0 71 53 0
0 71 0 120
0 81 69 0
0 79 59 120
0 81 0 20
0 79 0 100
0 42 63 600
0 43 65 120
0 42 0 24
0 45 68 96
0 43 0 24
0 43 70 96
0 45 0 24
0 42 68 96
0 43 0 24
0 43 62 96
0 42 0 24
0 47 64 96
0 43 0 24
0 48 65 96
0 47 0 24
0 50 67 96
0 48 0 24
0 48 68 96
0 50 0 24
0 47 65 96
0 48 0 24
0 48 61 96
0 47 0 24
0 51 72 96
0 48 0 24
0 52 67 96
0 51 0 24
0 53 73 96
0 52 0 24
0 52 70 96
0 53 0 24
0 51 68 96
0 52 0 24
0 52 72 96
0 51 0 24
0 55 78 96
0 52 0 24
0 55 0 96
0 77 63 600
0 77 0 120
0 79 65 0
0 79 0 120
0 80 68 0
0 80 0 120
0 79 70 0
0 79 0 120
0 77 68 0
0 77 0 120
0 75 62 0
0 75 0 120
0 74 64 0
0 74 0 120
0 75 65 0
0 75 0 120
0 77 67 0
0 77 0 120
0 75 68 0
0 75 0 120
0 74 65 0
0 74 0 120
0 72 61 0
0 72 0 120
0 71 65 0
0 71 0 120
0 72 57 0
0 72 0 120
0 71 62 0
0 71 0 120
0 70 58 0
0 70 0 120
0 71 53 0
0 71 0 120
0 80 68 0
0 79 59 120
0 80 0 20
0 79 0 100
0 42 63 600
0 43 65 120
0 42 0 24
0 44 68 96
0 43 0 24
0 43 70 96
0 44 0 24
0 42 68 96
0 43 0 24
0 43 62 96
0 42 0 24
0 47 64 96
0 43 0 24
0 48 65 96
0 47 0 24
0 50 67 96
0 48 0 24
0 48 68 96
0 50 0 24
0 47 65 96
0 48 0 24
0 48 61 96
0 47 0 24
0 50 72 96
0 48 0 24
0 51 67 96
0 50 0 24
0 53 73 96
0 51 0 24
0 51 70 96
0 53 0 24
0 50 68 96
0 51 0 24
0 51 72 96
0 50 0 24
0 55 78 96
0 51 0 24
0 55 0 96
0 75 45 600
0 75 0 120
0 77 47 0
0 77 0 120
0 75 50 0
0 75 0 120
0 72 45 0
0 72 0 120
0 84 51 0
0 84 0 120
0 85 68 360
0 85 0 240
0 75 61 0
0 75 0 240
0 75 45 0
0 75 0 120
0 77 47 0
0 77 0 120
0 75 50 0
0 75 0 120
0 72 45 0
0 72 0 120
0 84 51 0
0 84 0 120
0 85 68 360
0 85 0 240
0 75 61 0
0 75 0 240
0 75 47 0
0 75 0 120
0 77 50 0
0 77 0 120
0 75 53 0
0 75 0 120
0 72 47 0
0 72 0 120
0 84 54 0
0 84 0 120
0 76 53 120
0 76 0 120
0 77 56 0
0 77 0 120
0 76 59 0
0 76 0 120
0 72 53 0
0 72 0 120
0 84 61 0
0 84 0 120
0 77 60 120
0 77 0 120
0 79 64 0
0 79 0 120
0 77 67 0
0 77 0 120
0 72 60 0
0 72 0 120
0 84 70 0
0 84 0 120
0 78 68 120
0 78 0 120
0 79 72 0
0 79 0 120
0 78 76 0
0 78 0 120
0 72 68 0
0 72 0 120
0 84 79 0
0 84 0 120
0 79 81 120
0 79 0 120
0 81 69 0
0 81 0 120
0 83 65 0
0 83 0 120
0 84 65 0
0 84 0 90
0 76 79 30
0 76 0 120
0 77 68 0
0 77 0 120
0 78 65 0
0 78 0 120
0 79 65 0
0 79 0 120
0 72 77 0
0 72 0 120
0 74 68 0
0 74 0 120
0 75 64 0
0 75 0 120
0 76 64 0
0 76 0 90
0 67 73 30
0 69 58 120
0 67 0 24
0 71 55 96
0 69 0 24
0 72 55 96
0 71 0 24
0 72 0 66
0 64 67 30
0 65 57 120
0 64 0 24
0 66 55 96
0 65 0 24
0 67 55 96
0 66 0 24
0 67 0 66
0 60 65 30
0 62 57 120
0 60 0 24
0 63 54 96
0 62 0 24
0 64 54 96
0 63 0 24
0 64 0 66
0 55 63 30
0 55 0 480
0 64 57 240
0 67 57 0
0 67 0 720
0 64 0 0
0 63 47 0
0 66 47 0
0 69 47 0
0 69 0 720
0 66 0 0
0 63 0 0
0 71 39 0
0 65 39 0
0 62 39 0
0 62 0 720
0 65 0 0
0 71 0 0
0 72 40 0
0 72 0 120
0 74 42 0
0 74 0 120
0 76 46 0
0 76 0 120
0 77 49 0
0 77 0 120
0 78 52 0
0 78 0 120
0 79 54 0
0 79 0 120
0 81 55 0
0 81 0 120
0 79 51 0
0 79 0 120
0 78 53 0
0 78 0 120
0 79 50 0
0 79 0 120
0 81 53 0
0 81 0 120
0 83 49 0
0 83 0 120
0 84 46 0
0 84 0 120
0 86 48 0
0 86 0 120
0 88 52 0
0 88 0 120
0 89 56 0
0 89 0 120
0 90 59 0
0 90 0 120
0 91 62 0
0 91 0 120
0 93 63 0
0 93 0 120
0 91 58 0
0 91 0 120
0 90 60 0
0 90 0 120
0 91 57 0
0 91 0 120
0 93 60 0
0 93 0 120
0 95 56 0
0 95 0 120
0 96 65 0
0 96 0 120
0 100 67 0
0 100 0 120
0 103 69 0
0 103 0 120
0 101 64 0
0 101 0 120
0 100 69 0
0 100 0 120
0 98 64 0
0 98 0 120
0 96 68 0
0 96 0 120
0 95 59 0
0 95 0 120
0 93 68 0
0 93 0 120
0 91 61 0
0 91 0 120
0 89 66 0
0 89 0 120
0 88 61 0
0 88 0 120
0 86 63 0
0 86 0 120
0 88 65 0
0 88 0 120
0 89 65 0
0 89 0 120
0 88 62 0
0 88 0 120
0 86 61 0
0 86 0 120
0 84 59 0
0 84 0 120
0 83 57 0
0 83 0 120
0 81 51 0
0 81 0 120
0 79 53 0
0 79 0 120
0 77 48 0
0 77 0 120
0 76 54 0
0 76 0 120
0 74 46 0
0 74 0 120
0 72 48 0
0 72 0 120
0 74 50 0
0 74 0 120
0 76 53 0
0 76 0 120
0 77 55 0
0 77 0 120
0 78 58 0
0 78 0 120
0 79 62 0
0 79 0 120
0 81 77 0
0 81 0 120
0 79 66 0
0 79 0 120
0 78 66 0
0 78 0 120
0 79 57 0
0 79 0 120
0 81 60 0
0 81 0 120
0 79 56 0
0 79 0 90
0 79 76 30
0 79 0 120
0 77 54 0
0 77 0 120
0 76 52 0
0 76 0 120
0 77 49 0
0 77 0 120
0 79 57 0
0 79 0 120
0 77 51 0
0 77 0 90
0 77 72 30
0 77 0 120
0 76 49 0
0 76 0 120
0 75 55 0
0 75 0 120
0 76 47 0
0 76 0 120
0 77 55 0
0 77 0 120
0 76 49 0
0 76 0 90
0 76 74 30
0 76 0 120
0 74 48 0
0 74 0 120
0 73 52 0
0 73 0 120
0 74 56 0
0 74 0 120
0 73 59 0
0 73 0 120
0 74 62 0
0 74 0 90
0 75 70 30
0 75 0 120
0 72 62 0
0 72 0 120
0 71 70 0
0 71 0 120
0 72 63 0
0 72 0 120
0 71 67 0
0 71 0 120
0 72 56 0
0 72 0 120
0 67 59 0
0 67 0 120
0 79 66 0
0 79 0 120
0 77 63 0
0 77 0 120
0 76 63 0
0 76 0 120
0 74 62 0
0 74 0 120
0 72 62 0
0 72 0 120
0 71 61 0
0 71 0 120
0 69 55 0
0 69 0 120
0 67 54 0
0 67 0 120
0 65 51 0
0 65 0 120
0 64 49 0
0 64 0 120
0 62 46 0
0 62 0 120
0 60 48 0
0 62 55 120
0 60 0 24
0 63 57 96
0 62 0 24
0 64 60 96
0 63 0 24
0 64 0 96
0 59 59 240
0 60 58 120
0 59 0 24
0 61 53 96
0 60 0 24
0 62 50 96
0 61 0 24
0 62 0 96
0 60 48 240
0 62 55 120
0 60 0 24
0 63 57 96
0 62 0 24
0 64 60 96
0 63 0 24
0 64 0 96
0 59 59 240
0 60 58 120
0 59 0 24
0 61 53 96
0 60 0 24
0 62 50 96
0 61 0 24
0 62 0 96
0 60 52 240
0 62 61 120
0 60 0 24
0 63 63 96
0 62 0 24
0 64 67 96
0 63 0 24
0 64 0 96
0 55 64 240
0 57 59 120
0 55 0 24
0 59 60 96
0 57 0 24
0 60 60 96
0 59 0 24
0 60 0 96
0 52 68 240
0 53 62 120
0 52 0 24
0 54 63 96
0 53 0 24
0 55 63 96
0 54 0 24
0 55 0 96
0 48 71 240
0 50 65 120
0 48 0 24
0 51 66 96
0 50 0 24
0 52 66 96
0 51 0 24
0 52 0 96
0 56 92 240
0 56 0 180
0 66 69 540
0 74 81 0
0 72 69 0
0 72 0 180
0 74 0 0
0 66 0 0
0 55 88 540
0 55 0 180
0 79 80 540
0 71 68 0
0 67 68 0
0 67 0 180
0 71 0 0
0 79 0 0
0 60 96 540
0 60 0 180
0 72 76 540
0 76 76 0
0 84 90 0
0 84 0 180
0 76 0 0
0 72 0 0
0 64 30 0
0 60 25 0
0 60 0 120
0 64 0 0
0 55 29 120
0 55 0 120
0 55 29 120
0 55 0 120
0 59 22 120
0 65 26 0
0 65 0 120
0 59 0 0
0 55 33 120
0 55 0 120
0 55 24 120
0 55 0 120
0 64 30 120
0 60 25 0
0 60 0 120
0 64 0 0
0 55 29 120
0 55 0 120
0 55 29 120
0 55 0 120
0 65 35 120
0 59 29 0
0 59 0 120
0 65 0 0
0 55 45 120
0 55 0 120
0 55 41 120
0 55 0 120
0 60 54 120
0 64 64 0
0 64 0 120
0 60 0 0
0 60 46 120
0 64 56 0
0 64 0 120
0 60 0 0
0 52 49 360
0 55 49 0
0 60 58 0
0 60 0 120
0 55 0 0
0 52 0 0
0 52 44 120
0 60 52 0
0 55 44 0
0 55 0 120
0 60 0 0
0 52 0 0
0 62 56 360
0 57 47 0
0 53 47 0
0 53 0 120
0 57 0 0
0 62 0 0
0 62 48 120
0 57 40 0
0 53 40 0
0 53 0 120
0 57 0 0
0 62 0 0
0 55 34 360
0 59 34 0
0 65 41 0
0 65 0 120
0 59 0 0
0 55 0 0
0 55 26 120
0 59 26 0
0 65 31 0
0 65 0 120
0 59 0 0
0 55 0 0
0 64 30 360
0 60 25 0
0 60 0 120
0 64 0 0
0 55 29 120
0 55 0 120
0 55 29 120
0 55 0 120
0 59 22 120
0 65 26 0
0 65 0 120
0 59 0 0
0 55 33 120
0 55 0 120
0 55 24 120
0 55 0 120
0 64 30 120
0 60 25 0
0 60 0 120
0 64 0 0
0 55 29 120
0 55 0 120
0 55 29 120
0 55 0 120
0 65 35 120
0 59 29 0
0 59 0 120
0 65 0 0
0 55 45 120
0 55 0 120
0 55 41 120
0 55 0 120
0 60 54 120
0 64 64 0
0 64 0 120
0 60 0 0
0 60 46 120
0 64 56 0
0 64 0 120
0 60 0 0
0 48 49 360
0 52 49 0
0 57 58 0
0 57 0 120
0 52 0 0
0 48 0 0
0 48 44 120
0 57 52 0
0 52 44 0
0 52 0 120
0 57 0 0
0 48 0 0
0 60 56 360
0 54 47 0
0 50 47 0
0 50 0 120
0 54 0 0
0 60 0 0
0 60 47 120
0 54 39 0
0 50 39 0
0 50 0 120
0 54 0 0
0 60 0 0
0 55 34 360
0 59 40 0
0 59 0 120
0 55 0 0
0 64 30 600
0 60 25 0
0 60 0 120
0 64 0 0
0 55 29 120
0 55 0 120
0 55 29 120
0 55 0 120
0 59 22 120
0 65 26 0
0 65 0 120
0 59 0 0
0 55 33 120
0 55 0 120
0 55 24 120
0 55 0 120
0 64 30 120
0 60 25 0
0 60 0 120
0 64 0 0
0 55 29 120
0 55 0 120
0 55 29 120
0 55 0 120
0 65 35 120
0 59 29 0
0 59 0 120
0 65 0 0
0 55 45 120
0 55 0 120
0 55 41 120
0 55 0 120
0 60 54 120
0 64 64 0
0 64 0 120
0 60 0 0
0 60 46 120
0 64 56 0
0 64 0 120
0 60 0 0
0 52 49 360
0 55 49 0
0 60 58 0
0 60 0 120
0 55 0 0
0 52 0 0
0 52 44 120
0 60 52 0
0 55 44 0
0 55 0 120
0 60 0 0
0 52 0 0
0 62 57 360
0 57 48 0
0 53 48 0
0 53 0 120
0 57 0 0
0 62 0 0
0 62 48 120
0 57 40 0
0 53 40 0
0 53 0 120
0 57 0 0
0 62 0 0
0 55 34 360
0 59 34 0
0 65 41 0
0 65 0 120
0 59 0 0
0 55 0 0
0 55 26 120
0 59 26 0
0 65 31 0
0 65 0 120
0 59 0 0
0 55 0 0
0 64 30 360
0 60 25 0
0 60 0 120
0 64 0 0
0 55 29 120
0 55 0 120
0 55 29 120
0 55 0 120
0 59 22 120
0 65 26 0
0 65 0 120
0 59 0 0
0 55 33 120
0 55 0 120
0 55 24 120
0 55 0 120
0 64 30 120
0 60 25 0
0 60 0 120
0 64 0 0
0 55 29 120
0 55 0 120
0 55 29 120
0 55 0 120
0 65 35 120
0 59 29 0
0 59 0 120
0 65 0 0
0 55 45 120
0 55 0 120
0 55 41 120
0 55 0 120
0 60 54 120
0 64 64 0
0 64 0 120
0 60 0 0
0 60 46 120
0 64 56 0
0 64 0 120
0 60 0 0
0 48 49 360
0 52 49 0
0 57 58 0
0 57 0 120
0 52 0 0
0 48 0 0
0 48 44 120
0 57 52 0
0 52 44 0
0 52 0 120
0 57 0 0
0 48 0 0
0 60 56 360
0 54 46 0
0 50 46 0
0 50 0 120
0 54 0 0
0 60 0 0
0 60 46 120
0 54 38 0
0 50 38 0
0 50 0 120
0 54 0 0
0 60 0 0
0 55 32 360
0 59 38 0
0 59 0 120
0 55 0 0
0 55 38 120
0 55 0 120
0 55 38 120
0 55 0 120
0 59 32 120
0 65 38 0
0 55 32 0
0 55 0 120
0 65 0 0
0 59 0 0
0 65 32 120
0 59 27 0
0 55 27 0
0 55 0 120
0 59 0 0
0 65 0 0
0 65 32 120
0 59 27 0
0 55 27 0
0 55 0 120
0 59 0 0
0 65 0 0
0 65 38 120
0 59 32 0
0 55 32 0
0 55 0 120
0 59 0 0
0 65 0 0
0 65 33 120
0 59 28 0
0 55 28 0
0 55 0 120
0 59 0 0
0 65 0 0
0 65 32 120
0 59 27 0
0 55 27 0
0 55 0 120
0 59 0 0
0 65 0 0
0 55 34 120
0 65 40 0
0 59 34 0
0 59 0 120
0 65 0 0
0 55 0 0
0 65 32 120
0 59 27 0
0 55 27 0
0 55 0 120
0 59 0 0
0 65 0 0
0 55 22 120
0 59 22 0
0 65 27 0
0 65 0 120
0 59 0 0
0 55 0 0
0 59 29 120
0 65 35 0
0 55 29 0
0 55 0 120
0 65 0 0
0 59 0 0
0 65 24 120
0 59 20 0
0 55 20 0
0 55 0 120
0 59 0 0
0 65 0 0
0 65 22 120
0 59 18 0
0 55 18 0
0 55 0 120
0 59 0 0
0 65 0 0
0 60 40 120
0 64 47 0
0 64 0 120
0 60 0 0
0 64 40 120
0 60 33 0
0 60 0 120
0 64 0 0
0 64 40 120
0 60 33 0
0 60 0 120
0 64 0 0
0 64 47 120
0 60 40 0
0 60 0 120
0 64 0 0
0 64 41 120
0 60 35 0
0 60 0 120
0 64 0 0
0 64 40 120
0 60 33 0
0 60 0 120
0 64 0 0
0 60 50 120
0 64 60 0
0 64 0 120
0 60 0 0
0 64 56 120
0 60 47 0
0 60 0 120
0 64 0 0
0 60 43 120
0 64 52 0
0 64 0 120
0 60 0 0
0 64 60 120
0 60 50 0
0 60 0 120
0 64 0 0
0 60 45 120
0 64 53 0
0 64 0 120
0 60 0 0
0 60 45 120
0 64 53 0
0 64 0 120
0 60 0 0
0 59 32 120
0 65 38 0
0 55 32 0
0 55 0 120
0 65 0 0
0 59 0 0
0 65 32 120
0 59 27 0
0 55 27 0
0 55 0 120
0 59 0 0
0 65 0 0
0 65 32 120
0 59 27 0
0 55 27 0
0 55 0 120
0 59 0 0
0 65 0 0
0 65 38 120
0 59 32 0
0 55 32 0
0 55 0 120
0 59 0 0
0 65 0 0
0 65 33 120
0 59 28 0
0 55 28 0
0 55 0 120
0 59 0 0
0 65 0 0
0 65 32 120
0 59 27 0
0 55 27 0
0 55 0 120
0 59 0 0
0 65 0 0
0 55 34 120
0 65 40 0
0 59 34 0
0 59 0 120
0 65 0 0
0 55 0 0
0 65 32 120
0 59 27 0
0 55 27 0
0 55 0 120
0 59 0 0
0 65 0 0
0 55 22 120
0 59 22 0
0 65 27 0
0 65 0 120
0 59 0 0
0 55 0 0
0 59 29 120
0 65 35 0
0 55 29 0
0 55 0 120
0 65 0 0
0 59 0 0
0 65 24 120
0 59 20 0
0 55 20 0
0 55 0 120
0 59 0 0
0 65 0 0
0 65 22 120
0 59 18 0
0 55 18 0
0 55 0 120
0 59 0 0
0 65 0 0
0 60 40 120
0 63 47 0
0 63 0 120
0 60 0 0
0 63 40 120
0 60 33 0
0 60 0 120
0 63 0 0
0 63 40 120
0 60 33 0
0 60 0 120
0 63 0 0
0 63 47 120
0 60 40 0
0 60 0 120
0 63 0 0
0 63 41 120
0 60 35 0
0 60 0 120
0 63 0 0
0 63 40 120
0 60 33 0
0 60 0 120
0 63 0 0
0 60 50 120
0 63 60 0
0 63 0 120
0 60 0 0
0 63 56 120
0 60 47 0
0 60 0 120
0 63 0 0
0 60 43 120
0 63 52 0
0 63 0 120
0 60 0 0
0 63 60 120
0 60 50 0
0 60 0 120
0 63 0 0
0 60 38 120
0 63 45 0
0 63 0 120
0 60 0 0
0 60 38 120
0 63 45 0
0 63 0 120
0 60 0 0
0 60 27 120
0 63 32 0
0 56 27 0
0 56 0 120
0 63 0 0
0 60 0 0
0 63 27 120
0 60 22 0
0 56 22 0
0 56 0 120
0 60 0 0
0 63 0 0
0 63 27 120
0 60 22 0
0 56 22 0
0 56 0 120
0 60 0 0
0 63 0 0
0 55 37 120
0 58 37 0
0 63 44 0
0 63 0 120
0 58 0 0
0 55 0 0
0 55 39 120
0 58 39 0
0 63 46 0
0 63 0 120
0 58 0 0
0 55 0 0
0 63 32 120
0 58 27 0
0 55 27 0
0 55 0 120
0 58 0 0
0 63 0 0
0 60 27 120
0 63 32 0
0 56 27 0
0 56 0 120
0 63 0 0
0 60 0 0
0 63 27 120
0 60 22 0
0 56 22 0
0 56 0 120
0 60 0 0
0 63 0 0
0 63 27 120
0 60 22 0
0 56 22 0
0 56 0 120
0 60 0 0
0 63 0 0
0 55 37 120
0 58 37 0
0 63 44 0
0 63 0 120
0 58 0 0
0 55 0 0
0 55 39 120
0 58 39 0
0 63 46 0
0 63 0 120
0 58 0 0
0 55 0 0
0 63 32 120
0 58 27 0
0 55 27 0
0 55 0 120
0 58 0 0
0 63 0 0
0 60 28 120
0 63 34 0
0 56 28 0
0 56 0 120
0 63 0 0
0 60 0 0
0 63 28 120
0 60 24 0
0 56 24 0
0 56 0 120
0 60 0 0
0 63 0 0
0 63 28 120
0 60 24 0
0 56 24 0
0 56 0 120
0 60 0 0
0 63 0 0
0 60 33 120
0 64 39 0
0 56 33 0
0 56 0 120
0 64 0 0
0 60 0 0
0 64 33 120
0 60 28 0
0 56 28 0
0 56 0 120
0 60 0 0
0 64 0 0
0 64 34 120
0 60 29 0
0 56 29 0
0 56 0 120
0 60 0 0
0 64 0 0
0 60 39 120
0 65 47 0
0 56 39 0
0 56 0 120
0 65 0 0
0 60 0 0
0 65 39 120
0 60 34 0
0 56 34 0
0 56 0 120
0 60 0 0
0 65 0 0
0 65 40 120
0 60 35 0
0 56 35 0
0 56 0 120
0 60 0 0
0 65 0 0
0 60 46 120
0 63 55 0
0 56 46 0
0 56 0 120
0 63 0 0
0 60 0 0
0 63 47 120
0 60 40 0
0 56 40 0
0 56 0 120
0 60 0 0
0 63 0 0
0 63 48 120
0 60 41 0
0 56 41 0
0 56 0 120
0 60 0 0
0 63 0 0
0 64 78 120
0 60 66 0
0 55 66 0
0 55 0 1440
0 60 0 0
0 64 0 0
0 55 58 0
0 57 46 120
0 55 0 24
0 59 44 96
0 57 0 24
0 60 44 96
0 59 0 24
0 60 0 66
0 52 53 30
0 53 45 120
0 52 0 24
0 54 44 96
0 53 0 24
0 55 44 96
0 54 0 24
0 55 0 66
0 48 52 30
0 50 45 120
0 48 0 24
0 51 43 96
0 50 0 24
0 52 43 96
0 51 0 24
0 52 0 66
0 43 43 30
0 43 0 120
0 43 37 120
0 43 0 120
0 43 37 120
0 43 0 120
0 43 30 360
0 55 36 0
0 55 0 120
0 43 0 0
0 43 30 120
0 55 36 0
0 55 0 120
0 43 0 0
0 55 34 360
0 43 28 0
0 43 0 120
0 55 0 0
0 55 34 120
0 43 28 0
0 43 0 120
0 55 0 0
0 55 32 360
0 43 27 0
0 43 0 120
0 55 0 0
0 55 32 120
0 43 27 0
0 43 0 120
0 55 0 0
0 64 30 120
0 60 25 0
0 60 0 120
0 64 0 0
0 55 29 120
0 55 0 120
0 55 29 120
0 55 0 120
0 59 22 120
0 65 26 0
0 65 0 120
0 59 0 0
0 55 33 120
0 55 0 120
0 55 24 120
0 55 0 120
0 64 30 120
0 60 25 0
0 60 0 120
0 64 0 0
0 55 29 120
0 55 0 120
0 55 29 120
0 55 0 120
0 65 35 120
0 59 29 0
0 59 0 120
0 65 0 0
0 55 45 120
0 55 0 120
0 55 41 120
0 55 0 120
0 60 54 120
0 64 64 0
0 64 0 120
0 60 0 0
0 60 46 120
0 64 56 0
0 64 0 120
0 60 0 0
0 52 49 360
0 55 49 0
0 60 58 0
0 60 0 120
0 55 0 0
0 52 0 0
0 52 44 120
0 60 52 0
0 55 44 0
0 55 0 120
0 60 0 0
0 52 0 0
0 62 57 360
0 57 47 0
0 53 47 0
0 53 0 120
0 57 0 0
0 62 0 0
0 62 48 120
0 57 40 0
0 53 40 0
0 53 0 120
0 57 0 0
0 62 0 0
0 55 34 360
0 59 34 0
0 65 41 0
0 65 0 120
0 59 0 0
0 55 0 0
0 55 26 120
0 59 26 0
0 65 31 0
0 65 0 120
0 59 0 0
0 55 0 0
0 64 44 360
0 60 37 0
0 60 0 120
0 64 0 0
0 55 35 120
0 55 0 120
0 55 39 120
0 55 0 120
0 58 70 120
0 64 48 240
0 60 48 0
0 60 0 120
0 64 0 0
0 64 48 120
0 60 48 0
0 60 0 120
0 64 0 0
0 58 0 120
0 57 71 0
0 65 47 240
0 60 39 0
0 60 0 216
0 65 0 0
0 65 47 24
0 60 39 0
0 60 0 216
0 65 0 0
0 57 0 24
0 55 75 0
0 64 49 240
0 60 41 0
0 60 0 216
0 64 0 0
0 60 41 24
0 64 49 0
0 64 0 216
0 60 0 0
0 55 0 24
0 53 76 0
0 57 41 240
0 62 49 0
0 62 0 216
0 57 0 0
0 62 50 24
0 57 42 0
0 57 0 216
0 62 0 0
0 53 0 24
0 54 80 0
0 63 50 240
0 57 42 0
0 57 0 216
0 63 0 0
0 63 52 24
0 57 44 0
0 57 0 216
0 63 0 0
0 54 0 24
0 64 73 0
0 60 62 0
0 55 62 0
0 55 0 120
0 60 0 0
0 64 0 0
0 55 35 600
0 62 35 0
0 65 42 0
0 65 0 120
0 62 0 0
0 55 0 0
0 48 56 600
0 52 66 0
0 52 0 480
0 48 0 0
0 55 66 0
0 55 0 240
0 48 53 0
0 53 63 0
0 53 0 480
0 48 0 0
0 55 70 0
0 55 0 240
0 48 56 0
0 52 66 0
0 52 0 480
0 48 0 0
0 55 66 0
0 55 0 240
0 48 53 0
0 53 63 0
0 53 0 480
0 48 0 0
0 55 70 0
0 55 0 240
0 48 61 0
0 52 72 0
0 52 0 480
0 48 0 0
0 55 74 0
0 55 0 240
0 52 73 480
0 52 0 120
0 48 78 600
0 48 0 120
0 43 84 600
0 43 0 120
0 44 79 120
0 44 0 180
0 56 65 540
0 60 65 0
0 62 78 0
0 62 0 180
0 60 0 0
0 56 0 0
0 43 77 540
0 43 0 180
0 55 56 540
0 62 56 0
0 65 67 0
0 65 0 180
0 62 0 0
0 55 0 0
0 48 80 540
0 36 80 0
0 36 0 180
0 48 0 0
0 60 60 540
0 64 60 0
0 67 71 0
0 67 0 180
0 64 0 0
0 60 0 0
