0 81 47 0
0 81 0 120
0 87 40 0
0 82 40 0
0 82 0 120
0 87 0 0
0 77 58 0
0 77 0 120
0 82 65 0
0 78 57 0
0 78 0 360
0 82 0 0
0 79 49 0
0 79 0 120
0 84 52 0
0 80 52 0
0 80 0 120
0 84 0 0
0 81 55 0
0 81 0 120
0 87 58 0
0 82 58 0
0 82 0 120
0 87 0 0
0 83 61 0
0 83 0 120
0 89 64 0
0 84 64 0
0 84 0 120
0 89 0 0
0 81 47 0
0 81 0 120
0 87 40 0
0 82 40 0
0 82 0 120
0 87 0 0
0 77 58 0
0 77 0 120
0 82 64 0
0 78 54 0
0 78 0 360
0 82 0 0
0 79 49 0
0 79 0 120
0 84 52 0
0 80 52 0
0 80 0 120
0 84 0 0
0 81 55 0
0 81 0 120
0 87 58 0
0 82 58 0
0 82 0 120
0 87 0 0
0 83 61 0
0 83 0 120
0 89 64 0
0 84 64 0
0 84 0 120
0 89 0 0
0 87 69 0
0 87 0 80
0 80 42 0
0 80 0 80
0 75 42 0
0 75 0 80
0 85 57 0
0 85 0 80
0 80 38 0
0 80 0 80
0 73 38 0
0 73 0 80
0 80 57 0
0 80 0 80
0 77 38 0
0 77 0 80
0 68 38 0
0 68 0 80
0 75 67 0
0 75 0 80
0 68 41 0
0 68 0 80
0 63 41 0
0 63 0 80
0 73 53 0
0 73 0 80
0 68 37 0
0 68 0 80
0 61 40 0
0 61 0 80
0 68 49 0
0 68 0 80
0 65 35 0
0 65 0 80
0 56 35 0
0 56 0 80
0 65 48 0
0 65 0 120
0 73 35 0
0 66 35 0
0 66 0 120
0 73 0 0
0 64 48 0
0 64 0 120
0 71 43 0
0 65 38 0
0 65 0 120
0 71 0 240
0 65 50 0
0 65 0 120
0 71 43 0
0 66 43 0
0 66 0 120
0 71 0 0
0 63 44 0
0 63 0 120
0 71 39 0
0 71 0 120
0 61 42 0
0 61 0 120
0 69 35 0
0 69 0 120
0 65 42 0
0 65 0 120
0 73 35 0
0 66 35 0
0 66 0 120
0 73 0 0
0 64 43 0
0 64 0 120
0 71 40 0
0 65 37 0
0 65 0 120
0 71 0 240
0 65 49 0
0 65 0 120
0 71 43 0
0 66 43 0
0 66 0 120
0 71 0 0
0 63 45 0
0 63 0 120
0 64 39 0
0 71 39 0
0 71 0 120
0 64 0 0
0 60 41 0
0 60 0 120
0 61 35 0
0 69 35 0
0 69 0 120
0 61 0 0
0 61 46 480
0 65 46 0
0 61 0 80
0 57 47 0
0 57 0 80
0 58 49 0
0 58 0 80
0 65 0 0
0 69 41 240
0 69 0 60
0 70 40 0
0 70 0 60
0 73 38 0
0 73 0 60
0 77 37 0
0 77 0 60
0 81 32 240
0 81 0 60
0 82 34 0
0 82 0 60
0 85 36 0
0 85 0 60
0 89 39 0
0 89 0 60
0 70 41 480
0 70 0 48
0 74 42 0
0 74 0 48
0 75 44 0
0 75 0 48
0 78 45 0
0 78 0 48
0 79 47 0
0 79 0 48
0 81 48 0
0 81 0 48
0 82 49 0
0 82 0 48
0 85 51 0
0 85 0 48
0 89 54 0
0 89 0 48
0 94 58 0
0 94 0 48
0 101 62 0
0 97 62 0
0 97 0 120
0 101 0 0
0 99 37 360
0 97 37 0
0 85 37 0
0 87 37 0
0 87 0 120
0 99 0 0
0 97 0 0
0 85 0 0
0 89 37 120
0 91 37 0
0 91 0 120
0 89 0 0
0 87 34 600
0 85 34 0
0 85 0 120
0 87 0 0
0 81 30 600
0 79 30 0
0 79 0 120
0 81 0 0
0 81 47 1080
0 81 0 120
0 87 40 0
0 82 40 0
0 82 0 120
0 87 0 0
0 77 48 0
0 77 0 120
0 82 56 0
0 78 51 0
0 78 0 360
0 82 0 0
0 79 49 0
0 79 0 120
0 84 52 0
0 80 52 0
0 80 0 120
0 84 0 0
0 81 55 0
0 81 0 120
0 87 58 0
0 82 58 0
0 82 0 120
0 87 0 0
0 83 61 0
0 83 0 120
0 89 64 0
0 84 64 0
0 84 0 120
0 89 0 0
0 81 47 0
0 81 0 120
0 87 40 0
0 82 40 0
0 82 0 120
0 87 0 0
0 77 49 0
0 77 0 120
0 82 58 0
0 78 53 0
0 78 0 360
0 82 0 0
0 79 49 0
0 79 0 120
0 84 52 0
0 80 52 0
0 80 0 120
0 84 0 0
0 81 55 0
0 81 0 120
0 87 58 0
0 82 58 0
0 82 0 120
0 87 0 0
0 83 61 0
0 83 0 120
0 89 64 0
0 84 64 0
0 84 0 120
0 89 0 0
0 87 72 0
0 87 0 80
0 80 42 0
0 80 0 80
0 75 42 0
0 75 0 80
0 85 57 0
0 85 0 80
0 80 43 0
0 80 0 80
0 73 43 0
0 73 0 80
0 80 62 0
0 80 0 80
0 77 46 0
0 77 0 80
0 68 47 0
0 68 0 80
0 91 75 0
0 91 0 80
0 84 51 0
0 84 0 80
0 79 51 0
0 79 0 80
0 89 66 0
0 89 0 80
0 84 44 0
0 84 0 80
0 77 45 0
0 77 0 80
0 84 59 0
0 84 0 80
0 77 44 0
0 77 0 80
0 72 44 0
0 72 0 80
0 79 68 0
0 79 0 80
0 72 45 0
0 72 0 80
0 67 45 0
0 67 0 80
0 77 56 0
0 77 0 80
0 72 41 0
0 72 0 80
0 65 41 0
0 65 0 80
0 72 53 0
0 72 0 80
0 65 39 0
0 65 0 80
0 60 39 0
0 60 0 80
0 72 60 0
0 72 0 480
0 70 50 0
0 70 0 240
0 74 58 0
0 74 0 240
0 72 52 0
0 72 0 190
0 79 71 50
0 79 0 240
0 72 60 0
0 72 0 480
0 70 50 0
0 70 0 240
0 74 58 0
0 74 0 240
0 72 52 0
0 72 0 190
0 79 70 50
0 79 0 240
0 72 64 0
0 72 0 480
0 70 50 0
0 70 0 240
0 67 60 0
0 67 0 480
0 65 54 0
0 65 0 240
0 67 67 0
0 67 0 240
0 65 50 0
0 65 0 240
0 62 65 0
0 62 0 240
0 60 49 0
0 60 0 240
0 62 63 0
0 62 0 240
0 60 50 0
0 60 0 240
0 57 64 0
0 57 0 240
0 55 45 0
0 55 0 240
0 57 53 0
0 57 0 400
0 55 35 0
0 55 0 80
0 66 32 240
0 66 0 60
0 70 32 0
0 70 0 60
0 62 32 0
0 62 0 60
0 71 32 0
0 71 0 60
0 74 41 0
0 74 0 120
0 73 32 360
0 73 0 30
0 76 33 0
0 76 0 30
0 78 33 0
0 78 0 30
0 82 34 0
0 82 0 30
0 74 34 0
0 74 0 30
0 79 35 0
0 79 0 30
0 83 35 0
0 83 0 30
0 86 36 0
0 86 0 30
0 85 36 0
0 85 0 30
0 88 37 0
0 88 0 30
0 90 37 0
0 90 0 30
0 94 38 0
0 94 0 30
0 86 39 0
0 86 0 30
0 91 39 0
0 91 0 30
0 95 40 0
0 95 0 30
0 98 40 0
0 98 0 30
0 103 41 0
0 103 0 120
0 86 34 540
0 91 34 0
0 97 34 0
0 98 41 60
0 97 0 20
0 86 0 220
0 91 0 0
0 98 0 0
0 91 66 960
0 86 46 80
0 86 0 80
0 79 45 0
0 79 0 80
0 86 55 0
0 86 0 80
0 79 48 0
0 79 0 80
0 74 48 0
0 74 0 80
0 91 0 0
0 90 73 0
0 85 50 80
0 85 0 80
0 78 50 0
0 78 0 80
0 85 58 0
0 85 0 80
0 78 52 0
0 78 0 80
0 73 52 0
0 73 0 80
0 81 55 0
0 81 0 80
0 73 50 0
0 73 0 80
0 78 48 0
0 78 0 80
0 85 55 0
0 85 0 80
0 78 45 0
0 78 0 80
0 85 45 0
0 85 0 80
0 90 0 0
0 89 55 0
0 84 44 80
0 84 0 80
0 77 42 0
0 77 0 80
0 89 0 0
0 84 49 0
0 84 0 80
0 77 43 0
0 77 0 80
0 72 43 0
0 72 0 80
0 72 38 60
0 72 0 60
0 84 51 0
0 77 51 0
0 77 0 60
0 72 38 0
0 72 0 60
0 71 43 60
0 71 0 60
0 84 0 0
0 83 52 0
0 76 52 0
0 76 0 60
0 71 43 0
0 71 0 60
0 70 50 60
0 70 0 60
0 83 0 0
0 82 60 0
0 75 60 0
0 75 0 60
0 82 0 0
0 70 51 0
0 70 0 60
0 91 66 0
0 86 46 80
0 86 0 80
0 79 45 0
0 79 0 80
0 86 55 0
0 86 0 80
0 79 48 0
0 79 0 80
0 74 48 0
0 74 0 80
0 91 0 0
0 90 73 0
0 85 50 80
0 85 0 80
0 78 50 0
0 78 0 80
0 85 58 0
0 85 0 80
0 78 52 0
0 78 0 80
0 73 52 0
0 73 0 80
0 81 55 0
0 81 0 80
0 73 50 0
0 73 0 80
0 78 48 0
0 78 0 80
0 85 55 0
0 85 0 80
0 78 45 0
0 78 0 80
0 85 45 0
0 85 0 80
0 90 0 0
0 89 55 0
0 84 44 80
0 84 0 80
0 77 42 0
0 77 0 80
0 89 0 0
0 84 49 0
0 84 0 80
0 77 43 0
0 77 0 80
0 72 43 0
0 72 0 80
0 72 38 60
0 72 0 60
0 84 51 0
0 77 51 0
0 77 0 60
0 72 38 0
0 72 0 60
0 71 43 60
0 71 0 60
0 84 0 0
0 83 52 0
0 76 52 0
0 76 0 60
0 71 43 0
0 71 0 60
0 70 50 60
0 70 0 60
0 83 0 0
0 82 60 0
0 75 60 0
0 75 0 60
0 82 0 0
0 70 51 0
0 70 0 60
0 70 45 0
0 59 32 80
0 59 0 80
0 62 32 0
0 62 0 80
0 70 0 0
0 67 41 0
0 59 34 80
0 59 0 80
0 62 34 0
0 62 0 80
0 67 0 0
0 65 44 0
0 59 34 80
0 59 0 80
0 62 35 0
0 62 0 80
0 65 0 0
0 65 54 0
0 62 38 80
0 62 0 80
0 63 38 0
0 63 0 80
0 65 0 0
0 64 38 0
0 64 0 80
0 65 41 0
0 65 0 80
0 71 44 0
0 71 0 80
0 70 48 0
0 59 32 80
0 59 0 80
0 62 32 0
0 62 0 80
0 70 0 0
0 67 41 0
0 59 34 80
0 59 0 80
0 62 34 0
0 62 0 80
0 67 0 0
0 65 44 0
0 59 34 80
0 59 0 80
0 62 35 0
0 62 0 80
0 65 0 0
0 65 56 0
0 62 38 80
0 62 0 80
0 63 38 0
0 63 0 80
0 65 0 0
0 64 42 0
0 64 0 80
0 65 42 0
0 65 0 80
0 71 47 0
0 71 0 80
0 70 48 0
0 59 32 80
0 59 0 80
0 62 32 0
0 62 0 80
0 70 0 0
0 67 41 0
0 59 34 80
0 59 0 80
0 62 34 0
0 62 0 80
0 67 0 0
0 65 44 0
0 59 34 80
0 59 0 80
0 62 35 0
0 62 0 80
0 65 0 0
0 65 49 0
0 60 38 80
0 60 0 80
0 57 38 0
0 57 0 80
0 65 0 0
0 63 46 0
0 60 38 80
0 60 0 80
0 57 36 0
0 57 0 80
0 63 0 0
0 65 44 0
0 60 35 80
0 60 0 80
0 57 35 0
0 57 0 80
0 65 0 0
0 63 41 0
0 60 30 80
0 60 0 80
0 57 30 0
0 57 0 80
0 63 0 0
0 65 41 0
0 60 29 80
0 60 0 80
0 57 29 0
0 57 0 80
0 65 0 0
0 63 38 0
0 60 30 80
0 60 0 80
0 57 30 0
0 57 0 80
0 63 0 0
0 52 25 80
0 52 0 80
0 58 27 0
0 58 0 80
0 63 29 0
0 63 0 80
0 64 31 0
0 64 0 80
0 69 33 0
0 69 0 80
0 75 45 0
0 69 32 80
0 69 0 80
0 64 32 0
0 64 0 80
0 75 0 0
0 73 41 0
0 69 34 80
0 69 0 80
0 64 34 0
0 64 0 80
0 73 0 0
0 70 44 0
0 67 34 80
0 67 0 80
0 64 35 0
0 64 0 80
0 70 0 0
0 70 49 0
0 70 0 80
0 62 38 0
0 62 0 80
0 65 38 0
0 65 0 80
0 70 38 0
0 70 0 80
0 71 41 0
0 71 0 80
0 78 44 0
0 78 0 80
0 75 45 0
0 69 32 80
0 69 0 80
0 64 32 0
0 64 0 80
0 75 0 0
0 73 41 0
0 69 34 80
0 69 0 80
0 64 34 0
0 64 0 80
0 73 0 0
0 70 44 0
0 67 34 80
0 67 0 80
0 64 35 0
0 64 0 80
0 70 0 0
0 70 49 0
0 70 0 80
0 62 38 0
0 62 0 80
0 65 38 0
0 65 0 80
0 70 38 0
0 70 0 80
0 71 41 0
0 71 0 80
0 78 44 0
0 78 0 80
0 75 51 0
0 75 0 240
0 69 38 0
0 69 0 240
0 70 37 0
0 70 0 240
0 78 58 0
0 78 0 240
0 74 40 0
0 74 0 240
0 75 43 0
0 75 0 240
0 82 62 0
0 82 0 240
0 77 50 0
0 77 0 240
0 78 50 0
0 78 0 240
0 87 67 0
0 87 0 240
0 81 55 0
0 81 0 240
0 82 55 0
0 82 0 240
0 90 76 0
0 90 0 240
0 86 67 0
0 86 0 240
0 87 74 0
0 87 0 240
0 94 85 0
0 94 0 240
0 89 75 0
0 89 0 240
0 90 83 0
0 90 0 240
0 99 87 0
0 94 73 0
0 90 73 0
0 90 0 60
0 94 0 0
0 99 0 0
0 93 72 0
0 89 60 0
0 84 60 0
0 84 0 60
0 89 0 0
0 93 0 0
0 90 73 0
0 94 73 0
0 99 87 0
0 99 0 60
0 94 0 0
0 90 0 0
0 84 60 0
0 89 60 0
0 93 72 0
0 93 0 60
0 89 0 0
0 84 0 0
0 99 87 0
0 94 73 0
0 90 73 0
0 90 0 60
0 94 0 0
0 99 0 0
0 93 72 0
0 89 61 0
0 84 61 0
0 84 0 60
0 89 0 0
0 93 0 0
0 90 72 0
0 94 72 0
0 99 86 0
0 99 0 60
0 94 0 0
0 90 0 0
0 84 61 0
0 89 61 0
0 93 72 0
0 93 0 60
0 89 0 0
0 84 0 0
0 99 86 0
0 94 72 0
0 90 72 0
0 90 0 60
0 94 0 0
0 99 0 0
0 93 72 0
0 89 61 0
0 84 61 0
0 84 0 60
0 89 0 0
0 93 0 0
0 90 72 0
0 94 72 0
0 99 85 0
0 99 0 60
0 94 0 0
0 90 0 0
0 84 60 0
0 89 60 0
0 93 72 0
0 93 0 60
0 89 0 0
0 84 0 0
0 99 85 0
0 94 72 0
0 90 72 0
0 90 0 60
0 94 0 0
0 99 0 0
0 93 71 0
0 89 59 0
0 84 59 0
0 84 0 60
0 89 0 0
0 93 0 0
0 90 72 0
0 94 72 0
0 99 85 0
0 99 0 60
0 94 0 0
0 90 0 0
0 84 59 0
0 89 59 0
0 93 70 0
0 93 0 60
0 89 0 0
0 84 0 0
0 99 84 0
0 94 71 0
0 90 71 0
0 90 0 60
0 94 0 0
0 99 0 0
0 93 70 0
0 89 59 0
0 84 59 0
0 84 0 60
0 89 0 0
0 93 0 0
0 90 71 0
0 94 71 0
0 99 84 0
0 99 0 60
0 94 0 0
0 90 0 0
0 84 60 0
0 89 60 0
0 93 71 0
0 93 0 60
0 89 0 0
0 84 0 0
0 99 83 0
0 94 70 0
0 90 70 0
0 90 0 60
0 94 0 0
0 99 0 0
0 93 69 0
0 89 58 0
0 84 58 0
0 84 0 60
0 89 0 0
0 93 0 0
0 90 70 0
0 94 70 0
0 99 83 0
0 99 0 60
0 94 0 0
0 90 0 0
0 84 59 0
0 89 59 0
0 93 70 0
0 93 0 60
0 89 0 0
0 84 0 0
0 99 83 0
0 94 70 0
0 90 70 0
0 90 0 60
0 94 0 0
0 99 0 0
0 93 67 0
0 89 56 0
0 84 56 0
0 84 0 60
0 89 0 0
0 93 0 0
0 90 66 0
0 94 66 0
0 99 78 0
0 99 0 60
0 94 0 0
0 90 0 0
0 84 54 0
0 89 54 0
0 93 64 0
0 93 0 60
0 89 0 0
0 84 0 0
0 99 74 0
0 94 62 0
0 90 62 0
0 90 0 60
0 94 0 0
0 99 0 0
0 93 61 0
0 89 51 0
0 84 51 0
0 84 0 60
0 89 0 0
0 93 0 0
0 90 59 0
0 94 59 0
0 99 70 0
0 99 0 60
0 94 0 0
0 90 0 0
0 84 49 0
0 89 49 0
0 93 58 0
0 93 0 60
0 89 0 0
0 84 0 0
0 99 66 0
0 94 56 0
0 90 56 0
0 90 0 60
0 94 0 0
0 99 0 0
0 93 54 0
0 89 45 0
0 84 45 0
0 84 0 60
0 89 0 0
0 93 0 0
0 90 52 0
0 94 52 0
0 99 62 0
0 99 0 60
0 94 0 0
0 90 0 0
0 84 43 0
0 89 43 0
0 93 51 0
0 93 0 60
0 89 0 0
0 84 0 0
0 99 58 0
0 94 49 0
0 90 49 0
0 90 0 60
0 94 0 0
0 99 0 0
0 93 46 0
0 89 39 0
0 84 39 0
0 84 0 60
0 89 0 0
0 93 0 0
0 90 45 0
0 94 45 0
0 99 53 0
0 99 0 60
0 94 0 0
0 90 0 0
0 84 36 0
0 89 36 0
0 93 43 0
0 93 0 60
0 89 0 0
0 84 0 0
0 99 49 0
0 94 41 0
0 90 41 0
0 90 0 60
0 94 0 0
0 99 0 0
0 93 40 0
0 89 34 0
0 84 34 0
0 84 0 60
0 89 0 0
0 93 0 0
0 90 38 0
0 94 38 0
0 99 45 0
0 99 0 60
0 94 0 0
0 90 0 0
0 84 31 0
0 89 31 0
0 93 37 0
0 93 0 60
0 89 0 0
0 84 0 0
0 99 41 0
0 94 34 0
0 90 34 0
0 90 0 60
0 94 0 0
0 99 0 0
0 93 33 0
0 89 28 0
0 84 28 0
0 84 0 60
0 89 0 0
0 93 0 0
0 90 31 0
0 94 31 0
0 99 37 0
0 99 0 60
0 94 0 0
0 90 0 0
0 84 25 0
0 89 25 0
0 93 30 0
0 93 0 60
0 89 0 0
0 84 0 0
0 99 40 0
0 99 0 40
0 94 27 0
0 94 0 40
0 90 27 0
0 90 0 40
0 94 39 0
0 94 0 40
0 90 26 0
0 90 0 40
0 87 26 0
0 87 0 40
0 90 39 0
0 90 0 40
0 87 29 0
0 87 0 40
0 82 29 0
0 82 0 40
0 87 40 0
0 87 0 40
0 82 27 0
0 82 0 40
0 78 27 0
0 78 0 40
0 82 39 0
0 82 0 40
0 78 26 0
0 78 0 40
0 75 26 0
0 75 0 40
0 78 39 0
0 78 0 40
0 75 29 0
0 75 0 40
0 70 29 0
0 70 0 40
0 75 40 0
0 75 0 40
0 70 27 0
0 70 0 40
0 66 27 0
0 66 0 40
0 70 39 0
0 70 0 40
0 66 26 0
0 66 0 40
0 63 26 0
0 63 0 40
0 66 39 0
0 66 0 40
0 63 29 0
0 63 0 40
0 58 29 0
0 58 0 40
0 57 39 120
0 57 0 80
0 63 31 0
0 58 31 0
0 58 0 80
0 63 0 0
0 53 35 0
0 53 0 80
0 58 31 0
0 54 31 0
0 54 0 80
0 58 0 0
0 50 36 0
0 50 0 80
0 54 31 0
0 51 31 0
0 51 0 80
0 54 0 0
0 65 49 240
0 53 41 0
0 53 0 480
0 65 0 0
0 53 39 0
0 65 46 0
0 65 0 480
0 53 0 0
0 53 35 0
0 65 42 0
0 65 0 478
0 53 0 0
0 49 27 722
0 52 27 0
0 60 46 0
0 60 0 480
0 52 0 0
0 49 0 0
0 57 42 0
0 49 24 0
0 46 24 0
0 46 0 960
0 49 0 0
0 57 0 0
0 41 39 0
0 49 27 480
0 52 27 0
0 60 47 0
0 60 0 480
0 41 0 0
0 49 0 0
0 52 0 0
0 54 31 0
0 56 31 0
0 65 54 0
0 65 0 238
0 56 0 242
0 54 0 0
0 63 51 0
0 58 29 0
0 55 29 0
0 55 0 480
0 58 0 0
0 63 0 0
0 49 28 0
0 51 28 0
0 60 49 0
0 60 0 480
0 51 0 0
0 49 0 0
0 46 26 0
0 49 26 0
0 57 45 0
0 57 0 480
0 49 0 0
0 46 0 0
0 47 32 0
0 50 32 0
0 58 55 0
0 58 0 480
0 50 0 0
0 47 0 0
0 48 29 0
0 51 29 0
0 55 50 0
0 41 40 480
0 55 0 480
0 48 0 0
0 51 0 0
0 60 53 0
0 57 31 0
0 53 31 0
0 53 0 480
0 41 0 0
0 60 0 0
0 57 0 0
0 67 59 960
0 63 34 0
0 60 34 0
0 60 0 480
0 63 0 0
0 67 0 0
0 72 53 0
0 69 31 0
0 65 31 0
0 65 0 238
0 69 0 242
0 72 0 0
0 60 27 480
0 63 27 0
0 67 40 0
0 72 32 0
0 79 48 0
0 75 32 0
0 84 64 160
0 72 0 80
0 67 0 0
0 60 0 0
0 63 0 0
0 65 27 0
0 69 27 0
0 72 40 0
0 84 0 80
0 75 0 0
0 79 0 0
0 77 50 0
0 81 50 0
0 89 71 0
0 84 50 0
0 84 0 1120
0 81 0 0
0 69 0 0
0 65 0 0
0 72 0 0
0 89 0 0
0 77 0 0
0 63 34 0
0 66 34 0
0 70 34 0
0 75 41 0
0 78 41 0
0 82 41 0
0 87 62 0
0 87 0 240
0 78 0 0
0 66 0 0
0 70 0 0
0 63 0 0
0 82 0 0
0 75 0 0
0 65 34 0
0 69 34 0
0 72 34 0
0 77 41 0
0 81 41 0
0 84 41 0
0 89 62 0
0 89 0 240
0 81 0 0
0 69 0 0
0 72 0 0
0 65 0 0
0 84 0 0
0 77 0 0
0 61 34 0
0 64 34 0
0 68 34 0
0 73 41 0
0 76 41 0
0 80 41 0
0 85 62 0
0 85 0 480
0 76 0 0
0 64 0 0
0 68 0 0
0 61 0 0
0 80 0 0
0 73 0 0
0 60 34 0
0 63 34 0
0 67 34 0
0 72 41 0
0 75 41 0
0 79 41 0
0 84 62 0
0 84 0 480
0 75 0 0
0 63 0 0
0 67 0 0
0 60 0 0
0 79 0 0
0 72 0 0
0 60 29 0
0 63 29 0
0 67 37 0
0 72 44 0
0 72 0 480
0 60 0 0
0 63 0 0
0 67 0 0
0 65 31 0
0 69 31 0
0 72 31 0
0 77 47 0
0 77 0 960
0 65 0 0
0 69 0 0
0 72 0 0
0 63 32 0
0 66 32 0
0 70 32 0
0 75 48 0
0 75 0 240
0 63 0 0
0 66 0 0
0 70 0 0
0 65 28 0
0 69 28 0
0 72 28 0
0 77 42 0
0 77 0 240
0 65 0 0
0 69 0 0
0 72 0 0
0 61 33 0
0 64 33 0
0 68 33 0
0 73 49 0
0 73 0 480
0 61 0 0
0 64 0 0
0 68 0 0
0 60 35 0
0 63 35 0
0 67 38 0
0 72 56 0
0 72 0 240
0 60 0 0
0 63 0 0
0 67 0 0
0 61 30 0
0 65 30 0
0 69 39 0
0 73 51 0
0 73 0 240
0 61 0 0
0 65 0 0
0 69 0 0
0 72 64 0
0 61 34 0
0 65 40 0
0 72 0 480
0 70 44 0
0 70 0 480
0 65 0 0
0 61 0 0
0 65 39 0
0 65 0 240
0 59 33 240
0 63 33 0
0 70 47 0
0 70 0 480
0 63 0 0
0 59 0 0
0 58 31 0
0 62 37 0
0 65 44 0
0 62 0 480
0 58 0 0
0 57 28 0
0 61 34 0
0 61 0 360
0 57 0 0
0 56 33 0
0 60 33 60
0 65 0 60
0 70 47 0
0 70 0 480
0 60 0 0
0 57 31 0
0 61 37 0
0 65 44 0
0 61 0 480
0 57 0 0
0 58 28 0
0 62 34 0
0 56 0 40
0 65 0 440
0 58 0 0
0 62 0 0
0 59 35 0
0 63 35 0
0 70 42 0
0 63 0 480
0 59 0 0
0 58 28 0
0 62 33 0
0 70 0 240
0 65 39 0
0 62 0 240
0 58 0 0
0 57 25 0
0 61 30 0
0 65 0 240
0 61 0 240
0 57 0 0
0 56 29 0
0 60 35 0
0 60 0 480
0 56 0 0
0 57 28 0
0 61 33 0
0 61 0 480
0 57 0 0
0 57 25 0
0 60 30 0
0 60 0 300
0 57 0 0
0 55 40 0
0 55 0 60
0 61 40 0
0 61 0 60
0 64 40 0
0 64 0 60
0 83 43 0
0 76 43 0
0 71 43 0
0 71 0 480
0 76 0 0
0 83 0 0
0 67 39 0
0 71 39 0
0 79 39 0
0 79 0 1440
0 71 0 0
0 67 0 0
0 68 42 0
0 75 42 0
0 80 42 0
0 80 0 480
0 75 0 0
0 68 0 0
0 87 64 0
0 80 54 0
0 75 54 0
0 75 0 480
0 80 0 0
0 87 0 0
0 85 57 0
0 78 48 0
0 73 48 0
0 73 0 480
0 78 0 0
0 85 0 0
0 78 60 0
0 73 51 0
0 66 51 0
0 66 0 158
0 73 0 0
0 78 0 322
0 69 30 0
0 69 0 24
0 72 31 0
0 72 0 24
0 70 32 0
0 70 0 24
0 73 33 0
0 73 0 24
0 78 34 0
0 78 0 24
0 72 35 0
0 72 0 24
0 77 36 0
0 77 0 24
0 73 36 0
0 73 0 24
0 78 38 0
0 78 0 24
0 85 38 0
0 85 0 24
0 83 43 240
0 76 43 0
0 71 43 0
0 71 0 480
0 76 0 0
0 83 0 0
0 67 30 0
0 71 33 0
0 79 39 0
0 79 0 1440
0 71 0 0
0 67 0 0
0 68 35 0
0 75 41 0
0 80 52 0
0 80 0 480
0 75 0 0
0 68 0 0
0 87 64 0
0 80 54 0
0 75 54 0
0 75 0 480
0 80 0 0
0 87 0 0
0 85 57 0
0 78 48 0
0 73 48 0
0 73 0 480
0 78 0 0
0 85 0 0
0 78 60 0
0 73 51 0
0 66 51 0
0 66 0 480
0 73 0 0
0 78 0 0
0 57 32 0
0 57 0 72
0 60 33 0
0 60 0 72
0 58 35 0
0 58 0 72
0 61 36 0
0 61 0 72
0 66 38 0
0 66 0 72
0 60 30 120
0 60 0 24
0 65 31 0
0 65 0 24
0 61 32 0
0 61 0 24
0 66 33 0
0 66 0 24
0 70 34 0
0 70 0 24
0 65 35 0
0 65 0 24
0 69 36 0
0 69 0 24
0 66 36 0
0 66 0 24
0 70 38 0
0 70 0 24
0 73 38 0
0 73 0 24
0 66 44 240
0 78 52 0
0 68 27 240
0 72 33 0
0 78 0 240
0 66 0 0
0 65 37 0
0 77 44 0
0 68 0 240
0 72 0 0
0 70 27 0
0 74 33 0
0 60 30 420
0 68 31 30
0 74 0 30
0 70 0 0
0 77 0 0
0 65 0 0
0 72 39 0
0 72 0 240
0 68 0 0
0 60 0 0
0 65 44 0
0 77 52 0
0 67 27 240
0 71 33 0
0 77 0 240
0 65 0 0
0 75 44 0
0 63 37 0
0 67 0 240
0 71 0 0
0 66 27 0
0 70 33 0
0 70 0 240
0 63 0 0
0 75 0 0
0 70 44 0
0 66 0 240
0 65 29 0
0 69 35 0
0 69 0 240
0 65 0 0
0 70 0 0
0 56 33 0
0 63 47 0
0 52 33 0
0 52 0 480
0 63 0 0
0 56 0 0
0 58 44 0
0 51 27 0
0 55 33 0
0 55 0 480
0 51 0 0
0 50 25 0
0 54 30 0
0 54 0 480
0 50 0 0
0 58 0 0
0 49 33 0
0 53 33 0
0 63 47 0
0 63 0 480
0 53 0 0
0 49 0 0
0 50 27 0
0 54 33 0
0 58 44 0
0 54 0 480
0 50 0 0
0 51 25 0
0 55 30 0
0 55 0 480
0 51 0 0
0 58 0 0
0 63 42 0
0 52 35 0
0 56 35 0
0 56 0 480
0 52 0 0
0 51 28 0
0 55 33 0
0 63 0 240
0 58 39 0
0 55 0 240
0 51 0 0
0 50 25 0
0 54 30 0
0 54 0 480
0 50 0 0
0 58 0 0
0 49 27 0
0 53 30 0
0 53 0 480
0 49 0 0
0 54 25 0
0 50 22 0
0 50 0 480
0 54 0 0
0 49 22 0
0 53 25 0
0 53 0 480
0 49 0 0
0 48 24 0
0 52 27 0
0 52 0 1440
0 48 0 0
0 54 31 1440
0 54 0 120
0 60 30 0
0 55 25 0
0 55 0 120
0 60 0 0
0 51 33 0
0 51 0 120
0 55 28 0
0 52 23 0
0 52 0 360
0 55 0 0
0 54 29 0
0 54 0 120
0 60 30 0
0 55 25 0
0 55 0 120
0 60 0 0
0 59 32 0
0 59 0 120
0 64 33 0
0 60 28 0
0 60 0 120
0 64 0 0
0 63 34 0
0 63 0 120
0 67 35 0
0 64 29 0
0 64 0 60
0 67 0 0
0 62 37 60
0 62 0 40
0 60 36 0
0 60 0 40
0 55 34 0
0 55 0 40
0 52 34 0
0 52 0 40
0 48 33 1
0 48 0 40
0 43 31 0
0 43 0 40
0 68 38 239
0 73 29 0
0 77 29 0
0 68 0 240
0 70 40 0
0 70 0 240
0 77 0 0
0 73 0 0
0 72 46 0
0 73 35 0
0 77 35 0
0 77 0 720
0 73 0 0
0 72 0 0
0 68 46 0
0 73 35 0
0 77 35 0
0 77 0 240
0 73 0 0
0 68 0 0
0 73 28 0
0 77 28 0
0 68 36 0
0 68 0 240
0 70 41 0
0 70 0 240
0 77 0 0
0 73 0 0
0 72 46 0
0 73 35 0
0 77 35 0
0 72 0 720
0 68 36 0
0 68 0 240
0 77 0 0
0 73 0 0
0 59 34 960
0 59 0 120
0 65 33 0
0 60 28 0
0 60 0 120
0 65 0 0
0 55 36 0
0 55 0 120
0 60 30 0
0 56 25 0
0 56 0 360
0 60 0 0
0 59 31 0
0 59 0 120
0 65 33 0
0 60 28 0
0 60 0 120
0 65 0 0
0 64 35 0
0 64 0 120
0 68 36 0
0 65 30 0
0 65 0 120
0 68 0 0
0 67 40 240
0 67 0 60
0 65 39 0
0 65 0 60
0 60 37 0
0 60 0 60
0 53 37 0
0 53 0 60
0 73 41 240
0 78 31 0
0 82 31 0
0 73 0 240
0 75 44 0
0 75 0 240
0 82 0 0
0 78 0 0
0 77 50 0
0 78 38 0
0 82 38 0
0 82 0 720
0 78 0 0
0 77 0 0
0 73 50 0
0 78 38 0
0 82 38 0
0 82 0 240
0 78 0 0
0 73 0 0
0 78 33 0
0 82 33 0
0 73 42 0
0 73 0 240
0 75 49 0
0 75 0 240
0 82 0 0
0 78 0 0
0 77 55 0
0 78 41 0
0 82 41 0
0 77 0 720
0 73 42 0
0 73 0 240
0 82 0 0
0 78 0 0
0 69 34 2400
0 69 0 120
0 75 33 0
0 70 28 0
0 70 0 120
0 75 0 0
0 65 36 0
0 65 0 120
0 70 30 0
0 66 25 0
0 66 0 360
0 70 0 0
0 67 35 0
0 67 0 120
0 73 37 0
0 68 31 0
0 68 0 120
0 73 0 0
0 69 40 0
0 69 0 120
0 75 43 0
0 70 36 0
0 70 0 120
0 75 0 0
0 74 46 0
0 74 0 120
0 75 40 0
0 79 48 0
0 79 0 120
0 75 0 0
0 79 51 0
0 79 0 60
0 77 45 0
0 77 0 60
0 72 37 0
0 72 0 60
0 65 37 0
0 65 0 60
0 72 46 0
0 72 0 240
0 75 60 0
0 65 24 240
0 67 24 0
0 77 29 0
0 79 35 0
0 79 0 480
0 67 0 0
0 77 0 0
0 65 0 0
0 65 25 0
0 67 25 0
0 77 30 0
0 79 36 0
0 75 0 240
0 72 42 0
0 72 0 240
0 79 0 0
0 65 0 0
0 67 0 0
0 77 0 0
0 65 23 0
0 67 23 0
0 77 28 0
0 79 34 0
0 79 0 240
0 65 0 0
0 67 0 0
0 77 0 0
0 57 34 240
0 57 0 120
0 63 35 0
0 58 29 0
0 58 0 120
0 63 0 0
0 62 37 0
0 62 0 120
0 67 38 0
0 63 32 0
0 63 0 120
0 67 0 0
0 66 40 0
0 66 0 120
0 67 34 0
0 70 41 0
0 70 0 120
0 67 0 0
0 67 46 0
0 67 0 60
0 65 39 0
0 65 0 60
0 60 37 0
0 55 37 60
0 60 0 0
0 55 0 60
0 65 29 480
0 53 24 0
0 55 24 0
0 67 35 0
0 65 0 480
0 53 25 0
0 55 25 0
0 65 30 0
0 67 36 0
0 53 0 0
0 67 0 0
0 55 0 0
0 53 0 238
0 67 0 2
0 65 0 0
0 55 0 0
0 59 34 960
0 59 0 120
0 65 33 0
0 60 28 0
0 60 0 120
0 65 0 0
0 56 36 0
0 56 0 120
0 60 30 0
0 57 25 0
0 57 0 360
0 60 0 0
0 59 36 0
0 59 0 120
0 65 40 0
0 60 34 0
0 60 0 120
0 65 0 0
0 64 44 0
0 64 0 120
0 69 48 0
0 65 40 0
0 65 0 120
0 69 0 0
0 67 54 240
0 67 0 120
0 73 45 0
0 68 38 0
0 68 0 120
0 73 0 0
0 64 52 0
0 64 0 120
0 68 45 0
0 65 38 0
0 65 0 360
0 68 0 0
0 67 50 0
0 67 0 120
0 73 53 0
0 68 45 0
0 68 0 120
0 73 0 0
0 72 56 0
0 72 0 120
0 77 60 0
0 73 51 0
0 73 0 120
0 77 0 0
0 69 58 240
0 69 0 120
0 70 53 0
0 75 60 0
0 75 0 120
0 70 0 0
0 74 63 0
0 74 0 120
0 75 56 0
0 79 65 0
0 79 0 120
0 75 0 0
0 74 64 240
0 74 0 120
0 79 67 0
0 75 67 0
0 75 0 120
0 79 0 0
0 78 69 0
0 78 0 120
0 82 72 0
0 79 72 0
0 79 0 120
0 82 0 0
0 78 74 240
0 78 0 120
0 82 69 0
0 79 69 0
0 79 0 120
0 82 0 0
0 79 74 0
0 79 0 120
0 84 69 0
0 80 69 0
0 80 0 120
0 84 0 0
0 79 84 0
0 79 0 120
0 84 69 0
0 80 69 0
0 80 0 120
0 84 0 0
0 81 76 0
0 81 0 120
0 87 68 0
0 82 68 0
0 82 0 120
0 87 0 0
0 83 85 0
0 83 0 120
0 89 66 0
0 84 66 0
0 84 0 120
0 89 0 0
0 79 76 0
0 79 0 120
0 84 66 0
0 80 66 0
0 80 0 120
0 84 0 0
0 81 84 0
0 81 0 120
0 87 66 0
0 82 66 0
0 82 0 120
0 87 0 0
0 83 74 0
0 83 0 120
0 89 68 0
0 84 68 0
0 84 0 120
0 89 0 0
0 79 82 0
0 79 0 120
0 84 64 0
0 80 64 0
0 80 0 120
0 84 0 0
0 81 68 0
0 81 0 120
0 87 61 0
0 82 61 0
0 82 0 120
0 87 0 0
0 83 74 0
0 83 0 120
0 89 56 0
0 84 56 0
0 84 0 120
0 89 0 0
0 79 62 0
0 79 0 120
0 84 54 0
0 80 54 0
0 80 0 120
0 84 0 0
0 81 59 0
0 81 0 120
0 87 52 0
0 82 52 0
0 82 0 120
0 87 0 0
0 83 56 0
0 83 0 120
0 89 51 0
0 84 51 0
0 84 0 120
0 89 0 0
0 79 61 0
0 79 0 120
0 84 48 0
0 80 48 0
0 80 0 120
0 84 0 0
0 81 51 0
0 81 0 120
0 87 45 0
0 82 45 0
0 82 0 120
0 87 0 0
0 83 55 0
0 83 0 120
0 89 42 0
0 84 42 0
0 84 0 120
0 89 0 0
0 79 45 0
0 79 0 120
0 84 39 0
0 80 39 0
0 80 0 120
0 84 0 0
0 81 42 0
0 81 0 120
0 87 36 0
0 82 36 0
0 82 0 120
0 87 0 0
0 83 39 0
0 83 0 120
0 89 35 0
0 84 35 0
0 84 0 120
0 89 0 0
0 79 42 0
0 79 0 120
0 84 34 0
0 80 34 0
0 80 0 120
0 84 0 0
0 81 37 0
0 81 0 120
0 87 34 0
0 82 34 0
0 82 0 120
0 87 0 0
0 83 42 0
0 83 0 120
0 89 33 0
0 84 33 0
0 84 0 120
0 89 0 0
0 79 37 0
0 79 0 120
0 84 33 0
0 80 33 0
0 80 0 120
0 84 0 0
0 81 37 0
0 81 0 120
0 87 33 0
0 82 33 0
0 82 0 120
0 87 0 0
0 83 37 0
0 83 0 120
0 89 34 0
0 84 34 0
0 84 0 120
0 89 0 0
0 79 42 0
0 79 0 120
0 84 34 0
0 80 34 0
0 80 0 120
0 84 0 0
0 81 37 0
0 81 0 120
0 87 34 0
0 82 34 0
0 82 0 120
0 87 0 0
0 83 50 0
0 83 0 120
0 89 39 0
0 84 39 0
0 84 0 120
0 89 0 0
0 79 45 0
0 79 0 120
0 84 40 0
0 80 40 0
0 80 0 120
0 84 0 0
0 81 50 0
0 81 0 120
0 87 42 0
0 82 42 0
0 82 0 120
0 87 0 0
0 83 48 0
0 83 0 120
0 89 41 0
0 84 41 0
0 84 0 120
0 89 0 0
0 87 57 0
0 87 0 80
0 80 48 0
0 80 0 80
0 75 48 0
0 75 0 80
0 85 57 0
0 85 0 80
0 80 48 0
0 80 0 80
0 73 48 0
0 73 0 80
0 80 57 0
0 80 0 80
0 77 42 0
0 77 0 80
0 68 42 0
0 68 0 80
0 75 53 0
0 75 0 80
0 68 39 0
0 68 0 80
0 63 39 0
0 63 0 80
0 73 52 0
0 68 39 80
0 68 0 80
0 61 39 0
0 61 0 80
0 73 0 0
0 68 50 0
0 68 0 80
0 65 37 0
0 65 0 80
0 56 37 0
0 56 0 80
0 68 56 0
0 73 56 0
0 80 66 0
0 80 0 480
0 73 0 0
0 68 0 0
0 66 50 0
0 75 59 0
0 78 59 0
0 78 0 480
0 75 0 0
0 66 0 0
0 70 44 0
0 73 52 0
0 73 0 480
0 70 0 0
0 68 50 0
0 68 0 480
0 66 47 0
0 60 34 68
0 60 0 69
0 61 34 0
0 66 35 68
0 61 0 0
0 66 0 68
0 69 36 0
0 69 0 69
0 70 36 0
0 73 37 68
0 70 0 0
0 73 0 70
0 66 0 0
0 78 36 0
0 78 0 80
0 73 36 0
0 73 0 80
0 70 35 0
0 70 0 80
0 69 34 0
0 69 0 80
0 66 34 0
0 66 0 80
0 65 33 0
0 73 46 80
0 65 0 120
0 66 33 0
0 66 0 120
0 64 33 0
0 64 0 120
0 65 33 0
0 65 0 120
0 73 0 0
0 68 39 0
0 65 33 240
0 65 0 120
0 66 33 0
0 66 0 120
0 63 33 0
0 63 0 120
0 64 33 0
0 64 0 120
0 68 0 0
0 61 33 0
0 69 46 0
0 61 0 120
0 62 33 0
0 62 0 120
0 69 0 0
0 62 43 180
0 71 46 30
0 76 50 30
0 76 0 480
0 71 0 0
0 62 0 0
0 74 47 0
0 74 0 480
0 67 43 0
0 67 0 240
0 61 46 480
0 65 46 0
0 61 0 80
0 57 47 0
0 57 0 80
0 58 49 0
0 58 0 80
0 65 0 0
0 69 41 240
0 69 0 60
0 70 40 0
0 70 0 60
0 73 38 0
0 73 0 60
0 77 37 0
0 77 0 60
0 81 32 240
0 81 0 60
0 82 34 0
0 82 0 60
0 85 36 0
0 85 0 60
0 89 39 0
0 89 0 60
0 70 41 480
0 70 0 48
0 74 42 0
0 74 0 48
0 75 44 0
0 75 0 48
0 78 45 0
0 78 0 48
0 79 47 0
0 79 0 48
0 81 48 0
0 81 0 48
0 82 49 0
0 82 0 48
0 85 51 0
0 85 0 48
0 89 54 0
0 89 0 48
0 94 58 0
0 94 0 48
0 101 62 0
0 97 62 0
0 97 0 120
0 101 0 0
0 99 37 360
0 97 37 0
0 85 37 0
0 87 37 0
0 87 0 120
0 99 0 0
0 97 0 0
0 85 0 0
0 89 37 120
0 91 37 0
0 91 0 120
0 89 0 0
0 87 34 600
0 85 34 0
0 85 0 120
0 87 0 0
0 81 30 600
0 79 30 0
0 79 0 120
0 81 0 0
0 81 47 1080
0 81 0 120
0 87 40 0
0 82 40 0
0 82 0 120
0 87 0 0
0 77 48 0
0 77 0 120
0 82 56 0
0 78 51 0
0 78 0 360
0 82 0 0
0 79 49 0
0 79 0 120
0 84 52 0
0 80 52 0
0 80 0 120
0 84 0 0
0 81 55 0
0 81 0 120
0 87 58 0
0 82 58 0
0 82 0 120
0 87 0 0
0 83 61 0
0 83 0 120
0 89 64 0
0 84 64 0
0 84 0 120
0 89 0 0
0 81 47 0
0 81 0 120
0 87 40 0
0 82 40 0
0 82 0 120
0 87 0 0
0 77 49 0
0 77 0 120
0 82 58 0
0 78 53 0
0 78 0 360
0 82 0 0
0 79 49 0
0 79 0 120
0 84 52 0
0 80 52 0
0 80 0 120
0 84 0 0
0 81 55 0
0 81 0 120
0 87 58 0
0 82 58 0
0 82 0 120
0 87 0 0
0 83 61 0
0 83 0 120
0 89 64 0
0 84 64 0
0 84 0 120
0 89 0 0
0 87 74 0
0 87 0 80
0 80 42 0
0 80 0 80
0 75 42 0
0 75 0 80
0 85 57 0
0 85 0 80
0 80 43 0
0 80 0 80
0 73 43 0
0 73 0 80
0 80 62 0
0 80 0 80
0 77 46 0
0 77 0 80
0 68 47 0
0 68 0 80
0 84 73 0
0 84 0 80
0 77 51 0
0 77 0 80
0 72 51 0
0 72 0 80
0 82 66 0
0 82 0 80
0 77 44 0
0 77 0 80
0 70 45 0
0 70 0 80
0 77 59 0
0 77 0 80
0 70 44 0
0 70 0 80
0 65 44 0
0 65 0 80
0 72 67 0
0 72 0 80
0 65 45 0
0 65 0 80
0 60 45 0
0 60 0 80
0 70 56 0
0 70 0 80
0 65 41 0
0 65 0 80
0 58 41 0
0 58 0 80
0 65 53 0
0 65 0 80
0 58 39 0
0 58 0 80
0 53 39 0
0 53 0 80
0 65 60 0
0 65 0 480
0 63 50 0
0 63 0 240
0 67 58 0
0 67 0 240
0 65 52 0
0 65 0 190
0 72 71 50
0 72 0 240
0 65 60 0
0 65 0 480
0 63 50 0
0 63 0 240
0 67 58 0
0 67 0 240
0 65 52 0
0 65 0 190
0 72 70 50
0 72 0 240
0 65 70 0
0 65 0 480
0 63 50 0
0 63 0 240
0 60 64 0
0 60 0 480
0 58 54 0
0 58 0 240
0 60 72 0
0 60 0 240
0 58 50 0
0 58 0 240
0 55 68 0
0 55 0 240
0 53 49 0
0 53 0 240
0 55 64 0
0 55 0 240
0 53 50 0
0 53 0 240
0 50 52 0
0 50 0 240
0 48 40 0
0 48 0 240
0 50 45 0
0 50 0 400
0 48 35 0
0 48 0 80
0 59 32 240
0 59 0 60
0 63 32 0
0 63 0 60
0 55 32 0
0 55 0 60
0 64 32 0
0 64 0 60
0 67 41 0
0 67 0 120
0 66 32 360
0 66 0 30
0 70 33 0
0 70 0 30
0 71 33 0
0 71 0 30
0 75 34 0
0 75 0 30
0 67 34 0
0 67 0 30
0 72 35 0
0 72 0 30
0 76 35 0
0 76 0 30
0 79 36 0
0 79 0 30
0 78 36 0
0 78 0 30
0 82 37 0
0 82 0 30
0 83 37 0
0 83 0 30
0 87 38 0
0 87 0 30
0 79 39 0
0 79 0 30
0 84 39 0
0 84 0 30
0 88 40 0
0 88 0 30
0 91 40 0
0 91 0 30
0 100 41 0
0 96 41 0
0 96 0 120
0 100 0 0
0 79 34 540
0 84 34 0
0 90 34 0
0 91 41 60
0 90 0 20
0 79 0 220
0 84 0 0
0 91 0 0
0 84 66 960
0 79 46 80
0 79 0 80
0 72 45 0
0 72 0 80
0 79 55 0
0 79 0 80
0 72 48 0
0 72 0 80
0 67 48 0
0 67 0 80
0 84 0 0
0 83 69 0
0 78 50 80
0 78 0 80
0 71 50 0
0 71 0 80
0 78 58 0
0 78 0 80
0 71 52 0
0 71 0 80
0 66 52 0
0 66 0 80
0 74 55 0
0 74 0 80
0 66 50 0
0 66 0 80
0 71 48 0
0 71 0 80
0 78 55 0
0 78 0 80
0 71 45 0
0 71 0 80
0 78 45 0
0 78 0 80
0 83 0 0
0 82 55 0
0 77 44 80
0 77 0 80
0 70 42 0
0 70 0 80
0 82 0 0
0 77 49 0
0 77 0 80
0 70 43 0
0 70 0 80
0 65 43 0
0 65 0 80
0 65 38 60
0 65 0 60
0 77 51 0
0 70 51 0
0 70 0 60
0 65 38 0
0 65 0 60
0 64 43 60
0 64 0 60
0 77 0 0
0 76 52 0
0 69 52 0
0 69 0 60
0 64 43 0
0 64 0 60
0 63 50 60
0 63 0 60
0 76 0 0
0 75 60 0
0 68 60 0
0 68 0 60
0 75 0 0
0 63 42 0
0 63 0 60
0 84 66 0
0 79 46 80
0 79 0 80
0 72 45 0
0 72 0 80
0 79 55 0
0 79 0 80
0 72 48 0
0 72 0 80
0 67 48 0
0 67 0 80
0 84 0 0
0 83 69 0
0 78 50 80
0 78 0 80
0 71 50 0
0 71 0 80
0 78 58 0
0 78 0 80
0 71 52 0
0 71 0 80
0 66 52 0
0 66 0 80
0 74 55 0
0 74 0 80
0 66 50 0
0 66 0 80
0 71 48 0
0 71 0 80
0 78 55 0
0 78 0 80
0 71 45 0
0 71 0 80
0 78 45 0
0 78 0 80
0 83 0 0
0 82 55 0
0 77 44 80
0 77 0 80
0 70 42 0
0 70 0 80
0 82 0 0
0 77 49 0
0 77 0 80
0 70 43 0
0 70 0 80
0 65 43 0
0 65 0 80
0 65 38 60
0 65 0 60
0 77 51 0
0 70 51 0
0 70 0 60
0 65 38 0
0 65 0 60
0 64 43 60
0 64 0 60
0 77 0 0
0 76 52 0
0 69 52 0
0 69 0 60
0 64 43 0
0 64 0 60
0 63 50 60
0 63 0 60
0 76 0 0
0 75 60 0
0 68 60 0
0 68 0 60
0 75 0 0
0 63 41 0
0 63 0 60
0 75 49 0
0 64 32 80
0 64 0 80
0 67 32 0
0 67 0 80
0 75 0 0
0 72 45 0
0 64 34 80
0 64 0 80
0 67 34 0
0 67 0 80
0 72 0 0
0 70 48 0
0 64 34 80
0 64 0 80
0 67 35 0
0 67 0 80
0 70 0 0
0 70 53 0
0 67 38 80
0 67 0 80
0 68 38 0
0 68 0 80
0 70 0 0
0 69 41 0
0 69 0 80
0 70 41 0
0 70 0 80
0 76 44 0
0 76 0 80
0 75 52 0
0 64 32 80
0 64 0 80
0 67 32 0
0 67 0 80
0 75 0 0
0 72 45 0
0 64 34 80
0 64 0 80
0 67 34 0
0 67 0 80
0 72 0 0
0 70 48 0
0 64 34 80
0 64 0 80
0 67 35 0
0 67 0 80
0 70 0 0
0 70 53 0
0 67 38 80
0 67 0 80
0 68 38 0
0 68 0 80
0 70 0 0
0 69 46 0
0 69 0 80
0 70 42 0
0 70 0 80
0 76 47 0
0 76 0 80
0 75 52 0
0 64 32 80
0 64 0 80
0 67 32 0
0 67 0 80
0 75 0 0
0 72 45 0
0 64 34 80
0 64 0 80
0 67 34 0
0 67 0 80
0 72 0 0
0 70 48 0
0 64 34 80
0 64 0 80
0 67 35 0
0 67 0 80
0 70 0 0
0 70 53 0
0 65 38 80
0 65 0 80
0 62 38 0
0 62 0 80
0 70 0 0
0 68 50 0
0 65 38 80
0 65 0 80
0 62 36 0
0 62 0 80
0 68 0 0
0 70 48 0
0 70 0 80
0 65 35 0
0 65 0 80
0 62 35 0
0 62 0 80
0 68 45 0
0 68 0 80
0 65 30 0
0 65 0 80
0 62 30 0
0 62 0 80
0 70 45 0
0 65 29 80
0 65 0 80
0 62 29 0
0 62 0 80
0 70 0 0
0 68 41 0
0 65 30 80
0 65 0 80
0 62 30 0
0 62 0 80
0 68 0 0
0 45 25 80
0 45 0 80
0 51 27 0
0 51 0 80
0 56 29 0
0 56 0 80
0 57 31 0
0 57 0 80
0 62 33 0
0 62 0 80
0 68 49 0
0 62 32 80
0 62 0 80
0 57 32 0
0 57 0 80
0 68 0 0
0 66 45 0
0 62 34 80
0 62 0 80
0 57 34 0
0 57 0 80
0 66 0 0
0 63 48 0
0 60 34 80
0 60 0 80
0 57 35 0
0 57 0 80
0 63 0 0
0 63 53 0
0 63 0 80
0 55 38 0
0 55 0 80
0 58 38 0
0 58 0 80
0 63 41 0
0 63 0 80
0 64 41 0
0 64 0 80
0 71 44 0
0 71 0 80
0 68 49 0
0 62 32 80
0 62 0 80
0 57 32 0
0 57 0 80
0 68 0 0
0 66 45 0
0 62 34 80
0 62 0 80
0 57 34 0
0 57 0 80
0 66 0 0
0 63 48 0
0 60 34 80
0 60 0 80
0 57 35 0
0 57 0 80
0 63 0 0
0 63 53 0
0 63 0 80
0 55 38 0
0 55 0 80
0 58 38 0
0 58 0 80
0 63 38 0
0 63 0 80
0 64 41 0
0 64 0 80
0 71 44 0
0 71 0 80
0 68 44 0
0 68 0 240
0 62 38 0
0 62 0 240
0 63 37 0
0 63 0 240
0 71 58 0
0 71 0 240
0 67 40 0
0 67 0 240
0 68 43 0
0 68 0 240
0 75 62 0
0 75 0 240
0 70 50 0
0 70 0 240
0 71 50 0
0 71 0 240
0 80 67 0
0 80 0 240
0 74 55 0
0 74 0 240
0 75 55 0
0 75 0 240
0 83 76 0
0 83 0 240
0 79 67 0
0 79 0 240
0 80 74 0
0 80 0 240
0 87 85 0
0 87 0 240
0 82 75 0
0 82 0 240
0 83 83 0
0 83 0 240
0 94 87 0
0 87 73 0
0 83 73 0
0 83 0 60
0 87 0 0
0 94 0 0
0 86 72 0
0 82 60 0
0 77 60 0
0 77 0 60
0 82 0 0
0 86 0 0
0 83 73 0
0 87 73 0
0 94 87 0
0 94 0 60
0 87 0 0
0 83 0 0
0 77 60 0
0 82 60 0
0 86 72 0
0 86 0 60
0 82 0 0
0 77 0 0
0 94 87 0
0 87 73 0
0 83 73 0
0 83 0 60
0 87 0 0
0 94 0 0
0 86 72 0
0 82 61 0
0 77 61 0
0 77 0 60
0 82 0 0
0 86 0 0
0 83 72 0
0 87 72 0
0 94 86 0
0 94 0 60
0 87 0 0
0 83 0 0
0 77 61 0
0 82 61 0
0 86 72 0
0 86 0 60
0 82 0 0
0 77 0 0
0 94 86 0
0 87 72 0
0 83 72 0
0 83 0 60
0 87 0 0
0 94 0 0
0 86 72 0
0 82 61 0
0 77 61 0
0 77 0 60
0 82 0 0
0 86 0 0
0 83 72 0
0 87 72 0
0 94 85 0
0 94 0 60
0 87 0 0
0 83 0 0
0 77 60 0
0 82 60 0
0 86 72 0
0 86 0 60
0 82 0 0
0 77 0 0
0 94 85 0
0 87 72 0
0 83 72 0
0 83 0 60
0 87 0 0
0 94 0 0
0 86 71 0
0 82 59 0
0 77 59 0
0 77 0 60
0 82 0 0
0 86 0 0
0 83 72 0
0 87 72 0
0 94 85 0
0 94 0 60
0 87 0 0
0 83 0 0
0 77 59 0
0 82 59 0
0 86 70 0
0 86 0 60
0 82 0 0
0 77 0 0
0 94 84 0
0 87 71 0
0 83 71 0
0 83 0 60
0 87 0 0
0 94 0 0
0 86 70 0
0 82 59 0
0 77 59 0
0 77 0 60
0 82 0 0
0 86 0 0
0 83 71 0
0 87 71 0
0 94 84 0
0 94 0 60
0 87 0 0
0 83 0 0
0 77 59 0
0 82 59 0
0 86 70 0
0 86 0 60
0 82 0 0
0 77 0 0
0 94 83 0
0 87 70 0
0 83 70 0
0 83 0 60
0 87 0 0
0 94 0 0
0 86 69 0
0 82 58 0
0 77 58 0
0 77 0 60
0 82 0 0
0 86 0 0
0 83 70 0
0 87 70 0
0 94 83 0
0 94 0 60
0 87 0 0
0 83 0 0
0 77 59 0
0 82 59 0
0 86 70 0
0 86 0 60
0 82 0 0
0 77 0 0
0 94 83 0
0 87 70 0
0 83 70 0
0 83 0 60
0 87 0 0
0 94 0 0
0 86 67 0
0 82 56 0
0 77 56 0
0 77 0 60
0 82 0 0
0 86 0 0
0 83 66 0
0 87 66 0
0 94 78 0
0 94 0 60
0 87 0 0
0 83 0 0
0 77 54 0
0 82 54 0
0 86 64 0
0 86 0 60
0 82 0 0
0 77 0 0
0 94 74 0
0 87 62 0
0 83 62 0
0 83 0 60
0 87 0 0
0 94 0 0
0 86 61 0
0 82 51 0
0 77 51 0
0 77 0 60
0 82 0 0
0 86 0 0
0 83 59 0
0 87 59 0
0 94 70 0
0 94 0 60
0 87 0 0
0 83 0 0
0 77 49 0
0 82 49 0
0 86 58 0
0 86 0 60
0 82 0 0
0 77 0 0
0 94 66 0
0 87 56 0
0 83 56 0
0 83 0 60
0 87 0 0
0 94 0 0
0 86 54 0
0 82 45 0
0 77 45 0
0 77 0 60
0 82 0 0
0 86 0 0
0 83 52 0
0 87 52 0
0 94 62 0
0 94 0 60
0 87 0 0
0 83 0 0
0 77 43 0
0 82 43 0
0 86 51 0
0 86 0 60
0 82 0 0
0 77 0 0
0 94 58 0
0 87 49 0
0 83 49 0
0 83 0 60
0 87 0 0
0 94 0 0
0 86 46 0
0 82 39 0
0 77 39 0
0 77 0 60
0 82 0 0
0 86 0 0
0 83 45 0
0 87 45 0
0 94 53 0
0 94 0 60
0 87 0 0
0 83 0 0
0 77 36 0
0 82 36 0
0 86 43 0
0 86 0 60
0 82 0 0
0 77 0 0
0 94 49 0
0 87 41 0
0 83 41 0
0 83 0 60
0 87 0 0
0 94 0 0
0 86 40 0
0 82 34 0
0 77 34 0
0 77 0 60
0 82 0 0
0 86 0 0
0 83 38 0
0 87 38 0
0 94 45 0
0 94 0 60
0 87 0 0
0 83 0 0
0 77 31 0
0 82 31 0
0 86 37 0
0 86 0 60
0 82 0 0
0 77 0 0
0 94 41 0
0 87 34 0
0 83 34 0
0 83 0 60
0 87 0 0
0 94 0 0
0 86 33 0
0 82 28 0
0 77 28 0
0 77 0 60
0 82 0 0
0 86 0 0
0 83 31 0
0 87 31 0
0 94 37 0
0 94 0 60
0 87 0 0
0 83 0 0
0 77 25 0
0 82 25 0
0 86 30 0
0 86 0 60
0 82 0 0
0 77 0 0
0 92 40 0
0 92 0 40
0 87 27 0
0 87 0 40
0 82 27 0
0 82 0 40
0 90 39 0
0 90 0 40
0 85 26 0
0 85 0 40
0 80 26 0
0 80 0 40
0 87 39 0
0 87 0 40
0 82 29 0
0 82 0 40
0 78 29 0
0 78 0 40
0 89 40 0
0 89 0 40
0 85 27 0
0 85 0 40
0 80 27 0
0 80 0 40
0 87 39 0
0 87 0 40
0 82 29 0
0 82 0 40
0 78 29 0
0 78 0 40
0 85 39 0
0 85 0 40
0 80 29 0
0 80 0 40
0 76 29 0
0 76 0 40
0 68 36 0
0 72 36 0
0 72 0 60
0 68 0 0
0 73 30 0
0 73 0 60
0 74 31 0
0 74 0 60
0 75 29 0
0 75 0 60
0 74 33 0
0 74 0 60
0 75 34 0
0 75 0 60
0 77 39 0
0 77 0 60
0 78 34 0
0 78 0 60
0 84 39 0
0 84 0 40
0 78 29 0
0 78 0 40
0 75 29 0
0 75 0 40
0 82 39 0
0 82 0 40
0 78 29 0
0 78 0 40
0 75 29 0
0 75 0 40
0 80 40 0
0 80 0 40
0 75 27 0
0 75 0 40
0 70 27 0
0 70 0 40
0 78 39 0
0 78 0 40
0 73 26 0
0 73 0 40
0 68 26 0
0 68 0 40
0 75 39 0
0 75 0 40
0 70 29 0
0 70 0 40
0 66 29 0
0 66 0 40
0 77 40 0
0 77 0 40
0 73 27 0
0 73 0 40
0 68 27 0
0 68 0 40
0 75 39 0
0 75 0 40
0 70 29 0
0 70 0 40
0 66 29 0
0 66 0 40
0 73 39 0
0 73 0 40
0 68 29 0
0 68 0 40
0 64 29 0
0 64 0 40
0 56 36 0
0 60 36 0
0 60 0 60
0 56 0 0
0 61 30 0
0 61 0 60
0 62 31 0
0 62 0 60
0 63 29 0
0 63 0 60
0 62 33 0
0 62 0 60
0 63 34 0
0 63 0 60
0 65 39 0
0 65 0 60
0 66 34 0
0 66 0 60
0 72 39 0
0 72 0 40
0 66 29 0
0 66 0 40
0 63 29 0
0 63 0 40
0 70 39 0
0 70 0 40
0 66 29 0
0 66 0 40
0 63 29 0
0 63 0 40
0 68 40 0
0 68 0 40
0 63 27 0
0 63 0 40
0 58 27 0
0 58 0 40
0 66 39 0
0 66 0 40
0 61 26 0
0 61 0 40
0 56 26 0
0 56 0 40
0 63 39 0
0 63 0 40
0 58 29 0
0 58 0 40
0 54 29 0
0 54 0 40
0 65 40 0
0 65 0 40
0 61 27 0
0 61 0 40
0 56 27 0
0 56 0 40
0 63 39 0
0 63 0 40
0 58 29 0
0 58 0 40
0 54 29 0
0 54 0 40
0 61 39 0
0 61 0 40
0 56 29 0
0 56 0 40
0 52 29 0
0 52 0 40
0 57 39 120
0 57 0 80
0 63 31 0
0 58 31 0
0 58 0 80
0 63 0 0
0 53 35 0
0 53 0 80
0 58 31 0
0 54 31 0
0 54 0 80
0 58 0 0
0 50 36 0
0 50 0 80
0 54 31 0
0 51 31 0
0 51 0 80
0 54 0 0
0 86 31 600
0 79 28 0
0 74 26 0
0 67 26 0
0 67 0 240
0 86 0 0
0 79 0 0
0 74 0 0
0 88 31 0
0 82 26 0
0 70 26 0
0 76 26 0
0 76 0 240
0 88 0 0
0 82 0 0
0 70 0 0
0 58 27 480
0 55 22 0
0 65 40 0
0 55 0 240
0 58 0 0
0 58 27 0
0 55 22 0
0 65 0 240
0 62 37 0
0 55 0 240
0 58 0 0
0 53 22 0
0 55 27 0
0 55 0 480
0 53 0 0
0 53 22 0
0 55 27 0
0 55 0 240
0 53 0 0
0 62 0 0
0 65 45 480
0 55 36 240
0 58 36 0
0 58 0 240
0 55 0 0
0 65 0 0
0 61 32 0
0 65 38 0
0 72 55 0
0 65 0 240
0 61 0 0
0 61 32 0
0 65 38 0
0 72 0 240
0 70 53 0
0 65 0 240
0 61 0 0
0 61 26 0
0 65 31 0
0 65 0 240
0 70 0 0
0 65 44 0
0 61 0 240
0 58 22 0
0 61 27 0
0 61 0 240
0 58 0 0
0 65 0 0
0 63 23 480
0 53 23 0
0 87 27 0
0 82 25 0
0 58 23 0
0 82 0 240
0 87 0 0
0 63 0 0
0 61 23 0
0 65 23 0
0 89 27 0
0 85 23 0
0 85 0 240
0 53 0 0
0 61 0 0
0 58 0 0
0 89 0 0
0 65 0 0
0 67 45 1440
0 65 29 0
0 61 29 0
0 61 0 120
0 65 0 0
0 67 0 0
0 77 25 0
0 73 21 0
0 68 21 0
0 68 0 120
0 73 0 0
0 77 0 0
0 69 35 0
0 67 30 0
0 67 0 120
0 69 0 0
0 70 23 0
0 73 23 0
0 77 26 0
0 77 0 120
0 73 0 0
0 70 0 0
0 71 46 0
0 69 30 0
0 65 30 0
0 65 0 120
0 69 0 0
0 71 0 0
0 81 26 0
0 77 22 0
0 72 22 0
0 72 0 120
0 77 0 0
0 81 0 0
0 73 36 0
0 71 30 0
0 71 0 120
0 73 0 0
0 81 27 0
0 77 23 0
0 74 23 0
0 74 0 120
0 77 0 0
0 81 0 0
0 69 31 0
0 73 31 0
0 75 47 0
0 75 0 120
0 73 0 0
0 69 0 0
0 85 27 0
0 81 23 0
0 76 23 0
0 76 0 120
0 81 0 0
0 85 0 0
0 77 37 0
0 75 31 0
0 75 0 120
0 77 0 0
0 85 27 0
0 81 23 0
0 78 23 0
0 78 0 120
0 81 0 0
0 85 0 0
0 79 48 0
0 77 37 0
0 73 31 0
0 73 0 120
0 77 0 0
0 79 0 0
0 89 27 0
0 85 24 0
0 80 24 0
0 80 0 120
0 85 0 0
0 89 0 0
0 81 37 0
0 79 32 0
0 79 0 120
0 81 0 0
0 82 24 0
0 85 24 0
0 89 28 0
0 89 0 120
0 85 0 0
0 82 0 0
0 83 49 0
0 81 32 0
0 77 32 0
0 77 0 120
0 81 0 0
0 83 0 0
0 93 28 0
0 89 24 0
0 84 24 0
0 84 0 120
0 89 0 0
0 93 0 0
0 85 38 0
0 83 32 0
0 83 0 120
0 85 0 0
0 93 28 0
0 89 24 0
0 86 24 0
0 86 0 120
0 89 0 0
0 93 0 0
0 81 33 0
0 85 33 0
0 87 50 0
0 87 0 120
0 85 0 0
0 81 0 0
0 97 28 0
0 93 24 0
0 88 24 0
0 88 0 120
0 93 0 0
0 97 0 0
0 89 39 0
0 87 33 0
0 87 0 120
0 89 0 0
0 97 28 0
0 93 24 0
0 90 24 0
0 90 0 120
0 93 0 0
0 97 0 0
0 91 54 0
0 89 33 0
0 85 33 0
0 85 0 120
0 89 0 0
0 91 0 0
0 101 29 0
0 97 29 0
0 92 25 0
0 92 0 120
0 97 0 0
0 101 0 0
0 93 39 0
0 91 39 0
0 91 0 120
0 93 0 0
0 94 25 0
0 97 29 0
0 101 29 0
0 101 0 120
0 97 0 0
0 94 0 0
0 91 54 0
0 89 33 0
0 85 33 0
0 85 0 120
0 89 0 0
0 91 0 0
0 101 29 0
0 97 29 0
0 92 25 0
0 92 0 120
0 97 0 0
0 101 0 0
0 93 39 0
0 91 33 0
0 91 0 120
0 93 0 0
0 94 25 0
0 97 29 0
0 101 29 0
0 101 0 120
0 97 0 0
0 94 0 0
0 91 54 0
0 89 33 0
0 85 33 0
0 85 0 120
0 89 0 0
0 91 0 0
0 101 29 0
0 97 29 0
0 92 25 0
0 92 0 120
0 97 0 0
0 101 0 0
0 93 39 0
0 91 33 0
0 91 0 120
0 93 0 0
0 94 25 0
0 97 30 0
0 101 30 0
0 101 0 120
0 97 0 0
0 94 0 0
0 91 54 0
0 89 33 0
0 85 33 0
0 85 0 120
0 89 0 0
0 91 0 0
0 101 30 0
0 97 30 0
0 92 25 0
0 92 0 120
0 97 0 0
0 101 0 0
0 93 39 0
0 91 33 0
0 91 0 120
0 93 0 0
0 94 25 0
0 97 29 0
0 101 29 0
0 101 0 120
0 97 0 0
0 94 0 0
0 91 54 0
0 89 33 0
0 85 33 0
0 85 0 120
0 89 0 0
0 91 0 0
0 101 28 0
0 97 28 0
0 92 24 0
0 92 0 120
0 97 0 0
0 101 0 0
0 93 39 0
0 91 33 0
0 91 0 120
0 93 0 0
0 94 24 0
0 97 28 0
0 101 28 0
0 101 0 120
0 97 0 0
0 94 0 0
0 91 54 0
0 89 33 0
0 85 33 0
0 85 0 120
0 89 0 0
0 91 0 0
0 101 29 0
0 97 29 0
0 92 25 0
0 92 0 120
0 97 0 0
0 101 0 0
0 93 39 0
0 91 33 0
0 91 0 120
0 93 0 0
0 94 25 0
0 97 29 0
0 101 29 0
0 101 0 120
0 97 0 0
0 94 0 0
0 91 54 0
0 89 33 0
0 85 33 0
0 85 0 120
0 89 0 0
0 91 0 0
0 101 30 0
0 97 30 0
0 92 25 0
0 92 0 120
0 97 0 0
0 101 0 0
0 93 39 0
0 91 33 0
0 91 0 120
0 93 0 0
0 94 25 0
0 97 30 0
0 101 30 0
0 101 0 120
0 97 0 0
0 94 0 0
0 91 54 0
0 89 33 0
0 85 33 0
0 85 0 120
0 89 0 0
0 91 0 0
0 101 29 0
0 97 29 0
0 92 25 0
0 92 0 120
0 97 0 0
0 101 0 0
0 93 39 0
0 91 33 0
0 91 0 120
0 93 0 0
0 94 25 0
0 97 30 0
0 101 30 0
0 101 0 120
0 97 0 0
0 94 0 0
0 104 67 0
0 104 0 120
0 87 39 360
0 87 0 80
0 80 34 0
0 80 0 80
0 75 34 0
0 75 0 80
0 85 39 0
0 85 0 80
0 80 35 0
0 80 0 80
0 73 35 0
0 73 0 80
0 80 39 0
0 77 33 0
0 77 0 120
0 80 0 0
0 78 42 0
0 78 0 160
0 72 31 0
0 72 0 160
0 68 32 0
0 68 0 160
0 76 50 0
0 76 0 160
0 70 43 0
0 70 0 160
0 66 36 0
0 66 0 160
0 80 60 0
0 80 0 160
0 74 46 0
0 74 0 160
0 70 49 0
0 70 0 160
0 78 42 0
0 78 0 160
0 72 31 0
0 72 0 160
0 68 32 0
0 68 0 160
0 76 50 0
0 76 0 160
0 70 41 0
0 70 0 160
0 66 39 0
0 66 0 160
0 80 60 0
0 80 0 160
0 74 46 0
0 74 0 160
0 70 49 0
0 70 0 160
0 61 47 0
0 61 0 160
0 68 34 0
0 68 0 160
0 76 34 0
0 76 0 160
0 56 44 240
0 56 0 160
0 64 32 0
0 64 0 160
0 49 32 0
0 49 0 160
0 52 33 240
0 52 0 160
0 56 39 0
0 56 0 160
0 62 43 0
0 62 0 160
0 66 50 0
0 66 0 160
0 62 37 0
0 62 0 160
0 56 34 0
0 56 0 160
0 57 39 0
0 57 0 240
0 64 32 0
0 64 0 240
0 52 33 0
0 52 0 160
0 56 42 0
0 56 0 160
0 62 46 0
0 62 0 160
0 66 51 0
0 66 0 160
0 62 37 0
0 62 0 160
0 56 34 0
0 56 0 160
0 45 39 0
0 45 0 160
0 52 35 0
0 52 0 160
0 57 34 0
0 57 0 160
0 39 39 0
0 39 0 120
0 46 43 0
0 46 0 120
0 54 45 0
0 54 0 120
0 55 47 0
0 55 0 120
0 58 50 240
0 58 0 60
0 63 49 0
0 63 0 60
0 66 48 0
0 66 0 60
0 67 48 0
0 67 0 60
0 70 39 240
0 70 0 60
0 75 38 0
0 75 0 60
0 78 37 0
0 78 0 60
0 79 36 0
0 79 0 60
0 75 33 1680
0 73 33 0
0 73 0 120
0 75 0 0
0 79 33 120
0 77 33 0
0 77 0 120
0 79 0 0
0 73 30 600
0 75 30 0
0 75 0 120
0 73 0 0
0 78 42 1800
0 78 0 160
0 72 31 0
0 72 0 160
0 68 32 0
0 68 0 160
0 76 50 0
0 76 0 160
0 70 43 0
0 70 0 160
0 66 36 0
0 66 0 160
0 80 60 0
0 80 0 160
0 74 46 0
0 74 0 160
0 70 49 0
0 70 0 160
0 78 42 0
0 78 0 160
0 72 31 0
0 72 0 160
0 68 32 0
0 68 0 160
0 76 50 0
0 76 0 160
0 70 41 0
0 70 0 160
0 66 39 0
0 66 0 160
0 80 60 0
0 80 0 160
0 74 46 0
0 74 0 160
0 70 49 0
0 70 0 160
0 61 47 0
0 61 0 160
0 68 41 0
0 68 0 160
0 76 47 0
0 76 0 160
0 44 52 240
0 44 0 160
0 51 39 0
0 51 0 160
0 60 39 0
0 60 0 160
0 60 52 240
0 60 0 160
0 68 34 0
0 68 0 160
0 53 34 0
0 53 0 160
0 58 40 240
0 58 0 80
0 60 33 0
0 60 0 80
0 61 33 0
0 61 0 80
0 68 40 0
0 68 0 80
0 64 34 0
0 64 0 80
0 65 36 0
0 65 0 80
0 65 34 80
0 65 0 80
0 62 34 0
0 62 0 80
0 60 41 0
0 60 0 48
0 63 44 0
0 63 0 48
0 64 47 0
0 64 0 48
0 66 50 0
0 66 0 48
0 67 53 0
0 67 0 48
0 67 50 48
0 67 0 48
0 70 47 0
0 70 0 48
0 71 45 0
0 71 0 48
0 72 42 0
0 72 0 48
0 58 40 240
0 58 0 80
0 60 33 0
0 60 0 80
0 61 33 0
0 61 0 80
0 68 40 0
0 68 0 80
0 64 34 0
0 64 0 80
0 65 36 0
0 65 0 80
0 65 34 80
0 65 0 80
0 62 34 0
0 62 0 80
0 60 36 0
0 60 0 48
0 63 39 0
0 63 0 48
0 64 42 0
0 64 0 48
0 66 46 0
0 66 0 48
0 67 49 0
0 67 0 48
0 67 49 48
0 67 0 48
0 70 47 0
0 70 0 48
0 71 44 0
0 71 0 48
0 72 42 0
0 72 0 48
0 58 40 240
0 58 0 80
0 60 33 0
0 60 0 80
0 61 33 0
0 61 0 80
0 68 40 0
0 68 0 80
0 64 34 0
0 64 0 80
0 65 36 0
0 65 0 80
0 65 34 80
0 65 0 80
0 62 34 0
0 62 0 80
0 56 40 0
0 56 0 80
0 58 33 0
0 61 33 70
0 58 0 10
0 61 0 70
0 68 46 0
0 68 0 80
0 59 34 10
0 59 0 80
0 62 36 0
0 62 0 80
0 62 40 80
0 62 0 80
0 59 41 0
0 59 0 80
0 53 40 0
0 53 0 80
0 56 37 0
0 56 0 80
0 59 37 0
0 59 0 80
0 63 36 80
0 63 0 80
0 57 36 0
0 57 0 80
0 51 40 0
0 51 0 80
0 53 36 0
0 53 0 80
0 56 36 0
0 56 0 80
0 57 36 80
0 57 0 80
0 54 36 0
0 54 0 80
0 48 40 0
0 48 0 80
0 51 34 0
0 51 0 80
0 54 34 0
0 54 0 80
0 58 36 80
0 58 0 80
0 52 36 0
0 52 0 80
0 46 40 0
0 46 0 80
0 48 36 0
0 48 0 80
0 49 36 0
0 49 0 80
0 52 32 80
0 52 0 80
0 49 32 0
0 49 0 80
0 43 36 0
0 43 0 80
0 49 28 0
0 49 0 80
0 58 28 0
0 58 0 80
0 47 38 0
0 47 0 80
0 50 26 0
0 50 0 80
0 54 38 80
0 54 0 48
0 58 35 0
0 58 0 48
0 50 36 0
0 50 0 48
0 59 38 0
0 59 0 48
0 62 47 0
0 62 0 240
0 73 32 1668
0 73 0 60
0 67 37 0
0 74 37 0
0 74 0 240
0 67 0 0
0 71 45 960
0 74 45 0
0 80 45 0
0 80 0 480
0 74 0 0
0 71 0 0
0 71 51 0
0 81 51 0
0 75 51 0
0 81 0 478
0 75 0 2
0 75 45 0
0 75 0 480
0 71 0 0
0 72 38 0
0 81 38 0
0 75 38 0
0 75 0 480
0 81 0 0
0 72 0 0
0 65 44 0
0 63 44 0
0 73 44 0
0 65 0 240
0 66 55 0
0 66 0 240
0 73 0 0
0 73 66 0
0 67 66 0
0 67 0 120
0 73 0 0
0 63 0 120
0 71 45 0
0 80 45 0
0 74 45 0
0 74 0 480
0 80 0 0
0 71 0 0
0 75 51 0
0 81 51 0
0 71 51 0
0 81 0 478
0 75 0 2
0 75 45 0
0 75 0 480
0 71 0 0
0 75 38 0
0 81 38 0
0 72 38 0
0 72 0 480
0 81 0 0
0 75 0 0
0 63 44 0
0 73 44 0
0 65 44 0
0 65 0 240
0 66 55 0
0 66 0 240
0 73 0 0
0 67 66 0
0 73 66 0
0 73 0 120
0 67 0 0
0 63 0 120
0 56 36 0
0 63 36 0
0 63 0 240
0 56 0 0
0 63 36 0
0 51 36 0
0 51 0 480
0 63 0 0
0 55 42 0
0 61 42 0
0 61 0 240
0 55 0 0
0 51 35 0
0 61 35 0
0 61 0 240
0 51 0 0
0 56 36 0
0 63 36 0
0 63 0 240
0 56 0 0
0 63 36 0
0 51 36 0
0 51 0 480
0 63 0 0
0 55 42 0
0 61 42 0
0 61 0 240
0 55 0 0
0 51 35 0
0 61 35 0
0 61 0 240
0 51 0 0
0 56 36 0
0 63 36 0
0 63 0 240
0 56 0 0
0 63 36 0
0 51 36 0
0 51 0 480
0 63 0 0
0 54 42 0
0 61 42 0
0 61 0 240
0 54 0 0
0 49 35 0
0 49 0 240
0 54 37 0
0 61 37 0
0 61 0 240
0 54 0 0
0 49 30 0
0 49 0 240
0 54 38 0
0 61 38 0
0 61 0 240
0 54 0 0
0 49 31 0
0 49 0 240
0 42 27 0
0 42 0 120
0 49 29 0
0 49 0 120
0 57 31 0
0 57 0 120
0 61 33 0
0 61 0 120
0 58 36 0
0 67 36 0
0 67 0 240
0 58 0 0
0 54 36 0
0 54 0 480
0 59 42 0
0 66 42 0
0 66 0 240
0 59 0 0
0 54 35 0
0 54 0 240
0 67 36 0
0 58 36 0
0 58 0 240
0 67 0 0
0 54 36 0
0 54 0 480
0 66 42 0
0 59 42 0
0 59 0 240
0 66 0 0
0 54 35 0
0 54 0 240
0 60 44 0
0 63 39 120
0 63 0 120
0 68 39 0
0 68 0 120
0 66 39 0
0 66 0 120
0 60 0 0
0 63 50 0
0 66 40 120
0 66 0 120
0 74 40 0
0 74 0 120
0 73 44 0
0 73 0 120
0 63 0 0
0 66 54 0
0 70 41 120
0 70 0 120
0 73 42 0
0 73 0 120
0 72 42 0
0 72 0 120
0 66 0 0
0 70 59 0
0 73 44 120
0 73 0 120
0 75 44 0
0 75 0 120
0 73 44 0
0 73 0 120
0 70 0 0
0 75 61 0
0 75 0 120
0 81 49 0
0 81 0 120
0 72 49 0
0 75 49 120
0 75 0 120
0 80 65 0
0 80 0 120
0 78 52 0
0 78 0 120
0 72 0 0
0 75 53 0
0 78 53 120
0 78 0 120
0 86 72 0
0 86 0 120
0 85 51 0
0 85 0 120
0 75 0 0
0 78 51 0
0 82 51 120
0 82 0 120
0 85 72 0
0 85 0 120
0 84 52 0
0 84 0 120
0 78 0 0
0 82 52 0
0 85 52 120
0 85 0 120
0 87 72 0
0 87 0 120
0 85 57 0
0 85 0 120
0 82 0 0
0 87 57 0
0 87 0 120
0 93 57 0
0 93 0 120
0 89 35 2880
0 89 0 60
0 87 28 0
0 87 0 60
0 84 35 0
0 84 0 60
0 82 26 0
0 82 0 60
0 84 36 0
0 84 0 60
0 78 29 0
0 78 0 60
0 77 35 0
0 77 0 60
0 75 28 0
0 75 0 60
0 72 35 0
0 72 0 60
0 70 26 0
0 70 0 60
0 72 36 0
0 72 0 60
0 66 29 0
0 66 0 60
0 65 35 0
0 65 0 60
0 63 28 0
0 63 0 60
0 60 35 0
0 60 0 60
0 58 26 0
0 58 0 60
0 60 36 0
0 60 0 60
0 54 29 0
0 54 0 60
0 53 38 120
0 53 0 120
0 51 31 0
0 51 0 120
0 46 37 0
0 46 0 120
0 41 31 0
0 41 0 120
0 29 42 0
0 29 0 240
0 65 33 1440
0 53 28 0
0 53 0 480
0 65 0 0
0 53 24 0
0 65 29 0
0 65 0 480
0 53 0 0
0 65 29 0
0 53 24 0
0 53 0 480
0 65 0 0
0 65 29 0
0 53 24 0
0 53 0 480
0 65 0 0
0 65 29 0
0 53 24 0
0 53 0 480
0 65 0 0
0 53 24 0
0 65 29 0
0 65 0 480
0 53 0 0
0 53 24 0
0 65 29 0
0 65 0 480
0 53 0 0
0 53 24 0
0 65 29 0
0 65 0 480
0 53 0 0
0 65 29 0
0 53 24 0
0 53 0 480
0 65 0 0
0 65 29 0
0 53 24 0
0 53 0 480
0 65 0 0
0 65 29 0
0 53 24 0
0 53 0 480
0 65 0 0
0 53 24 0
0 65 29 0
0 65 0 480
0 53 0 0
0 65 29 0
0 53 24 0
0 53 0 480
0 65 0 0
0 53 24 0
0 65 29 0
0 65 0 480
0 53 0 0
0 65 29 0
0 53 24 0
0 53 0 480
0 65 0 0
0 53 26 0
0 65 31 0
0 65 0 480
0 53 0 0
0 53 26 0
0 65 31 0
0 65 0 480
0 53 0 0
0 65 31 0
0 53 26 0
0 65 0 238
0 53 0 242
0 65 31 0
0 53 26 0
0 53 0 480
0 65 0 0
0 53 31 0
0 53 0 720
0 53 31 0
0 53 0 240
0 53 31 0
0 53 0 480
0 53 31 0
0 53 0 478
0 53 31 482
0 53 0 480
0 53 31 0
0 53 0 480
0 53 31 480
0 53 0 720
0 53 45 720
0 53 0 480
0 60 43 240
0 53 33 240
0 60 0 240
0 58 33 0
0 53 0 240
0 53 32 0
0 58 0 240
0 53 0 240
0 41 31 480
0 41 0 480
0 41 31 0
0 41 0 480
0 41 31 960
0 41 0 480
0 41 27 480
0 41 0 480
0 41 27 0
0 41 0 480
0 41 27 960
0 41 0 480
0 39 27 240
0 46 27 0
0 64 33 240
0 61 33 0
0 55 33 0
0 55 0 240
0 64 0 0
0 39 0 0
0 46 0 0
0 61 0 0
0 59 34 0
0 62 34 0
0 53 34 0
0 37 27 240
0 44 27 0
0 53 0 240
0 59 0 0
0 62 0 0
0 37 0 240
0 37 27 0
0 37 0 480
0 37 27 0
0 44 0 240
0 59 37 0
0 63 37 0
0 56 37 0
0 37 0 240
0 37 27 0
0 37 0 240
0 56 0 0
0 63 0 0
0 59 0 0
0 42 47 0
0 49 47 0
0 49 0 240
0 42 0 0
0 56 33 0
0 56 0 240
0 58 40 0
0 58 0 240
0 61 33 0
0 61 0 240
0 63 35 0
0 63 0 160
0 66 37 0
0 66 0 160
0 73 42 0
0 73 0 160
0 61 33 480
0 55 33 0
0 64 33 0
0 46 32 160
0 39 38 160
0 39 0 160
0 64 0 0
0 61 0 0
0 55 0 0
0 46 0 0
0 37 36 0
0 44 43 0
0 53 23 240
0 62 28 0
0 59 23 0
0 59 0 480
0 53 0 0
0 53 22 0
0 59 27 0
0 59 0 480
0 53 0 0
0 53 22 0
0 59 27 0
0 37 0 240
0 44 0 0
0 63 37 0
0 62 0 240
0 59 0 0
0 53 0 0
0 53 27 0
0 59 27 0
0 59 0 240
0 53 0 0
0 63 0 0
0 42 39 0
0 49 47 0
0 49 0 240
0 42 0 0
0 56 40 0
0 56 0 480
0 58 45 0
0 58 0 400
0 61 50 0
0 61 0 160
0 63 54 0
0 63 0 160
0 60 29 1200
0 56 25 0
0 56 0 480
0 60 0 0
0 62 28 0
0 58 24 0
0 34 39 240
0 56 28 150
0 58 0 90
0 62 0 0
0 34 0 240
0 56 0 0
0 59 29 240
0 55 25 0
0 55 0 480
0 59 0 0
0 54 27 0
0 58 28 0
0 34 39 240
0 58 0 240
0 54 0 0
0 34 0 240
0 34 31 240
0 34 0 480
0 34 31 0
0 34 0 480
0 34 27 960
0 34 0 720
0 34 27 1200
0 34 0 1200
0 34 27 240
0 34 0 720
0 34 27 0
0 34 0 480
0 34 27 0
0 34 0 480
0 34 31 0
0 34 0 480
0 34 28 0
0 34 0 480
0 34 28 0
0 34 0 480
0 34 34 0
0 34 0 480
0 34 33 0
0 34 0 480
0 34 33 0
0 34 0 480
0 34 42 240
0 34 0 240
0 46 32 240
0 61 27 480
0 65 32 0
0 60 27 0
0 46 0 240
0 61 0 240
0 65 0 0
0 60 0 0
0 61 25 0
0 65 30 0
0 56 25 0
0 56 0 240
0 65 0 0
0 61 0 0
0 46 41 240
0 60 28 480
0 61 28 0
0 65 33 0
0 46 0 240
0 60 0 240
0 61 0 0
0 65 0 0
0 56 23 0
0 61 23 0
0 65 28 0
0 65 0 240
0 61 0 0
0 56 0 0
0 46 28 0
0 46 0 480
0 46 28 0
0 46 0 480
0 46 37 0
0 46 0 480
0 46 36 0
0 46 0 480
0 34 36 0
0 34 0 240
0 46 36 0
0 46 0 240
0 62 36 0
0 56 36 0
0 56 0 240
0 62 0 0
0 46 46 0
0 46 0 240
0 58 35 0
0 63 29 240
0 66 29 0
0 70 35 0
0 70 0 480
0 66 0 0
0 63 0 0
0 65 29 0
0 66 29 0
0 70 35 0
0 58 0 240
0 65 0 240
0 66 0 0
0 70 0 0
0 61 29 0
0 66 29 0
0 70 35 0
0 70 0 480
0 66 0 0
0 61 0 0
0 63 29 0
0 66 29 0
0 70 35 0
0 70 0 480
0 66 0 0
0 63 0 0
0 65 30 0
0 66 30 0
0 70 36 0
0 70 0 480
0 66 0 0
0 65 0 0
0 61 27 0
0 66 27 0
0 70 32 0
0 70 0 240
0 66 0 0
0 61 0 0
0 58 34 0
0 58 0 480
0 58 32 0
0 58 0 480
0 58 31 0
0 58 0 480
0 58 29 0
0 58 0 480
0 58 27 0
0 58 0 480
0 55 31 0
0 61 37 0
0 39 38 480
0 46 45 0
0 61 0 480
0 55 0 0
0 61 41 0
0 55 41 0
0 55 0 480
0 46 0 0
0 39 0 0
0 61 0 0
0 41 30 0
0 48 36 0
0 60 46 240
0 60 0 240
0 57 30 0
0 63 36 0
0 63 0 960
0 41 0 0
0 48 0 0
0 60 36 0
0 60 0 240
0 57 0 0
0 55 30 240
0 61 36 0
0 46 36 480
0 39 30 0
0 39 0 480
0 55 0 0
0 61 0 0
0 46 0 0
0 41 30 0
0 48 46 240
0 48 0 240
0 57 39 0
0 51 30 0
0 51 0 480
0 48 30 0
0 48 0 480
0 57 0 0
0 41 31 0
0 41 0 0
0 41 0 480
0 41 31 0
0 41 0 480
0 41 31 0
0 41 0 480
0 41 31 0
0 41 0 480
0 41 31 0
0 57 31 240
0 63 56 0
0 63 0 240
0 57 0 0
0 41 0 0
0 56 35 0
0 61 35 0
0 61 0 480
0 56 0 0
0 41 39 0
0 41 0 480
0 41 39 0
0 68 61 240
0 61 35 0
0 65 35 0
0 65 0 240
0 41 0 0
0 68 0 0
0 61 0 0
0 58 41 0
0 67 41 0
0 61 41 0
0 61 0 480
0 67 0 0
0 58 0 0
0 53 61 0
0 53 0 480
0 65 49 0
0 70 60 240
0 75 60 0
0 75 0 240
0 70 0 0
0 65 0 0
0 67 51 0
0 72 51 0
0 72 0 240
0 67 0 0
0 70 57 0
0 75 57 0
0 75 0 240
0 70 0 0
0 77 78 0
0 77 0 480
0 65 68 0
0 65 0 480
0 53 65 480
0 53 0 480
0 44 67 4320
0 56 73 240
0 56 0 240
0 44 0 0
0 66 55 0
0 77 75 0
0 69 55 0
0 72 55 0
0 72 0 480
0 66 0 0
0 77 0 0
0 69 0 0
0 72 57 0
0 64 57 0
0 61 57 0
0 64 0 480
0 65 55 0
0 65 0 480
0 61 0 0
0 72 0 0
0 73 50 480
0 73 0 80
0 66 41 0
0 66 0 80
0 63 41 0
0 63 0 80
0 70 50 0
0 70 0 80
0 63 39 0
0 63 0 80
0 61 38 0
0 61 0 80
0 68 49 0
0 68 0 80
0 61 37 0
0 61 0 80
0 58 37 0
0 58 0 80
0 70 48 0
0 70 0 80
0 63 35 0
0 63 0 80
0 61 35 0
0 61 0 80
0 68 47 0
0 68 0 80
0 63 35 0
0 63 0 80
0 58 35 0
0 58 0 80
0 66 46 0
0 66 0 80
0 61 35 0
0 61 0 80
0 56 35 0
0 56 0 80
0 54 46 0
0 54 0 96
0 57 40 0
0 57 0 96
0 58 40 0
0 58 0 96
0 60 41 0
0 60 0 96
0 61 41 0
0 61 0 96
0 61 48 480
0 61 0 480
0 52 37 0
0 52 0 160
0 56 28 0
0 56 0 160
0 62 28 0
0 62 0 160
0 66 37 0
0 66 0 160
0 62 28 0
0 62 0 160
0 56 28 0
0 56 0 160
0 60 39 0
0 60 0 160
0 54 37 0
0 54 0 160
0 50 44 0
0 50 0 160
0 43 51 0
0 49 51 0
0 49 0 120
0 43 0 0
0 50 50 0
0 50 0 120
0 54 47 0
0 54 0 120
0 55 45 0
0 55 0 120
0 58 39 0
0 58 0 120
0 59 38 0
0 59 0 120
0 61 37 0
0 61 0 120
0 62 36 0
0 62 0 120
0 70 34 0
0 70 0 120
0 71 33 0
0 71 0 120
0 61 32 0
0 61 0 120
0 62 31 0
0 62 0 120
0 39 39 0
0 39 0 120
0 46 43 0
0 46 0 120
0 54 45 0
0 54 0 120
0 55 47 0
0 55 0 120
0 58 50 240
0 58 0 60
0 63 49 0
0 63 0 60
0 66 48 0
0 66 0 60
0 67 48 0
0 67 0 60
0 70 39 240
0 70 0 60
0 75 38 0
0 75 0 60
0 78 37 0
0 78 0 60
0 79 36 0
0 79 0 60
0 73 33 1680
0 75 33 0
0 75 0 120
0 73 0 0
0 79 33 120
0 77 33 0
0 77 0 120
0 79 0 0
0 75 30 600
0 73 30 0
0 73 0 120
0 75 0 0
0 78 42 1800
0 78 0 160
0 72 31 0
0 72 0 160
0 68 32 0
0 68 0 160
0 76 50 0
0 76 0 160
0 70 43 0
0 70 0 160
0 66 36 0
0 66 0 160
0 80 60 0
0 80 0 160
0 74 46 0
0 74 0 160
0 70 49 0
0 70 0 160
0 78 42 0
0 78 0 160
0 72 31 0
0 72 0 160
0 68 32 0
0 68 0 160
0 76 50 0
0 76 0 160
0 70 41 0
0 70 0 160
0 66 39 0
0 66 0 160
0 80 60 0
0 80 0 160
0 74 46 0
0 74 0 160
0 70 49 0
0 70 0 160
0 61 47 0
0 61 0 160
0 68 39 0
0 68 0 160
0 76 44 0
0 76 0 160
0 58 52 240
0 58 0 160
0 65 39 0
0 65 0 160
0 73 39 0
0 73 0 160
0 53 52 240
0 53 0 160
0 61 34 0
0 61 0 160
0 46 34 0
0 46 0 160
0 46 40 240
0 46 0 80
0 51 33 0
0 51 0 80
0 54 33 0
0 54 0 80
0 61 40 0
0 61 0 80
0 55 34 0
0 55 0 80
0 57 36 0
0 57 0 80
0 58 34 80
0 58 0 80
0 55 34 0
0 55 0 80
0 51 41 0
0 51 0 48
0 53 44 0
0 53 0 48
0 56 47 0
0 56 0 48
0 57 50 0
0 57 0 48
0 60 53 0
0 60 0 48
0 63 53 40
0 63 0 40
0 68 51 0
0 68 0 40
0 60 49 0
0 60 0 40
0 65 47 0
0 65 0 40
0 69 45 0
0 69 0 40
0 46 40 240
0 46 0 80
0 51 33 0
0 51 0 80
0 54 33 0
0 54 0 80
0 61 40 0
0 61 0 80
0 55 34 0
0 55 0 80
0 57 36 0
0 57 0 80
0 58 34 80
0 58 0 80
0 55 34 0
0 55 0 80
0 51 41 0
0 51 0 48
0 53 44 0
0 53 0 48
0 56 47 0
0 56 0 48
0 57 50 0
0 57 0 48
0 60 53 0
0 60 0 48
0 63 53 40
0 63 0 40
0 68 51 0
0 68 0 40
0 60 49 0
0 60 0 40
0 65 47 0
0 65 0 40
0 69 45 0
0 69 0 40
0 51 40 240
0 51 0 80
0 53 33 0
0 53 0 80
0 54 33 0
0 54 0 80
0 61 40 0
0 61 0 80
0 57 34 0
0 57 0 80
0 58 36 0
0 58 0 80
0 58 34 80
0 58 0 80
0 55 34 0
0 55 0 80
0 49 40 0
0 49 0 80
0 51 33 0
0 54 33 70
0 51 0 10
0 54 0 70
0 61 46 0
0 61 0 80
0 52 34 10
0 52 0 80
0 55 36 0
0 55 0 80
0 55 40 80
0 55 0 80
0 52 41 0
0 52 0 80
0 46 40 0
0 46 0 80
0 49 37 0
0 49 0 80
0 50 37 0
0 50 0 80
0 56 36 80
0 56 0 80
0 50 36 0
0 50 0 80
0 44 40 0
0 44 0 80
0 46 36 0
0 46 0 80
0 49 36 0
0 49 0 80
0 50 36 80
0 50 0 80
0 47 36 0
0 47 0 80
0 41 40 0
0 41 0 80
0 44 34 0
0 44 0 80
0 47 34 0
0 47 0 80
0 51 36 80
0 51 0 80
0 45 36 0
0 45 0 80
0 39 40 0
0 39 0 80
0 41 36 0
0 41 0 80
0 44 36 0
0 44 0 80
0 45 32 80
0 45 0 80
0 42 32 0
0 42 0 80
0 36 36 0
0 36 0 80
0 42 28 0
0 42 0 80
0 51 28 0
0 51 0 80
0 40 38 0
0 40 0 80
0 43 26 0
0 43 0 80
0 51 38 80
0 51 0 48
0 54 35 12
0 54 0 48
0 52 35 12
0 52 0 60
0 55 47 0
0 55 0 240
0 78 32 1680
0 78 0 60
0 72 37 0
0 72 0 240
0 64 45 960
0 67 45 0
0 73 45 0
0 73 0 480
0 67 0 0
0 64 0 0
0 68 51 0
0 74 51 0
0 64 51 0
0 74 0 480
0 68 0 0
0 68 45 0
0 68 0 480
0 64 0 0
0 74 38 0
0 65 38 0
0 68 38 0
0 68 0 480
0 65 0 0
0 74 0 0
0 56 44 0
0 66 44 0
0 58 44 0
0 58 0 240
0 59 55 0
0 59 0 240
0 60 66 0
0 60 0 240
0 66 0 0
0 56 0 0
0 73 45 0
0 67 45 0
0 64 45 0
0 64 0 480
0 67 0 0
0 73 0 0
0 68 51 0
0 64 51 0
0 74 51 0
0 74 0 480
0 68 0 0
0 68 45 0
0 68 0 480
0 64 0 0
0 68 38 0
0 65 38 0
0 74 38 0
0 74 0 480
0 65 0 0
0 68 0 0
0 66 44 0
0 58 44 0
0 56 44 0
0 58 0 240
0 59 55 0
0 59 0 240
0 60 66 0
0 60 0 240
0 56 0 0
0 66 0 0
0 68 36 0
0 61 36 0
0 61 0 240
0 68 0 0
0 56 36 0
0 68 36 0
0 68 0 480
0 56 0 0
0 60 42 0
0 66 42 0
0 66 0 240
0 60 0 0
0 66 35 0
0 56 35 0
0 56 0 240
0 66 0 0
0 61 36 0
0 68 36 0
0 68 0 240
0 61 0 0
0 68 36 0
0 56 36 0
0 56 0 480
0 68 0 0
0 66 42 0
0 60 42 0
0 60 0 240
0 66 0 0
0 56 35 0
0 66 35 0
0 66 0 240
0 56 0 0
0 68 36 0
0 61 36 0
0 61 0 240
0 68 0 0
0 68 36 0
0 56 36 0
0 56 0 480
0 68 0 0
0 66 42 0
0 59 42 0
0 59 0 240
0 66 0 0
0 54 35 0
0 54 0 240
0 66 37 0
0 59 37 0
0 59 0 240
0 66 0 0
0 54 30 0
0 54 0 240
0 66 38 0
0 59 38 0
0 59 0 240
0 66 0 0
0 54 31 0
0 54 0 240
0 35 27 0
0 35 0 120
0 42 29 0
0 42 0 120
0 50 31 0
0 50 0 120
0 54 33 0
0 54 0 120
0 60 36 0
0 51 36 0
0 51 0 240
0 60 0 0
0 47 36 0
0 47 0 480
0 52 42 0
0 59 42 0
0 59 0 240
0 52 0 0
0 47 35 0
0 47 0 240
0 60 36 0
0 51 36 0
0 51 0 240
0 60 0 0
0 47 36 0
0 47 0 480
0 59 42 0
0 52 42 0
0 52 0 240
0 59 0 0
0 47 35 0
0 47 0 240
0 53 44 0
0 56 39 120
0 56 0 120
0 61 39 0
0 61 0 120
0 59 39 0
0 59 0 120
0 53 0 0
0 56 50 0
0 59 40 120
0 59 0 120
0 67 40 0
0 67 0 120
0 66 44 0
0 66 0 120
0 56 0 0
0 59 54 0
0 63 41 120
0 63 0 120
0 66 42 0
0 66 0 120
0 65 42 0
0 65 0 120
0 59 0 0
0 63 59 0
0 66 44 120
0 66 0 120
0 68 44 0
0 68 0 120
0 66 44 0
0 66 0 120
0 63 0 0
0 68 61 0
0 68 0 120
0 74 49 0
0 74 0 120
0 65 49 0
0 68 49 120
0 68 0 120
0 73 65 0
0 73 0 120
0 71 52 0
0 71 0 120
0 65 0 0
0 68 53 0
0 71 53 120
0 71 0 120
0 79 72 0
0 79 0 120
0 78 51 0
0 78 0 120
0 68 0 0
0 71 51 0
0 75 51 120
0 75 0 120
0 78 72 0
0 78 0 120
0 77 52 0
0 77 0 120
0 71 0 0
0 75 52 0
0 78 52 120
0 78 0 120
0 80 72 0
0 80 0 120
0 78 57 0
0 78 0 120
0 75 0 0
0 80 57 0
0 80 0 120
0 86 64 0
0 86 0 120
0 86 35 2880
0 86 0 60
0 78 28 0
0 78 0 60
0 81 35 0
0 81 0 60
0 75 26 0
0 75 0 60
0 79 36 0
0 79 0 60
0 73 29 0
0 73 0 60
0 81 35 0
0 81 0 60
0 75 28 0
0 75 0 60
0 79 36 0
0 79 0 60
0 73 29 0
0 73 0 60
0 77 36 0
0 77 0 60
0 70 29 0
0 70 0 60
0 79 36 480
0 79 0 60
0 73 29 0
0 73 0 60
0 72 36 0
0 72 0 60
0 70 29 0
0 70 0 60
0 74 35 0
0 74 0 60
0 66 28 0
0 66 0 60
0 69 35 0
0 69 0 60
0 63 26 0
0 63 0 60
0 67 36 0
0 67 0 60
0 61 29 0
0 61 0 60
0 69 35 0
0 69 0 60
0 63 28 0
0 63 0 60
0 67 36 0
0 67 0 60
0 61 29 0
0 61 0 60
0 65 36 0
0 65 0 60
0 58 29 0
0 58 0 60
0 67 36 480
0 67 0 60
0 61 29 0
0 61 0 60
0 60 36 0
0 60 0 60
0 58 29 0
0 58 0 60
0 62 35 0
0 62 0 60
0 54 28 0
0 54 0 60
0 57 35 0
0 57 0 60
0 51 26 0
0 51 0 60
0 55 36 0
0 55 0 60
0 49 29 0
0 49 0 60
0 57 35 0
0 57 0 60
0 51 28 0
0 51 0 60
0 55 36 0
0 55 0 60
0 49 29 0
0 49 0 60
0 53 36 0
0 53 0 60
0 46 29 0
0 46 0 60
0 53 38 120
0 53 0 120
0 51 31 0
0 51 0 120
0 46 37 0
0 46 0 120
0 41 31 0
0 41 0 120
0 31 26 0
0 38 31 0
0 43 26 120
0 50 31 0
0 50 0 1440
0 31 0 0
0 38 0 0
0 43 0 0
0 53 37 0
0 53 0 480
0 50 32 0
0 50 0 960
0 53 40 480
0 43 41 420
0 31 34 0
0 53 0 60
0 60 45 0
0 60 0 480
0 31 0 0
0 43 0 0
0 58 43 0
0 58 0 480
0 53 39 0
0 53 0 480
0 43 26 0
0 37 22 0
0 49 31 0
0 31 22 0
0 31 0 1440
0 43 0 0
0 37 0 0
0 49 0 0
0 25 39 480
0 37 39 0
0 37 0 480
0 25 0 0
0 61 39 7200
0 61 0 160
0 68 36 0
0 68 0 160
0 76 36 0
0 76 0 160
0 92 49 0
0 89 41 0
0 89 0 120
0 92 0 0
