0 65 70 0
0 65 0 240
0 65 66 120
0 65 0 120
0 67 70 0
0 67 0 480
0 69 70 0
0 69 0 480
0 70 71 0
0 70 0 240
0 72 66 120
0 72 0 120
0 74 70 0
0 74 0 480
0 75 75 0
0 75 0 240
0 77 79 0
0 77 0 240
0 79 83 0
0 79 0 120
0 81 75 240
0 81 0 120
0 82 76 0
0 82 0 60
0 84 67 0
0 84 0 60
0 82 73 0
0 82 0 60
0 84 66 0
0 84 0 60
0 82 70 0
0 82 0 60
0 84 64 0
0 84 0 60
0 82 70 0
0 82 0 60
0 84 64 0
0 84 0 60
0 81 70 0
0 81 0 240
0 79 56 0
0 79 0 180
0 77 46 0
0 77 0 60
0 82 53 0
0 82 0 120
0 82 49 240
0 82 0 120
0 74 44 0
0 74 0 900
0 75 45 0
0 75 0 60
0 79 51 0
0 79 0 120
0 79 46 240
0 79 0 120
0 69 44 0
0 69 0 900
0 70 45 0
0 70 0 60
0 74 49 0
0 74 0 120
0 74 47 240
0 74 0 120
0 64 44 0
0 64 0 960
0 65 55 0
0 65 0 120
0 69 58 240
0 69 0 120
0 72 59 0
0 72 0 240
0 75 60 0
0 75 0 240
0 79 67 0
0 79 0 360
0 77 63 0
0 77 0 58
0 77 55 2
0 77 0 60
0 86 75 0
0 86 0 120
0 84 64 240
0 84 0 120
0 82 55 0
0 82 0 60
0 84 54 0
0 84 0 60
0 82 60 0
0 82 0 120
0 79 58 0
0 79 0 240
0 77 55 0
0 79 45 420
0 79 0 60
0 77 0 0
0 82 51 0
0 82 0 120
0 82 46 240
0 82 0 120
0 69 44 0
0 69 0 840
0 70 42 0
0 70 0 60
0 74 41 0
0 74 0 60
0 77 49 0
0 77 0 120
0 77 47 240
0 77 0 120
0 64 44 0
0 64 0 960
0 65 55 0
0 65 0 120
0 69 58 240
0 69 0 120
0 72 59 0
0 72 0 240
0 75 60 0
0 75 0 240
0 74 56 0
0 74 0 60
0 75 56 0
0 75 0 60
0 74 61 0
0 74 0 120
0 72 56 0
0 72 0 240
0 74 64 0
0 74 0 120
0 65 57 240
0 65 0 120
0 70 59 0
0 70 0 480
0 69 64 0
0 69 0 240
0 67 61 0
0 67 0 240
0 65 70 0
0 65 0 240
0 65 66 120
0 65 0 120
0 67 70 0
0 67 0 480
0 69 70 0
0 69 0 480
0 70 71 0
0 70 0 240
0 72 66 120
0 72 0 120
0 74 70 0
0 74 0 480
0 75 75 0
0 75 0 240
0 77 79 0
0 77 0 240
0 79 83 0
0 79 0 120
0 81 75 240
0 81 0 120
0 82 76 0
0 82 0 60
0 84 67 0
0 84 0 60
0 82 73 0
0 82 0 60
0 84 66 0
0 84 0 60
0 82 70 0
0 82 0 60
0 84 64 0
0 84 0 60
0 82 70 0
0 82 0 60
0 84 64 0
0 84 0 60
0 81 70 0
0 81 0 240
0 79 56 0
0 79 0 180
0 77 46 0
0 77 0 60
0 82 53 0
0 82 0 120
0 82 49 240
0 82 0 120
0 74 44 0
0 74 0 900
0 75 45 0
0 75 0 60
0 79 51 0
0 79 0 120
0 79 46 240
0 79 0 120
0 69 44 0
0 69 0 900
0 70 45 0
0 70 0 60
0 74 49 0
0 74 0 120
0 74 47 240
0 74 0 120
0 64 44 0
0 64 0 960
0 65 55 0
0 65 0 120
0 69 58 240
0 69 0 120
0 72 59 0
0 72 0 240
0 75 60 0
0 75 0 240
0 79 67 0
0 79 0 360
0 77 63 0
0 77 0 57
0 77 49 3
0 77 0 60
0 86 67 0
0 86 0 120
0 84 61 240
0 84 0 120
0 82 50 0
0 82 0 60
0 84 49 0
0 84 0 60
0 82 57 0
0 82 0 120
0 79 52 0
0 79 0 240
0 77 49 0
0 79 45 420
0 79 0 60
0 77 0 0
0 82 51 0
0 82 0 120
0 82 46 240
0 82 0 120
0 69 44 0
0 69 0 840
0 70 42 0
0 70 0 60
0 74 41 0
0 74 0 60
0 77 49 0
0 77 0 120
0 77 47 240
0 77 0 120
0 64 44 0
0 64 0 960
0 65 55 0
0 65 0 120
0 69 58 240
0 69 0 120
0 72 59 0
0 72 0 240
0 75 60 0
0 75 0 240
0 74 56 0
0 74 0 60
0 75 56 0
0 75 0 60
0 74 61 0
0 74 0 120
0 72 56 0
0 72 0 240
0 74 64 0
0 74 0 120
0 65 57 240
0 65 0 120
0 70 59 0
0 70 0 480
0 69 44 0
0 69 0 240
0 70 44 0
0 70 0 240
0 72 46 0
0 72 0 360
0 74 42 0
0 74 0 120
0 72 46 0
0 72 0 480
0 76 49 0
0 76 0 240
0 77 51 0
0 77 0 240
0 79 55 0
0 79 0 360
0 81 52 0
0 81 0 120
0 79 56 0
0 79 0 480
0 77 52 0
0 77 0 240
0 74 49 0
0 74 0 240
0 72 56 0
0 72 0 240
0 74 51 0
0 74 0 240
0 72 56 0
0 72 0 480
0 76 50 0
0 76 0 240
0 77 55 120
0 77 0 120
0 79 59 0
0 79 0 160
0 81 56 0
0 81 0 160
0 79 56 0
0 79 0 160
0 77 53 0
0 77 0 720
0 74 50 0
0 74 0 240
0 72 51 0
0 72 0 240
0 74 49 0
0 74 0 240
0 72 51 0
0 72 0 480
0 76 49 0
0 76 0 240
0 77 51 0
0 77 0 240
0 79 55 0
0 79 0 240
0 81 52 0
0 81 0 240
0 79 50 0
0 79 0 60
0 81 47 0
0 81 0 60
0 79 52 0
0 79 0 60
0 81 49 0
0 81 0 60
0 79 56 0
0 79 0 60
0 81 49 0
0 81 0 60
0 79 51 0
0 79 0 60
0 81 49 0
0 81 0 60
0 77 52 0
0 77 0 240
0 74 49 0
0 74 0 240
0 72 56 0
0 72 0 240
0 74 51 0
0 74 0 240
0 72 56 0
0 72 0 480
0 76 55 0
0 76 0 240
0 77 59 0
0 77 0 240
0 79 64 0
0 79 0 160
0 81 61 0
0 81 0 160
0 79 61 0
0 79 0 160
0 77 66 0
0 77 0 360
0 67 62 0
0 67 0 120
0 77 68 0
0 77 0 160
0 66 62 0
0 66 0 160
0 77 69 0
0 77 0 97
0 77 66 3
0 77 0 60
0 65 70 0
0 65 0 240
0 65 66 120
0 65 0 120
0 67 70 0
0 67 0 480
0 69 70 0
0 69 0 480
0 70 71 0
0 70 0 240
0 72 66 120
0 72 0 120
0 74 70 0
0 74 0 480
0 75 75 0
0 75 0 240
0 77 79 0
0 77 0 240
0 79 83 0
0 79 0 120
0 81 75 240
0 81 0 120
0 82 76 0
0 82 0 60
0 84 67 0
0 84 0 60
0 82 73 0
0 82 0 60
0 84 66 0
0 84 0 60
0 82 70 0
0 82 0 60
0 84 64 0
0 84 0 60
0 82 70 0
0 82 0 60
0 84 64 0
0 84 0 60
0 81 70 0
0 81 0 240
0 79 56 0
0 79 0 180
0 77 51 0
0 77 0 60
0 82 60 0
0 82 0 120
0 82 55 240
0 82 0 120
0 74 49 0
0 74 0 900
0 75 50 0
0 75 0 60
0 79 58 0
0 79 0 120
0 79 51 240
0 79 0 120
0 69 49 0
0 69 0 900
0 70 50 0
0 70 0 60
0 74 56 0
0 74 0 120
0 74 52 240
0 74 0 120
0 64 49 0
0 64 0 960
0 65 55 0
0 65 0 120
0 69 58 240
0 69 0 120
0 72 59 0
0 72 0 240
0 75 60 0
0 75 0 240
0 79 67 0
0 79 0 360
0 77 63 0
0 77 0 57
0 77 55 3
0 77 0 60
0 86 75 0
0 86 0 120
0 84 68 240
0 84 0 120
0 82 56 0
0 82 0 60
0 84 55 0
0 84 0 60
0 82 64 0
0 82 0 120
0 79 58 0
0 79 0 240
0 77 55 0
0 79 45 420
0 79 0 60
0 77 0 0
0 82 51 0
0 82 0 120
0 82 46 240
0 82 0 120
0 69 44 0
0 69 0 840
0 70 42 0
0 70 0 60
0 74 41 0
0 74 0 60
0 77 49 0
0 77 0 120
0 77 47 240
0 77 0 120
0 64 44 0
0 64 0 960
0 65 55 0
0 65 0 120
0 69 58 240
0 69 0 120
0 72 59 0
0 72 0 240
0 75 60 0
0 75 0 240
0 74 56 0
0 74 0 60
0 75 56 0
0 75 0 60
0 74 61 0
0 74 0 120
0 72 56 0
0 72 0 240
0 74 64 0
0 74 0 120
0 65 57 240
0 65 0 120
0 70 59 0
0 70 0 480
0 69 44 0
0 69 0 240
0 70 44 0
0 70 0 240
0 72 46 0
0 72 0 360
0 74 42 0
0 74 0 120
0 72 46 0
0 72 0 480
0 76 49 0
0 76 0 240
0 77 51 0
0 77 0 240
0 79 55 0
0 79 0 360
0 81 52 0
0 81 0 120
0 79 56 0
0 79 0 480
0 77 52 0
0 77 0 240
0 74 49 0
0 74 0 240
0 72 56 0
0 72 0 240
0 74 51 0
0 74 0 240
0 72 56 0
0 72 0 480
0 76 50 0
0 76 0 240
0 77 55 120
0 77 0 120
0 79 59 0
0 79 0 160
0 81 56 0
0 81 0 160
0 79 56 0
0 79 0 160
0 77 53 0
0 77 0 720
0 74 50 0
0 74 0 240
0 72 51 0
0 72 0 240
0 74 49 0
0 74 0 240
0 72 51 0
0 72 0 480
0 76 49 0
0 76 0 240
0 77 51 0
0 77 0 240
0 79 55 0
0 79 0 240
0 81 52 0
0 81 0 240
0 79 50 0
0 79 0 60
0 81 47 0
0 81 0 60
0 79 52 0
0 79 0 60
0 81 49 0
0 81 0 60
0 79 56 0
0 79 0 60
0 81 49 0
0 81 0 60
0 79 51 0
0 79 0 60
0 81 49 0
0 81 0 60
0 77 52 0
0 77 0 240
0 74 49 0
0 74 0 240
0 72 56 0
0 72 0 240
0 74 51 0
0 74 0 240
0 72 56 0
0 72 0 480
0 76 55 0
0 76 0 240
0 77 59 0
0 77 0 240
0 79 64 0
0 79 0 160
0 81 61 0
0 81 0 160
0 79 61 0
0 79 0 160
0 77 66 0
0 77 0 360
0 67 62 0
0 67 0 120
0 77 68 0
0 77 0 160
0 66 62 0
0 66 0 160
0 77 69 0
0 77 0 96
0 77 66 4
0 77 0 60
0 65 70 0
0 65 0 240
0 65 66 120
0 65 0 120
0 67 70 0
0 67 0 480
0 69 70 0
0 69 0 480
0 70 71 0
0 70 0 240
0 72 66 120
0 72 0 120
0 74 70 0
0 74 0 480
0 75 75 0
0 75 0 240
0 77 79 0
0 77 0 240
0 79 83 0
0 79 0 120
0 81 75 240
0 81 0 120
0 82 76 0
0 82 0 60
0 84 67 0
0 84 0 60
0 82 73 0
0 82 0 60
0 84 66 0
0 84 0 60
0 82 70 0
0 82 0 60
0 84 64 0
0 84 0 60
0 82 70 0
0 82 0 60
0 84 64 0
0 84 0 60
0 81 70 0
0 81 0 240
0 79 56 0
0 79 0 180
0 77 51 0
0 77 0 60
0 82 60 0
0 82 0 120
0 82 55 240
0 82 0 120
0 74 49 0
0 74 0 900
0 75 50 0
0 75 0 60
0 79 58 0
0 79 0 120
0 79 51 240
0 79 0 120
0 69 49 0
0 69 0 900
0 70 50 0
0 70 0 60
0 74 56 0
0 74 0 120
0 74 52 240
0 74 0 120
0 64 49 0
0 64 0 960
0 65 55 0
0 65 0 120
0 69 58 240
0 69 0 120
0 72 59 0
0 72 0 240
0 75 60 0
0 75 0 240
0 79 67 0
0 79 0 360
0 77 63 0
0 77 0 57
0 77 49 3
0 77 0 60
0 86 67 0
0 86 0 120
0 84 61 240
0 84 0 120
0 82 50 0
0 82 0 60
0 84 49 0
0 84 0 60
0 82 57 0
0 82 0 120
0 79 52 0
0 79 0 240
0 77 49 0
0 79 45 420
0 79 0 60
0 77 0 0
0 82 51 0
0 82 0 120
0 82 46 240
0 82 0 120
0 69 44 0
0 69 0 840
0 70 42 0
0 70 0 60
0 74 41 0
0 74 0 60
0 77 49 0
0 77 0 120
0 77 47 240
0 77 0 120
0 64 44 0
0 64 0 960
0 65 55 0
0 65 0 120
0 69 58 240
0 69 0 120
0 72 59 0
0 72 0 240
0 75 60 0
0 75 0 240
0 74 56 0
0 74 0 60
0 75 56 0
0 75 0 60
0 74 61 0
0 74 0 120
0 72 56 0
0 72 0 240
0 74 64 0
0 74 0 120
0 65 57 240
0 65 0 120
0 70 59 0
0 70 0 480
0 77 46 480
0 77 0 120
0 77 37 240
0 77 0 120
0 76 41 0
0 76 0 480
0 73 37 0
0 73 0 240
0 72 37 0
0 72 0 240
0 70 42 0
0 70 0 240
0 73 37 120
0 73 0 120
0 72 37 0
0 72 0 60
0 73 37 0
0 73 0 60
0 72 40 0
0 72 0 360
0 70 37 0
0 70 0 240
0 64 41 120
0 64 0 120
0 77 46 0
0 77 0 120
0 77 37 240
0 77 0 120
0 76 41 0
0 76 0 480
0 73 37 0
0 73 0 240
0 72 37 0
0 72 0 240
0 70 45 0
0 70 0 160
0 72 40 0
0 72 0 160
0 70 39 0
0 70 0 160
0 64 42 0
0 64 0 960
0 77 46 0
0 77 0 120
0 77 37 240
0 77 0 120
0 76 41 0
0 76 0 480
0 73 37 0
0 73 0 240
0 72 37 0
0 72 0 240
0 70 42 0
0 70 0 240
0 73 37 120
0 73 0 120
0 72 37 0
0 72 0 60
0 73 33 0
0 73 0 60
0 72 37 0
0 72 0 60
0 73 35 0
0 73 0 60
0 72 37 0
0 72 0 60
0 73 34 0
0 73 0 60
0 72 37 0
0 72 0 60
0 73 37 0
0 73 0 60
0 70 37 0
0 70 0 240
0 64 41 120
0 64 0 120
0 77 46 0
0 77 0 120
0 77 37 240
0 77 0 120
0 76 41 0
0 76 0 480
0 73 37 0
0 73 0 360
0 72 37 0
0 72 0 120
0 70 45 0
0 70 0 160
0 72 40 0
0 72 0 160
0 70 39 0
0 70 0 160
0 69 42 0
0 69 0 720
0 67 53 0
0 67 0 240
0 65 70 0
0 65 0 240
0 65 66 120
0 65 0 120
0 67 70 0
0 67 0 480
0 69 70 0
0 69 0 480
0 70 71 0
0 70 0 240
0 72 66 120
0 72 0 120
0 74 70 0
0 74 0 480
0 75 75 0
0 75 0 240
0 77 79 0
0 77 0 240
0 79 83 0
0 79 0 120
0 81 75 240
0 81 0 120
0 82 76 0
0 82 0 60
0 84 67 0
0 84 0 60
0 82 73 0
0 82 0 60
0 84 66 0
0 84 0 60
0 82 70 0
0 82 0 60
0 84 64 0
0 84 0 60
0 82 70 0
0 82 0 60
0 84 64 0
0 84 0 60
0 81 70 0
0 81 0 240
0 79 56 0
0 79 0 180
0 77 51 0
0 77 0 60
0 82 60 0
0 82 0 120
0 82 55 240
0 82 0 120
0 74 49 0
0 74 0 900
0 75 50 0
0 75 0 60
0 79 58 0
0 79 0 120
0 79 51 240
0 79 0 120
0 69 49 0
0 69 0 900
0 70 50 0
0 70 0 60
0 74 56 0
0 74 0 120
0 74 52 240
0 74 0 120
0 64 49 0
0 64 0 960
0 65 55 0
0 65 0 120
0 69 58 240
0 69 0 120
0 72 59 0
0 72 0 240
0 75 60 0
0 75 0 240
0 79 67 0
0 79 0 360
0 77 63 0
0 77 0 58
0 77 55 2
0 77 0 60
0 86 75 0
0 86 0 120
0 84 68 240
0 84 0 120
0 82 56 0
0 82 0 60
0 84 55 0
0 84 0 60
0 82 64 0
0 82 0 120
0 79 58 0
0 79 0 240
0 77 55 0
0 79 45 420
0 79 0 60
0 77 0 0
0 82 51 0
0 82 0 120
0 82 46 240
0 82 0 120
0 69 44 0
0 69 0 840
0 70 42 0
0 70 0 60
0 74 41 0
0 74 0 60
0 77 49 0
0 77 0 120
0 77 47 240
0 77 0 120
0 64 44 0
0 64 0 960
0 65 55 0
0 65 0 120
0 69 58 240
0 69 0 120
0 72 59 0
0 72 0 240
0 75 60 0
0 75 0 240
0 74 56 0
0 74 0 60
0 75 56 0
0 75 0 60
0 74 61 0
0 74 0 240
0 72 56 0
0 72 0 120
0 74 64 0
0 74 0 120
0 65 57 240
0 65 0 120
0 70 59 0
0 70 0 480
0 77 46 480
0 77 0 120
0 77 37 240
0 77 0 120
0 76 41 0
0 76 0 480
0 73 37 0
0 73 0 240
0 72 37 0
0 72 0 240
0 70 42 0
0 70 0 240
0 73 37 120
0 73 0 120
0 72 37 0
0 72 0 60
0 73 37 0
0 73 0 60
0 72 40 0
0 72 0 360
0 70 37 0
0 70 0 240
0 64 41 120
0 64 0 120
0 77 46 0
0 77 0 120
0 77 37 240
0 77 0 120
0 76 41 0
0 76 0 480
0 73 37 0
0 73 0 240
0 72 37 0
0 72 0 240
0 70 45 0
0 70 0 160
0 72 40 0
0 72 0 160
0 70 39 0
0 70 0 160
0 64 42 0
0 64 0 960
0 77 46 0
0 77 0 120
0 77 37 240
0 77 0 120
0 76 41 0
0 76 0 480
0 73 37 0
0 73 0 240
0 72 37 0
0 72 0 240
0 70 42 0
0 70 0 240
0 73 37 120
0 73 0 120
0 72 37 0
0 72 0 60
0 73 33 0
0 73 0 60
0 72 37 0
0 72 0 60
0 73 35 0
0 73 0 60
0 72 37 0
0 72 0 60
0 73 34 0
0 73 0 60
0 72 37 0
0 72 0 60
0 73 37 0
0 73 0 60
0 70 37 0
0 70 0 240
0 64 41 120
0 64 0 120
0 77 46 0
0 77 0 120
0 77 37 240
0 77 0 120
0 76 41 0
0 76 0 480
0 73 37 0
0 73 0 360
0 72 37 0
0 72 0 120
0 70 45 0
0 70 0 160
0 72 40 0
0 72 0 160
0 70 39 0
0 70 0 160
0 69 42 0
0 69 0 720
0 67 53 0
0 67 0 240
0 65 70 0
0 65 0 240
0 65 66 120
0 65 0 120
0 67 70 0
0 67 0 480
0 69 70 0
0 69 0 480
0 70 71 0
0 70 0 240
0 72 66 120
0 72 0 120
0 74 70 0
0 74 0 480
0 75 75 0
0 75 0 240
0 77 79 0
0 77 0 240
0 79 83 0
0 79 0 120
0 81 75 240
0 81 0 120
0 82 76 0
0 82 0 60
0 84 67 0
0 84 0 60
0 82 73 0
0 82 0 60
0 84 66 0
0 84 0 60
0 82 70 0
0 82 0 60
0 84 64 0
0 84 0 60
0 82 70 0
0 82 0 60
0 84 64 0
0 84 0 60
0 81 70 0
0 81 0 240
0 79 56 0
0 79 0 180
0 77 51 0
0 77 0 60
0 82 60 0
0 82 0 120
0 82 55 240
0 82 0 120
0 74 49 0
0 74 0 900
0 75 50 0
0 75 0 60
0 79 58 0
0 79 0 120
0 79 51 240
0 79 0 120
0 69 49 0
0 69 0 900
0 70 50 0
0 70 0 60
0 74 56 0
0 74 0 120
0 74 52 240
0 74 0 120
0 64 49 0
0 64 0 960
0 65 55 0
0 65 0 120
0 69 58 240
0 69 0 120
0 72 59 0
0 72 0 240
0 75 60 0
0 75 0 240
0 79 67 0
0 79 0 360
0 77 63 0
0 77 0 60
0 77 49 0
0 77 0 60
0 86 67 0
0 86 0 120
0 84 61 240
0 84 0 120
0 82 50 0
0 82 0 60
0 84 49 0
0 84 0 60
0 82 57 0
0 82 0 120
0 79 52 0
0 79 0 240
0 77 49 0
0 79 45 420
0 79 0 60
0 77 0 0
0 82 51 0
0 82 0 120
0 82 46 240
0 82 0 120
0 69 44 0
0 69 0 840
0 70 42 0
0 70 0 60
0 74 41 0
0 74 0 60
0 77 49 0
0 77 0 120
0 77 47 240
0 77 0 120
0 64 44 0
0 64 0 960
0 65 55 0
0 65 0 120
0 69 60 240
0 69 0 120
0 72 62 0
0 72 0 240
0 75 66 0
0 75 0 240
0 74 63 0
0 74 0 60
0 75 63 0
0 75 0 60
0 74 70 0
0 74 0 240
0 72 64 0
0 72 0 120
0 74 76 0
0 74 0 240
0 65 68 0
0 65 0 240
0 70 68 0
0 82 70 0
0 82 0 960
0 70 0 0
0 41 70 0
0 41 0 198
0 63 59 240
0 60 50 0
0 53 50 0
0 53 0 480
0 60 0 0
0 63 0 0
0 63 60 0
0 60 51 0
0 53 51 0
0 53 0 473
0 60 0 0
0 63 0 0
0 46 70 0
0 46 0 99
0 62 52 240
0 58 52 0
0 53 52 0
0 53 0 480
0 58 0 0
0 62 0 0
0 46 62 0
0 46 0 226
0 39 68 240
0 51 80 0
0 51 0 312
0 39 0 0
0 55 59 0
0 58 59 30
0 63 59 30
0 67 70 30
0 67 0 480
0 55 0 0
0 58 0 0
0 63 0 0
0 46 43 471
0 46 0 222
0 62 28 240
0 58 23 0
0 53 23 0
0 53 0 480
0 58 0 0
0 62 0 0
0 62 26 0
0 58 22 0
0 53 22 0
0 53 0 473
0 58 0 0
0 62 0 0
0 41 40 0
0 41 0 194
0 63 27 240
0 60 22 0
0 53 22 0
0 53 0 480
0 60 0 0
0 63 0 0
0 63 25 0
0 60 21 0
0 53 21 0
0 53 0 472
0 60 0 0
0 63 0 0
0 46 43 0
0 46 0 155
0 62 28 240
0 58 23 0
0 53 23 0
0 53 0 480
0 58 0 0
0 62 0 0
0 62 26 0
0 58 22 0
0 53 22 0
0 53 0 470
0 58 0 0
0 62 0 0
0 41 57 0
0 41 0 166
0 53 39 240
0 63 47 0
0 63 0 480
0 53 0 0
0 53 39 0
0 57 39 0
0 63 46 0
0 63 0 468
0 57 0 0
0 53 0 0
0 46 57 0
0 46 0 176
0 53 39 240
0 58 39 0
0 62 47 0
0 62 0 480
0 58 0 0
0 53 0 0
0 53 39 0
0 58 39 0
0 62 46 0
0 62 0 468
0 58 0 0
0 53 0 0
0 46 36 0
0 46 0 194
0 63 27 240
0 60 22 0
0 53 22 0
0 53 0 480
0 60 0 0
0 63 0 0
0 63 25 0
0 60 21 0
0 53 21 0
0 53 0 476
0 60 0 0
0 63 0 0
0 46 38 0
0 46 0 155
0 62 28 240
0 58 23 0
0 53 23 0
0 53 0 480
0 58 0 0
0 62 0 0
0 62 26 0
0 58 22 0
0 53 22 0
0 53 0 480
0 58 0 0
0 62 0 0
0 41 57 0
0 41 0 166
0 53 39 240
0 63 47 0
0 63 0 480
0 53 0 0
0 53 39 0
0 57 39 0
0 63 46 0
0 63 0 427
0 57 0 0
0 53 0 0
0 46 57 0
0 46 0 99
0 53 39 240
0 58 39 0
0 62 47 0
0 62 0 480
0 58 0 0
0 53 0 0
0 41 70 472
0 41 0 120
0 63 59 240
0 60 50 0
0 53 50 0
0 53 0 480
0 60 0 0
0 63 0 0
0 63 60 0
0 60 51 0
0 53 51 0
0 53 0 473
0 60 0 0
0 63 0 0
0 46 70 0
0 46 0 99
0 62 52 240
0 58 52 0
0 53 52 0
0 53 0 480
0 58 0 0
0 62 0 0
0 46 62 0
0 46 0 222
0 39 68 240
0 51 80 0
0 51 0 312
0 39 0 0
0 55 59 0
0 58 59 30
0 63 59 30
0 67 70 30
0 67 0 480
0 55 0 0
0 58 0 0
0 63 0 0
0 46 43 468
0 46 0 173
0 62 28 240
0 58 23 0
0 53 23 0
0 53 0 480
0 58 0 0
0 62 0 0
0 62 26 0
0 58 22 0
0 53 22 0
0 53 0 470
0 58 0 0
0 62 0 0
0 41 40 0
0 41 0 194
0 63 27 240
0 60 22 0
0 53 22 0
0 53 0 480
0 60 0 0
0 63 0 0
0 63 25 0
0 60 21 0
0 53 21 0
0 53 0 469
0 60 0 0
0 63 0 0
0 46 43 0
0 46 0 155
0 62 28 240
0 58 23 0
0 53 23 0
0 53 0 480
0 58 0 0
0 62 0 0
0 62 26 0
0 58 22 0
0 53 22 0
0 53 0 480
0 58 0 0
0 62 0 0
0 41 57 0
0 41 0 166
0 53 39 240
0 63 47 0
0 63 0 480
0 53 0 0
0 53 39 0
0 57 39 0
0 63 46 0
0 63 0 468
0 57 0 0
0 53 0 0
0 46 51 0
0 46 0 176
0 53 31 240
0 58 31 0
0 62 37 0
0 62 0 480
0 58 0 0
0 53 0 0
0 53 31 0
0 58 31 0
0 62 36 0
0 62 0 470
0 58 0 0
0 53 0 0
0 46 40 0
0 46 0 194
0 63 27 240
0 60 22 0
0 53 22 0
0 53 0 480
0 60 0 0
0 63 0 0
0 63 25 0
0 60 21 0
0 53 21 0
0 53 0 468
0 60 0 0
0 63 0 0
0 46 43 0
0 46 0 155
0 62 28 240
0 58 23 0
0 53 23 0
0 53 0 480
0 58 0 0
0 62 0 0
0 62 26 0
0 58 22 0
0 53 22 0
0 53 0 480
0 58 0 0
0 62 0 0
0 41 57 0
0 41 0 166
0 53 39 240
0 63 47 0
0 63 0 480
0 53 0 0
0 53 39 0
0 57 39 0
0 63 46 0
0 63 0 416
0 57 0 0
0 53 0 0
0 46 57 0
0 46 0 127
0 53 39 240
0 58 39 0
0 62 47 0
0 62 0 480
0 58 0 0
0 53 0 0
0 41 37 469
0 41 0 480
0 48 25 0
0 57 30 0
0 57 0 480
0 48 0 0
0 48 28 0
0 57 34 0
0 57 0 480
0 48 0 0
0 41 42 0
0 41 0 480
0 50 32 0
0 58 38 0
0 58 0 480
0 50 0 0
0 50 33 0
0 58 39 0
0 58 0 480
0 50 0 0
0 41 42 0
0 41 0 480
0 48 32 0
0 57 38 0
0 57 0 480
0 48 0 0
0 48 32 0
0 57 38 0
0 57 0 480
0 48 0 0
0 41 39 0
0 41 0 240
0 50 28 240
0 58 34 0
0 58 0 240
0 50 0 0
0 41 34 240
0 41 0 240
0 48 31 240
0 57 37 0
0 57 0 240
0 48 0 0
0 41 34 240
0 41 0 240
0 48 28 240
0 57 34 0
0 57 0 240
0 48 0 0
0 41 42 240
0 41 0 240
0 50 32 240
0 58 38 0
0 58 0 212
0 50 0 0
0 41 34 240
0 41 0 236
0 48 32 240
0 57 38 0
0 57 0 240
0 48 0 0
0 41 34 240
0 41 0 240
0 48 38 240
0 57 45 0
0 57 0 480
0 52 38 0
0 58 45 0
0 58 0 480
0 52 0 0
0 48 0 0
0 53 38 0
0 57 45 0
0 57 0 321
0 53 0 0
0 41 70 0
0 41 0 120
0 63 59 240
0 60 50 0
0 53 50 0
0 53 0 480
0 60 0 0
0 63 0 0
0 63 60 0
0 60 51 0
0 53 51 0
0 53 0 473
0 60 0 0
0 63 0 0
0 46 70 0
0 46 0 99
0 62 52 240
0 58 52 0
0 53 52 0
0 53 0 480
0 58 0 0
0 62 0 0
0 46 62 0
0 46 0 221
0 39 68 240
0 51 80 0
0 51 0 312
0 39 0 0
0 55 59 0
0 58 59 30
0 63 59 30
0 67 70 30
0 67 0 480
0 55 0 0
0 58 0 0
0 63 0 0
0 46 48 468
0 46 0 166
0 62 31 240
0 58 27 0
0 53 27 0
0 53 0 480
0 58 0 0
0 62 0 0
0 62 29 0
0 58 24 0
0 53 24 0
0 53 0 471
0 58 0 0
0 62 0 0
0 41 45 0
0 41 0 194
0 63 30 240
0 60 26 0
0 53 26 0
0 53 0 480
0 60 0 0
0 63 0 0
0 63 28 0
0 60 23 0
0 53 23 0
0 53 0 470
0 60 0 0
0 63 0 0
0 46 48 0
0 46 0 155
0 62 31 240
0 58 27 0
0 53 27 0
0 53 0 480
0 58 0 0
0 62 0 0
0 62 29 0
0 58 24 0
0 53 24 0
0 53 0 480
0 58 0 0
0 62 0 0
0 41 57 0
0 41 0 166
0 53 39 240
0 63 47 0
0 63 0 480
0 53 0 0
0 53 39 0
0 57 39 0
0 63 46 0
0 63 0 467
0 57 0 0
0 53 0 0
0 46 57 0
0 46 0 176
0 53 39 240
0 58 39 0
0 62 47 0
0 62 0 480
0 58 0 0
0 53 0 0
0 53 39 0
0 58 39 0
0 62 46 0
0 62 0 467
0 58 0 0
0 53 0 0
0 46 40 0
0 46 0 194
0 63 27 240
0 60 22 0
0 53 22 0
0 53 0 480
0 60 0 0
0 63 0 0
0 63 25 0
0 60 21 0
0 53 21 0
0 53 0 474
0 60 0 0
0 63 0 0
0 46 43 0
0 46 0 155
0 62 28 240
0 58 23 0
0 53 23 0
0 53 0 480
0 58 0 0
0 62 0 0
0 62 26 0
0 58 22 0
0 53 22 0
0 53 0 480
0 58 0 0
0 62 0 0
0 41 57 0
0 41 0 166
0 53 39 240
0 63 47 0
0 63 0 480
0 53 0 0
0 53 39 0
0 57 39 0
0 63 46 0
0 63 0 423
0 57 0 0
0 53 0 0
0 46 57 0
0 46 0 169
0 53 39 240
0 58 39 0
0 62 47 0
0 62 0 480
0 58 0 0
0 53 0 0
0 41 37 473
0 41 0 480
0 48 25 0
0 57 30 0
0 57 0 480
0 48 0 0
0 48 28 0
0 57 34 0
0 57 0 480
0 48 0 0
0 41 42 0
0 41 0 480
0 50 32 0
0 58 38 0
0 58 0 480
0 50 0 0
0 50 33 0
0 58 39 0
0 58 0 480
0 50 0 0
0 41 42 0
0 41 0 480
0 48 32 0
0 57 38 0
0 57 0 480
0 48 0 0
0 48 32 0
0 57 38 0
0 57 0 480
0 48 0 0
0 41 39 0
0 41 0 240
0 50 28 240
0 58 34 0
0 58 0 240
0 50 0 0
0 41 34 240
0 41 0 240
0 48 31 240
0 57 37 0
0 57 0 240
0 48 0 0
0 41 34 240
0 41 0 240
0 48 28 240
0 57 34 0
0 57 0 240
0 48 0 0
0 41 42 240
0 41 0 240
0 50 32 240
0 58 38 0
0 58 0 219
0 50 0 0
0 41 34 240
0 41 0 231
0 48 32 240
0 57 38 0
0 57 0 240
0 48 0 0
0 41 34 240
0 41 0 240
0 48 38 240
0 57 45 0
0 57 0 480
0 52 38 0
0 58 45 0
0 58 0 480
0 52 0 0
0 48 0 0
0 53 38 0
0 57 45 0
0 57 0 310
0 53 0 0
0 41 70 480
0 41 0 120
0 63 59 240
0 60 50 0
0 53 50 0
0 53 0 480
0 60 0 0
0 63 0 0
0 63 60 0
0 60 51 0
0 53 51 0
0 53 0 469
0 60 0 0
0 63 0 0
0 46 70 0
0 46 0 99
0 62 52 240
0 58 52 0
0 53 52 0
0 53 0 480
0 58 0 0
0 62 0 0
0 46 62 0
0 46 0 224
0 39 68 240
0 51 80 0
0 51 0 312
0 39 0 0
0 55 59 0
0 58 59 30
0 63 59 30
0 67 70 30
0 67 0 480
0 55 0 0
0 58 0 0
0 63 0 0
0 46 48 470
0 46 0 169
0 62 31 240
0 58 27 0
0 53 27 0
0 53 0 480
0 58 0 0
0 62 0 0
0 62 29 0
0 58 24 0
0 53 24 0
0 53 0 470
0 58 0 0
0 62 0 0
0 41 45 0
0 41 0 194
0 63 30 240
0 60 26 0
0 53 26 0
0 53 0 480
0 60 0 0
0 63 0 0
0 63 28 0
0 60 23 0
0 53 23 0
0 53 0 469
0 60 0 0
0 63 0 0
0 46 48 0
0 46 0 155
0 62 31 240
0 58 27 0
0 53 27 0
0 53 0 480
0 58 0 0
0 62 0 0
0 62 29 0
0 58 24 0
0 53 24 0
0 53 0 480
0 58 0 0
0 62 0 0
0 41 57 0
0 41 0 166
0 53 39 240
0 63 47 0
0 63 0 480
0 53 0 0
0 53 39 0
0 57 39 0
0 63 46 0
0 63 0 474
0 57 0 0
0 53 0 0
0 46 51 0
0 46 0 176
0 53 31 240
0 58 31 0
0 62 37 0
0 62 0 480
0 58 0 0
0 53 0 0
0 53 31 0
0 58 31 0
0 62 36 0
0 62 0 467
0 58 0 0
0 53 0 0
0 46 40 0
0 46 0 194
0 63 27 240
0 60 22 0
0 53 22 0
0 53 0 480
0 60 0 0
0 63 0 0
0 63 25 0
0 60 21 0
0 53 21 0
0 53 0 471
0 60 0 0
0 63 0 0
0 46 43 0
0 46 0 155
0 62 28 240
0 58 23 0
0 53 23 0
0 53 0 480
0 58 0 0
0 62 0 0
0 62 26 0
0 58 22 0
0 53 22 0
0 53 0 480
0 58 0 0
0 62 0 0
0 41 57 0
0 41 0 166
0 53 39 240
0 63 47 0
0 63 0 480
0 53 0 0
0 53 39 0
0 57 39 0
0 63 46 0
0 63 0 420
0 57 0 0
0 53 0 0
0 46 57 0
0 46 0 113
0 53 39 240
0 58 39 0
0 62 47 0
0 62 0 480
0 58 0 0
0 53 0 0
0 46 49 0
0 46 0 462
0 42 22 0
0 49 26 0
0 49 0 381
0 42 0 0
0 42 20 0
0 49 23 0
0 49 0 480
0 42 0 0
0 42 20 0
0 49 23 0
0 49 0 480
0 42 0 0
0 42 22 0
0 49 26 0
0 49 0 416
0 42 0 0
0 42 20 0
0 49 23 0
0 49 0 480
0 42 0 0
0 42 20 0
0 49 23 0
0 49 0 480
0 42 0 0
0 42 22 0
0 49 26 0
0 49 0 332
0 42 0 0
0 42 20 0
0 49 23 0
0 49 0 480
0 42 0 0
0 42 20 0
0 49 23 0
0 49 0 480
0 42 0 0
0 42 22 0
0 49 26 0
0 49 0 346
0 42 0 0
0 42 20 0
0 49 23 0
0 49 0 480
0 42 0 0
0 42 20 0
0 49 23 0
0 49 0 480
0 42 0 0
0 42 22 0
0 49 26 0
0 49 0 381
0 42 0 0
0 42 20 0
0 49 23 0
0 49 0 480
0 42 0 0
0 42 20 0
0 49 23 0
0 49 0 480
0 42 0 0
0 42 22 0
0 49 26 0
0 49 0 416
0 42 0 0
0 42 20 0
0 49 23 0
0 49 0 480
0 42 0 0
0 42 20 0
0 49 23 0
0 49 0 480
0 42 0 0
0 42 22 0
0 49 26 0
0 49 0 353
0 42 0 0
0 42 20 0
0 49 23 0
0 49 0 480
0 42 0 0
0 42 20 0
0 49 23 0
0 49 0 480
0 42 0 0
0 41 22 0
0 49 26 0
0 49 0 476
0 48 23 0
0 48 0 960
0 41 0 0
0 41 70 0
0 41 0 120
0 63 59 240
0 60 50 0
0 53 50 0
0 53 0 480
0 60 0 0
0 63 0 0
0 63 60 0
0 60 51 0
0 53 51 0
0 53 0 480
0 60 0 0
0 63 0 0
0 46 70 0
0 46 0 99
0 62 52 240
0 58 52 0
0 53 52 0
0 53 0 480
0 58 0 0
0 62 0 0
0 46 62 0
0 46 0 240
0 39 68 240
0 51 80 0
0 51 0 312
0 39 0 0
0 55 59 0
0 58 59 30
0 63 59 30
0 67 70 30
0 67 0 480
0 55 0 0
0 58 0 0
0 63 0 0
0 46 48 468
0 46 0 152
0 62 31 240
0 58 27 0
0 53 27 0
0 53 0 480
0 58 0 0
0 62 0 0
0 62 29 0
0 58 24 0
0 53 24 0
0 53 0 480
0 58 0 0
0 62 0 0
0 41 45 0
0 41 0 120
0 63 30 240
0 60 26 0
0 53 26 0
0 53 0 480
0 60 0 0
0 63 0 0
0 63 28 0
0 60 23 0
0 53 23 0
0 53 0 480
0 60 0 0
0 63 0 0
0 46 48 0
0 46 0 106
0 62 31 240
0 58 27 0
0 53 27 0
0 53 0 480
0 58 0 0
0 62 0 0
0 62 29 0
0 58 24 0
0 53 24 0
0 53 0 480
0 58 0 0
0 62 0 0
0 41 57 0
0 41 0 166
0 53 39 240
0 63 47 0
0 63 0 480
0 53 0 0
0 53 39 0
0 57 39 0
0 63 46 0
0 63 0 480
0 57 0 0
0 53 0 0
0 46 57 0
0 46 0 148
0 53 39 240
0 58 39 0
0 62 47 0
0 62 0 480
0 58 0 0
0 53 0 0
0 53 39 0
0 58 39 0
0 62 46 0
0 62 0 480
0 58 0 0
0 53 0 0
0 46 40 0
0 46 0 152
0 63 27 240
0 60 22 0
0 53 22 0
0 53 0 480
0 60 0 0
0 63 0 0
0 63 25 0
0 60 21 0
0 53 21 0
0 53 0 480
0 60 0 0
0 63 0 0
0 46 43 0
0 46 0 99
0 62 28 240
0 58 23 0
0 53 23 0
0 53 0 480
0 58 0 0
0 62 0 0
0 62 26 0
0 58 22 0
0 53 22 0
0 53 0 480
0 58 0 0
0 62 0 0
0 41 57 0
0 41 0 166
0 53 39 240
0 63 47 0
0 63 0 480
0 53 0 0
0 53 39 0
0 57 39 0
0 63 46 0
0 63 0 480
0 57 0 0
0 53 0 0
0 46 57 0
0 46 0 113
0 53 39 240
0 58 39 0
0 62 47 0
0 62 0 480
0 58 0 0
0 53 0 0
0 46 48 0
0 46 0 467
0 42 22 0
0 49 26 0
0 49 0 381
0 42 0 0
0 42 20 0
0 49 23 0
0 49 0 480
0 42 0 0
0 42 20 0
0 49 23 0
0 49 0 480
0 42 0 0
0 42 22 0
0 49 26 0
0 49 0 416
0 42 0 0
0 42 20 0
0 49 23 0
0 49 0 480
0 42 0 0
0 42 20 0
0 49 23 0
0 49 0 480
0 42 0 0
0 42 22 0
0 49 26 0
0 49 0 395
0 42 0 0
0 42 20 0
0 49 23 0
0 49 0 480
0 42 0 0
0 42 20 0
0 49 23 0
0 49 0 480
0 42 0 0
0 42 22 0
0 49 26 0
0 49 0 360
0 42 0 0
0 42 20 0
0 49 23 0
0 49 0 480
0 42 0 0
0 42 20 0
0 49 23 0
0 49 0 480
0 42 0 0
0 42 22 0
0 49 26 0
0 49 0 381
0 42 0 0
0 42 20 0
0 49 23 0
0 49 0 480
0 42 0 0
0 42 20 0
0 49 23 0
0 49 0 480
0 42 0 0
0 42 22 0
0 49 26 0
0 49 0 356
0 42 0 0
0 42 20 0
0 49 23 0
0 49 0 480
0 42 0 0
0 42 20 0
0 49 23 0
0 49 0 480
0 42 0 0
0 42 22 0
0 49 26 0
0 49 0 339
0 42 0 0
0 42 20 0
0 49 23 0
0 49 0 480
0 42 0 0
0 42 20 0
0 49 23 0
0 49 0 480
0 42 0 0
0 41 22 0
0 49 26 0
0 49 0 474
0 48 23 0
0 48 0 960
0 41 0 0
0 41 70 0
0 41 0 120
0 63 59 240
0 60 50 0
0 53 50 0
0 53 0 480
0 60 0 0
0 63 0 0
0 63 60 0
0 60 51 0
0 53 51 0
0 53 0 480
0 60 0 0
0 63 0 0
0 46 70 0
0 46 0 99
0 62 52 240
0 58 52 0
0 53 52 0
0 53 0 480
0 58 0 0
0 62 0 0
0 46 62 0
0 46 0 240
0 39 68 240
0 51 80 0
0 51 0 312
0 39 0 0
0 55 59 0
0 58 59 30
0 63 59 30
0 67 70 30
0 67 0 480
0 55 0 0
0 58 0 0
0 63 0 0
0 46 48 468
0 46 0 183
0 62 31 240
0 58 27 0
0 53 27 0
0 53 0 480
0 58 0 0
0 62 0 0
0 62 29 0
0 58 24 0
0 53 24 0
0 53 0 480
0 58 0 0
0 62 0 0
0 41 45 0
0 41 0 141
0 63 30 240
0 60 26 0
0 53 26 0
0 53 0 480
0 60 0 0
0 63 0 0
0 63 28 0
0 60 23 0
0 53 23 0
0 53 0 480
0 60 0 0
0 63 0 0
0 46 48 0
0 46 0 92
0 62 31 240
0 58 27 0
0 53 27 0
0 53 0 480
0 58 0 0
0 62 0 0
0 62 29 0
0 58 24 0
0 53 24 0
0 53 0 480
0 58 0 0
0 62 0 0
0 41 57 0
0 41 0 166
0 53 39 240
0 63 47 0
0 63 0 480
0 53 0 0
0 53 39 0
0 57 39 0
0 63 46 0
0 63 0 480
0 57 0 0
0 53 0 0
0 46 51 0
0 46 0 176
0 53 31 240
0 58 31 0
0 62 37 0
0 62 0 480
0 58 0 0
0 53 0 0
0 53 31 0
0 58 31 0
0 62 36 0
0 62 0 480
0 58 0 0
0 53 0 0
0 46 40 0
0 46 0 148
0 63 27 240
0 60 22 0
0 53 22 0
0 53 0 480
0 60 0 0
0 63 0 0
0 63 25 0
0 60 21 0
0 53 21 0
0 53 0 480
0 60 0 0
0 63 0 0
0 46 43 0
0 46 0 63
0 62 28 240
0 58 23 0
0 53 23 0
0 53 0 480
0 58 0 0
0 62 0 0
0 62 26 0
0 58 22 0
0 53 22 0
0 53 0 480
0 58 0 0
0 62 0 0
0 41 57 0
0 41 0 166
0 53 41 240
0 63 49 0
0 63 0 480
0 53 0 0
0 53 44 0
0 57 44 0
0 63 51 0
0 63 0 480
0 57 0 0
0 53 0 0
0 46 68 0
0 46 0 310
0 46 46 0
0 53 46 0
0 62 56 0
0 62 0 960
0 53 0 0
0 46 0 0
