0 81 60 240
0 81 0 240
0 88 66 0
0 88 0 1560
0 86 55 0
0 86 0 60
0 88 47 0
0 88 0 60
0 86 62 0
0 86 0 240
0 84 57 0
0 84 0 240
0 86 57 0
0 86 0 240
0 88 62 0
0 88 0 240
0 89 64 0
0 89 0 240
0 91 67 0
0 91 0 240
0 88 66 0
0 88 0 240
0 89 64 0
0 89 0 240
0 88 61 0
0 88 0 120
0 86 59 0
0 86 0 60
0 88 55 0
0 88 0 60
0 86 67 0
0 86 0 480
0 84 60 0
0 84 0 480
0 82 57 0
0 82 0 480
0 57 50 240
0 57 0 240
0 61 51 0
0 61 0 240
0 64 54 0
0 64 0 240
0 69 57 0
0 69 0 240
0 73 58 0
0 73 0 240
0 76 61 0
0 76 0 240
0 69 50 0
0 69 0 240
0 73 51 0
0 73 0 240
0 76 54 0
0 76 0 240
0 81 57 0
0 81 0 240
0 85 58 0
0 85 0 240
0 88 64 0
0 88 0 240
0 85 60 0
0 85 0 240
0 81 58 0
0 81 0 240
0 76 57 0
0 76 0 240
0 73 55 0
0 73 0 240
0 69 53 0
0 69 0 240
0 76 51 0
0 76 0 240
0 73 48 0
0 73 0 240
0 69 46 0
0 69 0 240
0 64 44 0
0 64 0 240
0 61 44 0
0 61 0 240
0 57 42 0
0 57 0 240
0 81 51 240
0 81 0 240
0 88 56 0
0 88 0 1560
0 86 46 0
0 86 0 60
0 88 41 0
0 88 0 60
0 86 52 0
0 86 0 240
0 84 48 0
0 84 0 240
0 86 48 0
0 86 0 240
0 88 52 0
0 88 0 240
0 89 54 0
0 89 0 240
0 91 56 0
0 91 0 240
0 88 56 0
0 88 0 240
0 89 54 0
0 89 0 240
0 88 51 0
0 88 0 120
0 86 51 0
0 86 0 60
0 88 47 0
0 88 0 60
0 86 56 0
0 86 0 480
0 84 51 0
0 84 0 480
0 82 48 0
0 82 0 480
0 81 44 0
0 81 0 240
0 82 46 0
0 82 0 240
0 84 48 0
0 84 0 240
0 86 50 0
0 86 0 240
0 89 52 0
0 89 0 360
0 86 49 0
0 86 0 60
0 88 42 0
0 88 0 60
0 86 56 0
0 86 0 480
0 84 51 0
0 84 0 480
0 82 48 0
0 82 0 480
0 81 46 0
0 81 0 240
0 82 47 0
0 82 0 240
0 84 49 0
0 84 0 240
0 86 51 0
0 86 0 240
0 88 53 0
0 88 0 240
0 91 57 0
0 91 0 240
0 89 55 0
0 89 0 120
0 86 46 0
0 86 0 60
0 88 40 0
0 88 0 60
0 86 50 0
0 86 0 240
0 84 50 0
0 84 0 240
0 82 45 0
0 82 0 240
0 86 49 0
0 86 0 240
0 85 44 0
0 85 0 240
0 70 51 160
0 61 29 0
0 70 0 160
0 69 46 0
0 69 0 160
0 61 0 0
0 61 29 160
0 70 52 0
0 70 0 160
0 69 45 0
0 69 0 160
0 61 0 0
0 61 29 160
0 70 51 0
0 70 0 160
0 69 45 0
0 69 0 160
0 61 0 0
0 62 27 160
0 69 48 0
0 69 0 160
0 67 41 0
0 67 0 160
0 62 0 0
0 69 48 160
0 62 27 0
0 69 0 160
0 67 40 0
0 67 0 160
0 62 0 0
0 62 27 160
0 69 47 0
0 69 0 160
0 67 40 0
0 67 0 160
0 62 0 0
0 61 29 160
0 70 51 0
0 70 0 160
0 69 46 0
0 69 0 160
0 61 0 0
0 70 52 160
0 61 42 0
0 70 0 160
0 69 45 0
0 69 0 160
0 61 0 0
0 61 42 160
0 70 51 0
0 70 0 160
0 69 45 0
0 69 0 160
0 61 0 0
0 70 48 160
0 62 27 0
0 70 0 160
0 69 41 0
0 69 0 160
0 62 0 0
0 69 48 160
0 62 27 0
0 69 0 160
0 67 40 0
0 67 0 160
0 62 0 0
0 67 47 160
0 62 27 0
0 67 0 160
0 64 40 0
0 64 0 160
0 62 0 0
0 61 30 160
0 70 53 0
0 70 0 160
0 69 48 0
0 69 0 160
0 61 0 0
0 70 55 160
0 61 31 0
0 70 0 160
0 69 48 0
0 69 0 160
0 61 0 0
0 70 56 160
0 61 31 0
0 70 0 160
0 69 49 0
0 69 0 160
0 61 0 0
0 67 57 160
0 57 32 0
0 67 0 160
0 65 50 0
0 65 0 160
0 57 0 0
0 57 33 160
0 67 58 0
0 67 0 160
0 65 48 0
0 65 0 160
0 57 0 0
0 67 58 160
0 57 32 0
0 67 0 160
0 65 49 0
0 65 0 160
0 57 0 0
0 60 34 160
0 65 60 0
0 65 0 160
0 64 53 0
0 64 0 160
0 60 0 0
0 65 61 160
0 60 35 0
0 65 0 160
0 64 51 0
0 64 0 160
0 60 0 0
0 60 34 160
0 65 61 0
0 65 0 160
0 64 52 0
0 64 0 160
0 60 0 0
0 64 58 160
0 58 33 0
0 64 0 160
0 62 50 0
0 62 0 160
0 58 0 0
0 64 55 160
0 58 31 0
0 64 0 160
0 62 44 0
0 62 0 160
0 58 0 0
0 64 52 160
0 58 29 0
0 64 0 160
0 62 42 0
0 62 0 160
0 58 0 0
0 61 29 160
0 70 51 0
0 70 0 160
0 69 46 0
0 69 0 160
0 61 0 0
0 61 29 160
0 70 52 0
0 70 0 160
0 69 45 0
0 69 0 160
0 61 0 0
0 61 29 160
0 70 51 0
0 70 0 160
0 69 45 0
0 69 0 160
0 61 0 0
0 69 48 160
0 62 27 0
0 69 0 160
0 67 41 0
0 67 0 160
0 62 0 0
0 62 27 160
0 69 48 0
0 69 0 160
0 67 40 0
0 67 0 160
0 62 0 0
0 62 27 160
0 69 47 0
0 69 0 160
0 67 40 0
0 67 0 160
0 62 0 0
0 70 51 160
0 61 29 0
0 70 0 160
0 69 46 0
0 69 0 160
0 61 0 0
0 61 29 160
0 70 52 0
0 70 0 160
0 69 45 0
0 69 0 160
0 61 0 0
0 70 51 160
0 61 29 0
0 70 0 160
0 69 45 0
0 69 0 160
0 61 0 0
0 69 48 160
0 62 27 0
0 69 0 160
0 67 41 0
0 67 0 160
0 62 0 0
0 62 27 160
0 69 48 0
0 69 0 160
0 67 40 0
0 67 0 160
0 62 0 0
0 69 47 160
0 62 27 0
0 69 0 160
0 67 40 0
0 67 0 160
0 62 0 0
0 81 53 240
0 81 0 240
0 83 56 0
0 83 0 240
0 85 57 0
0 85 0 240
0 86 59 0
0 86 0 240
0 88 61 0
0 88 0 240
0 89 62 0
0 89 0 360
0 88 55 0
0 88 0 60
0 89 51 0
0 89 0 60
0 88 61 0
0 88 0 240
0 86 57 0
0 86 0 240
0 84 56 0
0 84 0 240
0 86 59 0
0 86 0 240
0 88 57 0
0 88 0 240
0 89 59 0
0 89 0 240
0 91 61 0
0 91 0 240
0 88 61 0
0 88 0 240
0 89 59 0
0 89 0 240
0 88 56 0
0 88 0 120
0 86 55 0
0 86 0 60
0 88 51 0
0 88 0 60
0 86 61 0
0 86 0 480
0 84 56 0
0 84 0 480
0 82 52 0
0 82 0 480
0 81 57 0
0 81 0 240
0 83 58 0
0 83 0 240
0 85 60 0
0 85 0 240
0 86 61 0
0 86 0 240
0 88 63 0
0 88 0 240
0 89 64 0
0 89 0 240
0 91 71 0
0 91 0 240
0 93 75 0
0 93 0 120
0 94 73 0
0 94 0 60
0 96 71 0
0 96 0 60
0 94 79 0
0 94 0 480
0 93 76 0
0 93 0 240
0 91 74 0
0 91 0 240
0 93 78 0
0 93 0 480
0 93 79 0
0 93 0 240
0 91 76 0
0 91 0 240
0 94 83 0
0 94 0 240
0 93 78 0
0 93 0 120
0 89 64 0
0 89 0 60
0 91 56 0
0 91 0 60
0 89 72 0
0 89 0 240
0 87 64 0
0 87 0 240
0 86 69 0
0 86 0 240
0 88 61 0
0 88 0 240
0 84 62 0
0 84 0 240
0 82 51 0
0 82 0 240
0 61 29 160
0 70 51 0
0 70 0 160
0 69 46 0
0 69 0 160
0 61 0 0
0 70 52 160
0 61 29 0
0 70 0 160
0 69 45 0
0 69 0 160
0 61 0 0
0 61 29 160
0 70 51 0
0 70 0 160
0 69 45 0
0 69 0 160
0 61 0 0
0 69 48 160
0 62 27 0
0 69 0 160
0 67 41 0
0 67 0 160
0 62 0 0
0 69 48 160
0 62 27 0
0 69 0 160
0 67 40 0
0 67 0 160
0 62 0 0
0 69 47 160
0 62 27 0
0 69 0 160
0 67 40 0
0 67 0 160
0 62 0 0
0 61 29 160
0 70 51 0
0 70 0 160
0 69 46 0
0 69 0 160
0 61 0 0
0 70 52 160
0 61 29 0
0 70 0 160
0 69 45 0
0 69 0 160
0 61 0 0
0 70 51 160
0 61 29 0
0 70 0 160
0 69 45 0
0 69 0 160
0 61 0 0
0 70 48 160
0 62 27 0
0 70 0 160
0 69 41 0
0 69 0 160
0 62 0 0
0 62 27 160
0 69 48 0
0 69 0 160
0 67 40 0
0 67 0 160
0 62 0 0
0 67 47 160
0 62 27 0
0 67 0 160
0 64 40 0
0 64 0 160
0 62 0 0
0 61 30 160
0 70 53 0
0 70 0 160
0 69 48 0
0 69 0 160
0 61 0 0
0 70 55 160
0 61 31 0
0 70 0 160
0 69 48 0
0 69 0 160
0 61 0 0
0 61 31 160
0 70 56 0
0 70 0 160
0 69 49 0
0 69 0 160
0 61 0 0
0 67 53 160
0 57 30 0
0 67 0 160
0 65 46 0
0 65 0 160
0 57 0 0
0 67 54 160
0 57 30 0
0 67 0 160
0 65 46 0
0 65 0 160
0 57 0 0
0 67 54 160
0 57 31 0
0 67 0 160
0 65 46 0
0 65 0 160
0 57 0 0
0 60 32 160
0 65 57 0
0 65 0 160
0 64 48 0
0 64 0 160
0 60 0 0
0 60 32 160
0 65 58 0
0 65 0 160
0 64 48 0
0 64 0 160
0 60 0 0
0 60 33 160
0 65 57 0
0 65 0 160
0 64 49 0
0 64 0 160
0 60 0 0
0 64 54 160
0 58 30 0
0 64 0 160
0 62 45 0
0 62 0 160
0 58 0 0
0 58 29 160
0 64 52 0
0 64 0 160
0 62 42 0
0 62 0 160
0 58 0 0
0 58 28 160
0 64 48 0
0 64 0 160
0 62 40 0
0 62 0 160
0 58 0 0
0 64 51 960
0 61 51 0
0 61 0 480
0 64 0 0
0 58 51 480
0 64 51 0
0 62 51 0
0 62 0 240
0 64 0 0
0 58 0 0
0 61 51 1680
0 64 51 0
0 64 0 480
0 61 0 0
0 58 45 480
0 64 45 0
0 62 45 0
0 62 0 240
0 64 0 0
0 58 0 0
0 70 49 720
0 76 49 0
0 76 0 1440
0 70 0 0
0 82 55 0
0 82 0 1680
0 84 51 0
0 84 0 240
0 86 55 0
0 86 0 240
0 89 47 0
0 89 0 240
0 86 56 0
0 86 0 240
0 84 53 0
0 84 0 120
0 84 41 0
0 84 0 60
0 86 42 0
0 86 0 60
0 84 45 0
0 84 0 240
0 82 48 0
0 82 0 240
0 77 48 0
0 77 0 240
0 82 43 0
0 82 0 240
0 81 47 0
0 81 0 960
0 80 47 0
0 80 0 240
0 77 43 0
0 77 0 240
0 76 45 0
0 76 0 240
0 74 42 0
0 74 0 240
0 57 40 240
0 57 0 238
0 61 41 2
0 61 0 240
0 64 44 0
0 64 0 240
0 69 46 0
0 69 0 240
0 73 47 0
0 73 0 240
0 76 50 0
0 76 0 240
0 69 40 0
0 69 0 240
0 73 41 0
0 73 0 240
0 76 44 0
0 76 0 240
0 81 46 0
0 81 0 240
0 85 47 0
0 85 0 240
0 88 51 0
0 88 0 240
0 69 40 0
0 69 0 240
0 73 41 0
0 73 0 240
0 76 44 0
0 76 0 240
0 81 46 0
0 81 0 240
0 85 47 0
0 85 0 240
0 88 49 0
0 88 0 240
0 81 46 0
0 81 0 240
0 85 44 0
0 85 0 240
0 88 42 0
0 88 0 240
0 93 40 0
0 93 0 240
0 97 38 0
0 97 0 240
0 100 36 0
0 93 36 0
0 105 36 0
0 105 0 1440
0 93 0 0
0 100 0 0
0 57 48 240
0 57 0 212
0 64 52 0
0 64 0 1560
0 62 42 0
0 62 0 60
0 64 42 0
0 64 0 60
0 62 49 0
0 62 0 233
0 60 45 0
0 60 0 166
0 62 45 0
0 62 0 240
0 64 49 0
0 64 0 169
0 65 51 0
0 65 0 240
0 67 53 0
0 67 0 134
0 64 52 0
0 64 0 240
0 65 51 0
0 65 0 231
0 64 48 0
0 64 0 77
0 62 49 0
0 62 0 60
0 64 48 0
0 64 0 60
0 62 53 0
0 62 0 240
0 60 48 0
0 60 0 311
0 58 48 0
0 58 0 240
0 45 42 0
0 45 0 69
0 52 39 0
0 52 0 240
0 57 39 0
0 57 0 240
0 61 40 0
0 61 0 240
0 64 43 0
0 64 0 240
0 69 44 0
0 69 0 240
0 73 48 0
0 73 0 80
0 61 39 0
0 61 0 240
0 64 39 0
0 64 0 240
0 69 40 0
0 69 0 240
0 73 43 0
0 73 0 240
0 76 44 0
0 76 0 240
0 81 49 0
0 81 0 114
0 76 43 0
0 76 0 240
0 73 43 0
0 73 0 240
0 69 42 0
0 69 0 240
0 64 40 0
0 64 0 240
0 61 40 0
0 61 0 240
0 69 36 0
0 69 0 114
0 64 35 0
0 64 0 240
0 61 34 0
0 61 0 240
0 57 32 0
0 57 0 238
0 57 30 2
0 57 0 237
0 52 30 3
0 52 0 240
0 45 39 0
0 45 0 225
0 57 40 0
0 57 0 212
0 64 44 0
0 64 0 1560
0 62 39 0
0 62 0 60
0 64 35 0
0 64 0 60
0 62 41 0
0 62 0 229
0 60 38 0
0 60 0 166
0 62 38 0
0 62 0 240
0 64 41 0
0 64 0 123
0 65 43 0
0 65 0 240
0 67 45 0
0 67 0 184
0 64 44 0
0 64 0 240
0 65 43 0
0 65 0 130
0 64 40 0
0 64 0 120
0 62 40 0
0 62 0 60
0 64 37 0
0 64 0 60
0 62 45 0
0 62 0 215
0 60 40 0
0 60 0 311
0 58 38 0
0 58 0 266
0 57 32 0
0 57 0 176
0 58 34 0
0 58 0 240
0 60 36 0
0 60 0 240
0 62 37 0
0 62 0 240
0 65 39 0
0 65 0 243
0 62 40 0
0 62 0 60
0 64 37 0
0 64 0 60
0 62 45 0
0 62 0 293
0 60 40 0
0 60 0 240
0 58 40 0
0 58 0 293
0 57 32 0
0 57 0 99
0 58 33 0
0 58 0 240
0 60 35 0
0 60 0 240
0 62 37 0
0 62 0 240
0 64 39 0
0 64 0 70
0 67 40 0
0 67 0 240
0 65 43 0
0 65 0 109
0 62 34 0
0 62 0 60
0 64 32 0
0 64 0 60
0 62 37 0
0 62 0 240
0 60 37 0
0 60 0 159
0 58 33 0
0 58 0 240
0 62 36 0
0 62 0 166
0 61 33 0
0 61 0 240
0 45 67 0
0 45 0 405
0 52 55 0
0 52 0 480
0 57 55 0
0 57 0 480
0 45 68 0
0 45 0 406
0 52 55 0
0 52 0 480
0 58 55 0
0 58 0 480
0 45 65 0
0 45 0 423
0 52 52 0
0 52 0 480
0 57 52 0
0 57 0 480
0 45 64 0
0 45 0 392
0 52 55 0
0 52 0 480
0 58 54 0
0 58 0 480
0 45 69 0
0 45 0 425
0 52 57 0
0 52 0 480
0 57 58 0
0 57 0 480
0 41 66 0
0 41 0 416
0 48 51 0
0 48 0 480
0 57 69 0
0 57 0 150
0 48 74 330
0 48 0 395
0 55 73 0
0 55 0 480
0 60 69 0
0 60 0 150
0 55 66 330
0 55 0 49
0 57 59 360
0 57 0 120
0 60 55 300
0 60 0 60
0 58 53 0
0 58 0 120
0 45 64 360
0 45 0 397
0 52 55 0
0 52 0 480
0 57 55 0
0 57 0 480
0 45 65 0
0 45 0 399
0 52 55 0
0 52 0 480
0 58 55 0
0 58 0 480
0 45 66 0
0 45 0 403
0 52 55 0
0 52 0 480
0 57 55 0
0 57 0 480
0 45 61 0
0 45 0 413
0 52 55 0
0 52 0 480
0 58 55 0
0 58 0 480
0 45 49 0
0 45 0 149
0 57 45 0
0 57 0 240
0 59 47 0
0 59 0 68
0 61 48 0
0 61 0 240
0 62 49 0
0 62 0 240
0 64 51 0
0 64 0 240
0 65 52 0
0 65 0 229
0 64 48 0
0 64 0 60
0 65 45 0
0 65 0 60
0 64 51 0
0 64 0 222
0 62 48 0
0 62 0 127
0 60 47 0
0 60 0 240
0 62 49 0
0 62 0 240
0 64 45 0
0 64 0 123
0 65 47 0
0 65 0 240
0 67 49 0
0 67 0 123
0 64 48 0
0 64 0 240
0 65 47 0
0 65 0 155
0 64 44 0
0 64 0 120
0 62 47 0
0 62 0 60
0 64 44 0
0 64 0 60
0 62 49 0
0 62 0 215
0 60 44 0
0 60 0 240
0 58 41 0
0 58 0 320
0 57 48 0
0 57 0 109
0 59 49 0
0 59 0 240
0 61 50 0
0 61 0 126
0 62 50 0
0 62 0 240
0 64 51 0
0 64 0 240
0 65 52 0
0 65 0 240
0 67 53 0
0 67 0 130
0 69 57 0
0 69 0 120
0 70 56 0
0 70 0 60
0 72 52 0
0 72 0 60
0 70 63 0
0 70 0 205
0 69 58 0
0 69 0 240
0 67 56 0
0 67 0 240
0 69 58 0
0 69 0 360
0 69 60 0
0 69 0 109
0 67 58 0
0 67 0 240
0 70 62 0
0 70 0 127
0 69 58 0
0 69 0 120
0 65 45 0
0 65 0 60
0 67 38 0
0 67 0 60
0 65 49 0
0 65 0 91
0 63 49 0
0 63 0 240
0 62 55 0
0 62 0 91
0 64 43 0
0 64 0 240
0 60 46 0
0 60 0 103
0 58 51 0
0 58 0 240
0 45 61 0
0 45 0 377
0 52 55 0
0 52 0 480
0 57 55 0
0 57 0 480
0 45 62 0
0 45 0 392
0 52 55 0
0 52 0 480
0 58 55 0
0 58 0 480
0 45 62 0
0 45 0 397
0 52 52 0
0 52 0 480
0 57 52 0
0 57 0 480
0 45 63 0
0 45 0 406
0 52 55 0
0 52 0 480
0 58 54 0
0 58 0 480
0 45 67 0
0 45 0 420
0 52 57 0
0 52 0 480
0 57 58 0
0 57 0 480
0 41 65 0
0 41 0 420
0 48 51 0
0 48 0 480
0 57 69 0
0 57 0 150
0 48 74 330
0 48 0 402
0 55 73 0
0 55 0 480
0 60 69 0
0 60 0 150
0 55 66 330
0 55 0 39
0 57 59 360
0 57 0 120
0 60 55 300
0 60 0 60
0 58 53 0
0 58 0 120
0 45 65 360
0 45 0 297
0 52 63 0
0 52 0 480
0 57 57 0
0 57 0 480
0 50 47 0
0 50 0 89
0 52 49 0
0 52 0 160
0 53 51 0
0 53 0 160
0 55 53 0
0 55 0 68
0 57 55 0
0 57 0 160
0 58 58 0
0 58 0 160
0 60 60 0
0 60 0 68
0 58 57 0
0 58 0 160
0 57 55 0
0 57 0 160
0 45 65 0
0 45 0 183
0 52 63 0
0 52 0 480
0 57 57 0
0 57 0 480
0 50 42 0
0 50 0 89
0 52 44 0
0 52 0 160
0 53 45 0
0 53 0 160
0 55 47 0
0 55 0 75
0 57 49 0
0 57 0 160
0 58 49 0
0 58 0 160
0 60 52 0
0 60 0 68
0 58 49 0
0 58 0 160
0 57 44 0
0 57 0 160
0 56 41 0
0 62 41 0
0 62 0 1013
0 56 0 0
0 58 46 0
0 58 0 933
0 60 43 0
0 60 0 240
0 62 46 0
0 62 0 240
0 65 39 0
0 65 0 240
0 62 47 0
0 62 0 240
0 60 45 0
0 60 0 110
0 60 40 0
0 60 0 60
0 62 39 0
0 62 0 60
0 60 40 0
0 60 0 240
0 58 39 0
0 58 0 198
0 53 40 0
0 53 0 240
0 58 36 0
0 58 0 240
0 57 39 0
0 57 0 706
0 56 39 0
0 56 0 114
0 53 36 0
0 53 0 240
0 52 38 0
0 52 0 240
0 50 35 0
0 50 0 240
0 45 34 0
0 45 0 23
0 52 32 0
0 52 0 240
0 57 32 0
0 57 0 240
0 61 33 0
0 61 0 240
0 64 34 0
0 64 0 240
0 69 35 0
0 69 0 240
0 73 39 0
0 73 0 240
0 61 32 0
0 61 0 240
0 64 32 0
0 64 0 240
0 69 33 0
0 69 0 240
0 73 34 0
0 73 0 240
0 76 35 0
0 76 0 240
0 81 39 0
0 81 0 240
0 61 32 0
0 61 0 240
0 64 32 0
0 64 0 240
0 69 33 0
0 69 0 240
0 73 34 0
0 73 0 240
0 76 35 0
0 76 0 240
0 81 39 0
0 81 0 240
0 73 34 0
0 73 0 240
0 76 34 0
0 76 0 240
0 81 33 0
0 81 0 240
0 85 32 0
0 85 0 240
0 88 32 0
0 88 0 240
0 85 23 0
0 69 23 0
0 76 23 0
0 76 0 1440
0 69 0 0
0 85 0 0
