0 57 49 360
0 57 0 120
0 69 55 0
0 66 49 0
0 62 49 0
0 62 0 480
0 66 0 0
0 69 0 0
0 57 46 360
0 57 0 120
0 62 48 0
0 66 48 0
0 69 54 0
0 69 0 480
0 66 0 0
0 62 0 0
0 57 45 0
0 62 45 0
0 66 65 0
0 66 0 160
0 66 60 0
0 66 0 160
0 66 57 0
0 62 0 40
0 57 0 0
0 66 0 60
0 66 55 0
0 66 0 30
0 69 49 0
0 69 0 30
0 67 58 0
0 67 0 240
0 66 60 0
0 66 0 240
0 57 38 0
0 62 38 0
0 66 38 0
0 69 63 0
0 69 0 720
0 57 0 0
0 62 0 0
0 66 0 0
0 66 56 0
0 74 63 0
0 74 0 120
0 76 70 0
0 76 0 120
0 66 0 0
0 66 52 0
0 78 75 0
0 78 0 360
0 73 67 0
0 76 55 60
0 76 0 60
0 73 0 0
0 74 75 0
0 74 0 240
0 66 0 0
0 65 46 0
0 71 68 0
0 65 0 120
0 66 45 0
0 66 0 120
0 71 0 0
0 61 50 0
0 67 60 0
0 67 0 720
0 61 0 0
0 64 50 0
0 67 60 0
0 67 0 120
0 64 0 0
0 66 50 0
0 69 60 0
0 69 0 120
0 66 0 0
0 67 56 0
0 71 67 0
0 71 0 360
0 67 0 0
0 73 63 0
0 69 53 0
0 69 0 120
0 73 0 0
0 73 57 0
0 76 68 0
0 76 0 240
0 73 0 0
0 71 53 0
0 74 63 0
0 74 0 240
0 71 0 0
0 71 56 0
0 74 67 0
0 74 0 60
0 71 0 0
0 73 49 0
0 76 58 0
0 76 0 60
0 73 0 0
0 71 51 0
0 74 61 0
0 74 0 120
0 71 0 0
0 73 56 0
0 69 47 0
0 69 0 480
0 73 0 0
0 73 56 0
0 76 67 0
0 76 0 120
0 73 0 0
0 67 49 0
0 71 58 0
0 71 0 120
0 67 0 0
0 71 54 0
0 74 64 0
0 74 0 360
0 71 0 0
0 66 48 0
0 69 57 0
0 69 0 90
0 66 0 0
0 69 51 30
0 73 61 0
0 73 0 120
0 69 0 0
0 64 45 120
0 67 54 0
0 67 0 120
0 64 0 0
0 65 49 120
0 71 58 0
0 71 0 240
0 65 0 0
0 69 54 0
0 66 45 0
0 66 0 480
0 69 0 0
0 62 61 0
0 74 70 0
0 74 0 240
0 62 0 0
0 62 54 0
0 74 76 0
0 74 0 160
0 73 72 0
0 73 0 160
0 71 66 0
0 71 0 160
0 62 0 0
0 67 36 0
0 62 36 0
0 73 77 0
0 73 0 240
0 71 66 0
0 71 0 240
0 62 0 0
0 67 0 0
0 74 75 0
0 62 54 0
0 74 0 240
0 66 66 0
0 67 57 180
0 67 0 60
0 66 0 0
0 62 0 0
0 66 65 0
0 66 0 160
0 65 61 0
0 65 0 160
0 66 67 0
0 66 0 160
0 62 50 0
0 67 71 0
0 67 0 160
0 71 66 0
0 71 0 160
0 74 68 0
0 74 0 160
0 62 0 0
0 73 71 0
0 73 0 240
0 71 66 0
0 71 0 240
0 74 72 0
0 62 51 0
0 66 51 0
0 66 0 720
0 62 0 0
0 74 0 0
0 68 54 0
0 78 68 0
0 78 0 240
0 68 0 0
0 69 51 0
0 78 72 0
0 78 0 160
0 69 0 0
0 76 67 0
0 76 0 160
0 67 55 0
0 73 67 0
0 73 0 160
0 67 0 0
0 68 50 0
0 74 73 0
0 74 0 240
0 71 65 0
0 71 0 240
0 68 0 0
0 69 49 0
0 76 72 0
0 64 47 0
0 76 0 240
0 73 66 0
0 73 0 240
0 64 0 0
0 69 0 0
0 61 46 0
0 66 46 0
0 69 64 0
0 69 0 160
0 71 64 0
0 71 0 160
0 73 71 0
0 73 0 160
0 66 0 0
0 61 0 0
0 69 36 0
0 62 38 0
0 76 72 0
0 76 0 160
0 74 68 0
0 74 0 160
0 73 65 0
0 73 0 160
0 62 0 0
0 69 0 0
0 73 66 0
0 68 47 0
0 62 47 0
0 73 0 240
0 71 59 0
0 71 0 240
0 62 0 0
0 68 0 0
0 61 46 0
0 69 62 0
0 69 0 480
0 61 0 0
0 57 41 480
0 62 41 0
0 66 69 0
0 66 0 160
0 66 60 0
0 66 0 160
0 66 56 0
0 62 0 40
0 57 0 0
0 66 0 60
0 66 50 0
0 66 0 30
0 69 45 0
0 69 0 30
0 67 58 0
0 67 0 240
0 66 59 0
0 66 0 240
0 62 34 0
0 57 34 0
0 66 34 0
0 69 60 0
0 69 0 720
0 62 0 0
0 57 0 0
0 66 0 0
0 66 54 0
0 74 64 0
0 74 0 120
0 76 70 0
0 76 0 120
0 66 0 0
0 78 75 0
0 78 0 360
0 73 64 0
0 76 54 60
0 76 0 60
0 73 0 0
0 74 72 0
0 74 0 240
0 65 45 0
0 71 66 0
0 65 0 120
0 66 47 0
0 66 0 120
0 71 0 0
0 61 48 0
0 67 57 0
0 67 0 720
0 61 0 0
0 64 50 0
0 67 60 0
0 67 0 120
0 64 0 0
0 66 53 0
0 70 63 0
0 70 0 120
0 66 0 0
0 67 57 0
0 71 68 0
0 71 0 360
0 67 0 0
0 70 56 0
0 73 67 0
0 73 0 120
0 70 0 0
0 76 70 0
0 73 54 0
0 73 0 240
0 76 0 0
0 74 67 0
0 67 45 0
0 64 45 0
0 64 0 240
0 67 0 0
0 74 0 0
0 64 47 0
0 66 47 0
0 70 47 0
0 74 70 0
0 74 0 240
0 73 64 0
0 73 0 240
0 70 0 0
0 66 0 0
0 64 0 0
0 66 56 240
0 70 63 0
0 70 0 120
0 72 68 0
0 72 0 120
0 66 0 0
0 66 61 0
0 73 75 0
0 73 0 360
0 74 71 0
0 74 0 120
0 66 0 0
0 78 76 0
0 70 57 0
0 78 0 240
0 76 71 0
0 76 0 240
0 70 0 0
0 65 55 0
0 71 57 0
0 73 65 0
0 73 0 240
0 65 0 0
0 66 52 0
0 74 70 0
0 74 0 240
0 66 0 0
0 71 0 0
0 74 74 240
0 74 0 240
0 67 41 0
0 71 41 0
0 73 76 0
0 73 0 160
0 76 68 0
0 76 0 160
0 78 65 0
0 78 0 160
0 76 71 0
0 76 0 240
0 71 66 0
0 71 0 240
0 71 0 0
0 67 0 0
0 66 50 0
0 71 50 0
0 74 71 0
0 74 0 720
0 74 74 0
0 74 0 240
0 71 0 0
0 66 0 0
0 67 41 0
0 71 41 0
0 73 76 0
0 73 0 160
0 76 71 0
0 76 0 160
0 78 69 0
0 78 0 160
0 76 71 0
0 76 0 240
0 71 69 0
0 71 0 240
0 71 0 0
0 67 0 0
0 66 50 0
0 71 50 0
0 74 71 0
0 74 0 720
0 74 68 0
0 74 0 240
0 71 0 0
0 66 0 0
0 62 38 0
0 66 38 0
0 71 71 0
0 71 0 160
0 73 68 0
0 73 0 160
0 74 64 0
0 74 0 160
0 71 70 0
0 71 0 240
0 66 64 0
0 66 0 240
0 66 0 0
0 62 0 0
0 66 47 0
0 61 47 0
0 70 68 0
0 70 0 720
0 70 57 0
0 70 0 240
0 61 0 0
0 66 0 0
0 68 57 0
0 65 36 0
0 68 0 160
0 70 63 0
0 73 45 100
0 73 0 60
0 70 0 0
0 71 51 0
0 71 0 160
0 65 0 0
0 70 60 0
0 70 0 240
0 68 52 0
0 68 0 240
0 73 58 0
0 61 44 0
0 66 44 0
0 70 44 0
0 73 0 720
0 70 48 0
0 70 0 240
0 70 0 0
0 66 0 0
0 61 0 0
0 71 48 0
0 65 34 0
0 71 0 160
0 73 53 0
0 73 0 160
0 77 51 0
0 77 0 160
0 75 53 0
0 75 0 60
0 77 46 0
0 77 0 60
0 75 46 0
0 75 0 120
0 73 51 0
0 73 0 240
0 65 0 0
0 70 34 0
0 61 48 0
0 61 0 160
0 63 53 0
0 63 0 160
0 65 51 0
0 65 0 160
0 63 47 0
0 63 0 40
0 65 37 0
0 65 0 40
0 63 37 0
0 63 0 80
0 61 40 0
0 61 0 160
0 70 0 0
0 70 47 0
0 66 40 0
0 66 0 160
0 70 0 0
0 71 34 0
0 66 48 0
0 66 0 160
0 65 52 0
0 65 0 160
0 63 48 0
0 63 0 160
0 71 0 0
0 65 46 0
0 71 46 0
0 65 0 240
0 61 46 0
0 61 0 240
0 71 0 0
0 66 34 0
0 70 48 0
0 70 0 160
0 71 53 0
0 71 0 160
0 72 54 0
0 72 0 160
0 73 57 0
0 77 46 100
0 77 0 60
0 73 0 0
0 75 49 0
0 75 0 160
0 73 48 0
0 73 0 160
0 66 0 0
0 65 34 0
0 71 48 0
0 71 0 160
0 73 53 0
0 73 0 160
0 77 51 0
0 77 0 160
0 75 55 0
0 75 0 60
0 77 48 0
0 77 0 60
0 75 47 0
0 75 0 120
0 73 51 0
0 73 0 240
0 65 0 0
0 66 44 0
0 61 44 0
0 70 52 0
0 70 0 480
0 61 0 0
0 66 0 0
0 62 44 0
0 66 44 0
0 69 57 0
0 69 0 160
0 74 50 0
0 74 0 160
0 71 50 0
0 71 0 160
0 66 0 0
0 62 0 0
0 62 40 0
0 69 52 0
0 69 0 160
0 67 44 0
0 67 0 160
0 74 44 0
0 74 0 160
0 62 0 0
0 65 47 0
0 61 35 0
0 65 0 240
0 73 49 0
0 73 0 240
0 61 0 0
0 61 44 0
0 66 48 0
0 66 0 480
0 61 0 0
0 60 51 0
0 63 51 0
0 66 60 0
0 66 0 160
0 69 53 0
0 69 0 160
0 67 53 0
0 67 0 160
0 63 0 0
0 60 0 0
0 59 47 0
0 66 56 0
0 66 0 160
0 64 51 0
0 64 0 160
0 71 50 0
0 71 0 160
0 59 0 0
0 64 50 0
0 61 42 0
0 64 0 240
0 65 46 0
0 65 0 240
0 61 0 0
0 57 32 0
0 62 32 0
0 66 51 0
0 66 0 160
0 66 49 0
0 66 0 160
0 66 45 0
0 62 0 40
0 57 0 0
0 66 0 60
0 66 40 0
0 66 0 30
0 69 37 0
0 69 0 30
0 67 53 0
0 67 0 240
0 66 48 0
0 66 0 240
0 66 30 0
0 57 30 0
0 62 30 0
0 69 49 0
0 69 0 720
0 66 0 0
0 57 0 0
0 62 0 0
0 66 47 0
0 74 51 0
0 74 0 120
0 76 57 0
0 76 0 120
0 66 0 0
0 66 49 0
0 78 60 0
0 78 0 360
0 73 51 0
0 76 42 60
0 76 0 60
0 73 0 0
0 74 58 0
0 74 0 240
0 66 0 0
0 71 52 0
0 65 39 0
0 65 0 120
0 66 41 0
0 66 0 120
0 71 0 0
0 61 42 0
0 67 46 0
0 67 0 720
0 61 0 0
0 64 42 0
0 67 46 0
0 67 0 120
0 64 0 0
0 66 42 0
0 69 46 0
0 69 0 120
0 66 0 0
0 67 47 0
0 71 51 0
0 71 0 360
0 67 0 0
0 69 45 0
0 73 49 0
0 73 0 120
0 69 0 0
0 73 48 0
0 76 52 0
0 76 0 240
0 73 0 0
0 71 45 0
0 74 49 0
0 74 0 240
0 71 0 0
0 74 51 0
0 71 47 0
0 71 0 60
0 74 0 0
0 73 41 0
0 76 45 0
0 76 0 60
0 73 0 0
0 71 43 0
0 74 47 0
0 74 0 120
0 71 0 0
0 69 40 0
0 73 40 0
0 73 0 480
0 69 0 0
0 73 47 0
0 76 51 0
0 76 0 120
0 73 0 0
0 67 41 0
0 71 45 0
0 71 0 120
0 67 0 0
0 74 49 0
0 71 45 0
0 71 0 360
0 74 0 0
0 66 40 0
0 69 44 0
0 69 0 90
0 66 0 0
0 69 43 30
0 73 47 0
0 73 0 120
0 69 0 0
0 64 37 120
0 67 40 0
0 67 0 120
0 64 0 0
0 65 41 120
0 71 45 0
0 71 0 240
0 65 0 0
0 66 37 0
0 69 40 0
0 69 0 480
0 66 0 0
0 62 58 0
0 74 58 0
0 74 0 240
0 62 0 0
0 74 62 0
0 64 62 0
0 64 0 160
0 65 56 0
0 65 0 160
0 69 56 0
0 69 0 160
0 70 58 0
0 74 0 160
0 74 62 0
0 70 0 80
0 74 0 80
0 76 64 0
0 76 0 160
0 79 66 0
0 69 66 0
0 79 0 160
0 77 64 0
0 77 0 160
0 72 61 0
0 72 0 160
0 69 0 0
0 69 47 0
0 69 0 40
0 70 39 0
0 70 0 40
0 69 59 0
0 69 0 80
0 67 61 0
0 67 0 160
0 65 58 0
0 65 0 160
0 61 61 0
0 70 58 0
0 61 0 160
0 62 53 0
0 62 0 160
0 66 52 0
0 66 0 160
0 67 58 0
0 70 0 160
0 70 62 0
0 67 0 80
0 70 0 80
0 73 64 0
0 73 0 160
0 76 66 0
0 66 66 0
0 76 0 160
0 74 64 0
0 74 0 160
0 65 61 0
0 65 0 160
0 66 0 0
0 66 56 0
0 69 48 100
0 69 0 60
0 66 0 0
0 62 53 0
0 67 53 0
0 67 0 160
0 66 50 0
0 66 0 160
0 62 0 0
0 60 46 0
0 63 46 0
0 66 54 0
0 66 0 160
0 67 49 0
0 67 0 160
0 69 49 0
0 69 0 160
0 67 52 0
0 67 0 240
0 66 50 0
0 66 0 240
0 63 0 0
0 60 0 0
0 66 54 0
0 59 46 0
0 66 0 160
0 71 52 0
0 71 0 160
0 66 51 0
0 66 0 160
0 64 50 0
0 64 0 240
0 59 0 0
0 61 50 400
0 67 50 0
0 67 0 160
0 66 46 0
0 66 0 160
0 66 50 0
0 66 0 240
0 64 45 0
0 64 0 240
0 61 0 0
0 57 33 360
0 57 0 120
0 62 39 0
0 66 39 0
0 69 39 0
0 69 0 480
0 66 0 0
0 62 0 0
0 57 33 360
0 57 0 120
0 62 39 0
0 66 39 0
0 69 39 0
0 69 0 480
0 66 0 0
0 62 0 0
0 54 27 0
0 57 27 0
0 66 33 0
0 62 33 0
0 62 0 960
0 54 0 0
0 57 0 0
0 66 0 0
0 86 37 0
0 81 37 0
0 74 33 0
0 74 0 960
0 81 0 0
0 86 0 0
0 38 53 0
0 50 53 0
0 50 0 720
0 38 0 0
0 33 51 0
0 45 51 0
0 45 0 240
0 33 0 0
0 38 54 0
0 50 54 0
0 50 0 600
0 38 0 0
0 33 49 0
0 45 49 0
0 45 0 240
0 33 0 0
0 50 44 0
0 56 41 360
0 56 0 51
0 50 0 0
0 57 45 0
0 57 0 194
0 45 45 0
0 45 0 240
0 50 39 0
0 56 46 354
0 56 0 51
0 50 0 0
0 57 50 0
0 57 0 194
0 45 46 0
0 45 0 240
0 50 49 0
0 56 41 340
0 56 0 51
0 50 0 0
0 57 46 0
0 57 0 194
0 51 45 0
0 51 0 240
0 52 45 0
0 56 43 328
0 56 0 56
0 52 0 0
0 57 47 0
0 57 0 194
0 45 45 0
0 45 0 240
0 49 45 0
0 56 46 323
0 56 0 57
0 49 0 0
0 57 52 0
0 57 0 194
0 45 45 0
0 45 0 240
0 52 45 0
0 56 46 323
0 56 0 56
0 52 0 0
0 57 52 0
0 57 0 194
0 45 45 0
0 45 0 240
0 49 45 0
0 56 46 371
0 56 0 57
0 49 0 0
0 57 52 0
0 57 0 194
0 45 45 0
0 45 0 240
0 50 49 0
0 56 45 83
0 56 0 60
0 50 0 0
0 57 48 0
0 57 0 131
0 47 52 0
0 54 52 0
0 54 0 480
0 47 0 0
0 47 31 0
0 53 31 0
0 53 0 346
0 47 0 0
0 47 48 0
0 47 0 272
0 54 44 0
0 54 0 120
0 62 49 0
0 62 0 176
0 54 41 0
0 54 0 240
0 47 51 0
0 47 0 226
0 55 42 0
0 55 0 120
0 62 46 0
0 62 0 120
0 55 45 0
0 55 0 240
0 47 49 0
0 47 0 40
0 53 45 0
0 53 0 160
0 54 45 0
0 54 0 160
0 59 51 0
0 59 0 240
0 62 52 0
0 62 0 131
0 61 56 0
0 61 0 235
0 58 51 0
0 58 0 160
0 59 52 0
0 59 0 148
0 62 47 0
0 62 0 240
0 61 50 0
0 61 0 332
0 54 48 0
0 54 0 339
0 47 36 0
0 53 36 0
0 53 0 360
0 47 0 0
0 40 49 0
0 40 0 92
0 52 42 0
0 52 0 240
0 45 47 0
0 45 0 107
0 56 45 0
0 56 0 133
0 57 43 0
0 61 36 100
0 61 0 60
0 57 0 0
0 59 39 0
0 59 0 240
0 57 42 0
0 57 0 240
0 50 39 0
0 56 38 380
0 56 0 51
0 50 0 0
0 57 44 0
0 57 0 194
0 45 42 0
0 45 0 240
0 50 35 0
0 56 41 331
0 56 0 51
0 50 0 0
0 57 45 0
0 57 0 194
0 45 45 0
0 45 0 240
0 50 47 0
0 56 45 357
0 56 0 51
0 50 0 0
0 57 50 0
0 57 0 194
0 51 44 0
0 51 0 240
0 52 44 0
0 58 40 328
0 58 0 52
0 52 0 0
0 59 45 0
0 59 0 194
0 55 44 0
0 55 0 120
0 52 39 0
0 52 0 120
0 49 44 0
0 49 0 251
0 59 45 0
0 59 0 120
0 67 50 0
0 67 0 141
0 59 44 2
0 59 0 240
0 42 44 0
0 53 42 371
0 53 0 48
0 42 0 0
0 54 47 0
0 54 0 240
0 64 49 0
0 64 0 120
0 57 44 0
0 57 0 120
0 58 51 0
0 66 51 0
0 66 0 324
0 58 0 0
0 54 48 0
0 54 0 332
0 47 50 0
0 54 46 261
0 54 0 63
0 62 50 0
0 62 0 240
0 54 46 0
0 54 0 240
0 47 0 0
0 47 51 0
0 55 45 275
0 55 0 120
0 61 50 0
0 61 0 155
0 55 47 0
0 55 0 240
0 47 0 0
0 47 49 0
0 53 46 100
0 53 0 133
0 54 49 0
0 57 47 100
0 57 0 60
0 54 0 0
0 55 50 0
0 55 0 240
0 54 46 0
0 54 0 240
0 47 0 0
0 47 51 0
0 55 50 275
0 55 0 120
0 61 54 0
0 61 0 106
0 55 47 0
0 55 0 240
0 47 0 0
0 47 49 0
0 53 46 96
0 53 0 133
0 54 49 0
0 57 45 100
0 57 0 60
0 54 0 0
0 55 49 0
0 55 0 240
0 54 43 0
0 54 0 240
0 47 0 0
0 44 48 0
0 49 36 275
0 49 0 120
0 50 42 0
0 50 0 141
0 56 40 0
0 56 0 240
0 44 0 0
0 37 46 0
0 37 0 108
0 48 42 0
0 48 0 133
0 49 41 0
0 53 34 100
0 53 0 60
0 49 0 0
0 51 39 0
0 51 0 240
0 49 43 0
0 49 0 240
0 59 45 0
0 49 45 0
0 59 0 117
0 61 46 0
0 65 28 100
0 65 0 60
0 61 0 0
0 63 32 0
0 63 0 160
0 61 40 0
0 61 0 145
0 59 35 0
0 59 0 240
0 49 0 0
0 42 41 0
0 48 29 323
0 48 0 51
0 49 34 0
0 49 0 240
0 61 36 0
0 61 0 240
0 42 0 0
0 42 45 0
0 49 36 317
0 49 0 120
0 59 38 0
0 59 0 143
0 42 0 0
0 54 33 0
0 54 0 240
0 42 45 0
0 49 36 271
0 49 0 120
0 58 38 0
0 58 0 154
0 42 0 0
0 49 33 0
0 49 0 240
0 42 45 0
0 49 36 245
0 49 0 120
0 56 38 0
0 56 0 148
0 42 0 0
0 49 33 0
0 49 0 240
0 42 45 0
0 49 37 297
0 49 0 120
0 58 44 0
0 58 0 157
0 42 0 0
0 54 33 0
0 54 0 240
0 42 45 0
0 49 36 285
0 49 0 120
0 59 38 0
0 59 0 168
0 42 0 0
0 54 33 0
0 54 0 240
0 42 45 0
0 42 0 353
0 50 35 0
0 60 35 0
0 60 0 381
0 50 0 0
0 55 38 0
0 60 38 0
0 60 0 228
0 59 34 0
0 59 0 160
0 55 0 0
0 49 35 0
0 59 35 0
0 59 0 335
0 49 0 0
0 54 37 0
0 58 37 0
0 58 0 353
0 54 0 0
0 47 35 0
0 57 35 0
0 57 0 332
0 47 0 0
0 52 45 0
0 57 45 0
0 57 0 214
0 55 34 0
0 55 0 160
0 52 0 0
0 45 35 0
0 55 35 0
0 55 0 406
0 45 0 0
0 38 28 0
0 56 33 351
0 56 0 51
0 38 0 0
0 57 36 0
0 57 0 194
0 45 35 0
0 45 0 240
0 38 28 0
0 56 33 297
0 56 0 51
0 38 0 0
0 57 39 0
0 57 0 194
0 45 37 0
0 45 0 240
0 50 38 0
0 56 33 345
0 56 0 51
0 50 0 0
0 57 37 0
0 57 0 194
0 51 36 0
0 51 0 240
0 52 36 0
0 56 35 371
0 56 0 54
0 52 0 0
0 57 39 0
0 57 0 194
0 45 36 0
0 45 0 240
0 49 36 0
0 56 37 311
0 56 0 54
0 49 0 0
0 57 41 0
0 57 0 194
0 45 36 0
0 45 0 240
0 52 36 0
0 56 37 325
0 56 0 54
0 52 0 0
0 57 41 0
0 57 0 194
0 45 36 0
0 45 0 240
0 49 36 0
0 56 33 277
0 56 0 50
0 49 0 0
0 57 38 0
0 57 0 194
0 45 36 0
0 45 0 240
0 50 38 0
0 56 37 83
0 56 0 60
0 50 0 0
0 57 39 0
0 57 0 240
0 54 52 0
0 54 0 68
0 50 48 0
0 50 0 120
0 46 56 0
0 46 0 245
0 53 48 0
0 53 0 120
0 62 60 0
0 62 0 148
0 53 52 0
0 53 0 240
0 41 62 0
0 41 0 293
0 47 48 0
0 47 0 120
0 48 60 0
0 48 0 206
0 57 50 0
0 57 0 240
0 43 56 0
0 43 0 261
0 50 48 0
0 50 0 120
0 58 60 0
0 58 0 141
0 50 53 0
0 50 0 240
0 38 62 0
0 38 0 353
0 44 48 0
0 44 0 60
0 45 56 0
0 45 0 91
0 58 37 0
0 58 0 160
0 57 34 0
0 57 0 160
0 47 37 0
0 57 42 0
0 57 0 804
0 47 0 0
0 52 37 0
0 57 46 0
0 57 0 381
0 55 42 0
0 55 0 226
0 52 0 0
0 45 43 240
0 58 41 103
0 58 0 160
0 57 38 0
0 57 0 160
0 57 42 0
0 57 0 144
0 55 39 0
0 55 0 240
0 45 0 0
0 38 38 0
0 38 0 536
0 33 35 0
0 33 0 240
0 38 38 0
0 38 0 720
0 33 35 0
0 33 0 240
0 38 25 0
0 45 25 0
0 50 30 0
0 50 0 960
0 45 0 0
0 38 0 0
0 62 31 0
0 69 31 0
0 78 35 0
0 78 0 960
0 69 0 0
0 62 0 0
