0 71 58 0
0 71 0 120
0 75 55 120
0 75 0 120
0 78 55 120
0 78 0 120
0 76 59 120
0 76 0 80
0 78 55 0
0 78 0 80
0 76 55 0
0 76 0 80
0 72 59 0
0 72 0 120
0 81 55 120
0 81 0 120
0 71 58 120
0 71 0 120
0 75 55 120
0 75 0 120
0 78 55 120
0 78 0 120
0 76 59 120
0 76 0 80
0 78 55 0
0 78 0 80
0 76 55 0
0 76 0 80
0 72 59 0
0 72 0 120
0 81 53 120
0 81 0 120
0 71 58 120
0 71 0 120
0 75 55 120
0 75 0 120
0 78 55 120
0 78 0 120
0 76 59 120
0 76 0 80
0 78 55 0
0 78 0 80
0 76 55 0
0 76 0 80
0 72 59 0
0 72 0 120
0 81 55 120
0 81 0 120
0 71 58 120
0 71 0 120
0 75 55 120
0 75 0 120
0 78 55 120
0 78 0 120
0 76 59 120
0 76 0 80
0 78 55 0
0 78 0 80
0 76 55 0
0 76 0 80
0 72 59 0
0 72 0 120
0 81 55 120
0 81 0 120
0 71 58 120
0 71 0 120
0 75 55 120
0 75 0 120
0 78 55 120
0 78 0 120
0 76 59 120
0 76 0 80
0 78 55 0
0 78 0 80
0 76 55 0
0 76 0 80
0 72 59 0
0 72 0 120
0 81 55 120
0 81 0 120
0 71 58 120
0 71 0 120
0 75 55 120
0 75 0 120
0 78 55 120
0 78 0 120
0 76 59 120
0 76 0 80
0 78 55 0
0 78 0 80
0 76 55 0
0 76 0 80
0 72 59 0
0 72 0 120
0 81 55 120
0 81 0 120
0 71 58 120
0 71 0 120
0 75 55 120
0 75 0 120
0 78 55 120
0 78 0 120
0 72 63 120
0 72 0 120
0 79 58 120
0 79 0 120
0 84 59 120
0 84 0 120
0 78 71 120
0 78 0 120
0 83 61 120
0 83 0 120
0 90 63 120
0 90 0 120
0 88 74 120
0 88 0 240
0 93 75 0
0 93 0 240
0 100 80 0
0 87 67 180
0 95 74 30
0 100 0 30
0 102 88 0
0 102 0 240
0 95 0 0
0 87 0 0
0 75 72 0
0 75 0 120
0 78 71 120
0 78 0 120
0 76 77 120
0 76 0 80
0 78 70 0
0 78 0 80
0 76 69 0
0 76 0 80
0 72 77 0
0 72 0 120
0 81 71 120
0 81 0 120
0 71 79 120
0 71 0 120
0 75 72 120
0 75 0 120
0 78 71 120
0 78 0 120
0 76 77 120
0 76 0 80
0 78 70 0
0 78 0 80
0 76 69 0
0 76 0 80
0 72 77 0
0 72 0 120
0 81 71 120
0 81 0 120
0 83 74 120
0 78 74 0
0 78 0 240
0 83 0 0
0 80 67 0
0 77 67 0
0 77 0 240
0 80 0 0
0 81 71 0
0 76 71 0
0 76 0 240
0 81 0 0
0 78 67 0
0 75 67 0
0 75 0 240
0 78 0 0
0 74 70 0
0 79 70 0
0 79 0 240
0 74 0 0
0 72 58 0
0 74 58 0
0 74 0 240
0 72 0 0
0 71 69 0
0 74 69 0
0 74 0 120
0 71 0 0
0 67 63 120
0 67 0 120
0 71 60 120
0 71 0 120
0 69 63 120
0 69 0 60
0 69 58 60
0 69 0 60
0 76 64 60
0 76 0 120
0 76 59 120
0 81 59 0
0 81 0 120
0 76 0 0
0 71 58 120
0 71 0 120
0 75 55 120
0 75 0 120
0 78 55 120
0 78 0 120
0 76 59 120
0 76 0 80
0 78 55 0
0 78 0 80
0 76 55 0
0 76 0 80
0 72 59 0
0 72 0 120
0 81 55 120
0 81 0 120
0 71 58 120
0 71 0 120
0 75 55 120
0 75 0 120
0 78 55 120
0 78 0 120
0 76 59 120
0 76 0 80
0 78 55 0
0 78 0 80
0 76 55 0
0 76 0 80
0 72 59 0
0 72 0 120
0 81 55 120
0 81 0 120
0 71 58 120
0 71 0 120
0 75 55 120
0 75 0 120
0 78 55 120
0 78 0 120
0 76 59 120
0 76 0 80
0 78 55 0
0 78 0 80
0 76 55 0
0 76 0 80
0 72 59 0
0 72 0 120
0 81 55 120
0 81 0 120
0 71 58 120
0 71 0 120
0 75 55 120
0 75 0 120
0 78 55 120
0 78 0 120
0 76 59 120
0 76 0 80
0 78 55 0
0 78 0 80
0 76 55 0
0 76 0 80
0 72 59 0
0 72 0 120
0 81 55 120
0 81 0 120
0 71 58 120
0 71 0 120
0 75 55 120
0 75 0 120
0 78 55 120
0 78 0 120
0 72 63 120
0 72 0 120
0 79 58 120
0 79 0 120
0 84 59 120
0 84 0 120
0 78 71 120
0 78 0 120
0 83 61 120
0 83 0 120
0 90 63 120
0 90 0 120
0 88 74 120
0 88 0 240
0 93 75 0
0 93 0 240
0 100 80 0
0 87 67 180
0 95 74 30
0 100 0 30
0 102 88 0
0 102 0 240
0 95 0 0
0 87 0 0
0 75 72 0
0 75 0 120
0 78 71 120
0 78 0 120
0 76 77 120
0 76 0 80
0 78 70 0
0 78 0 80
0 76 69 0
0 76 0 80
0 72 77 0
0 72 0 120
0 81 71 120
0 81 0 120
0 71 79 120
0 71 0 120
0 75 72 120
0 75 0 120
0 78 71 120
0 78 0 120
0 76 77 120
0 76 0 80
0 78 70 0
0 78 0 80
0 76 69 0
0 76 0 80
0 72 77 0
0 72 0 120
0 81 71 120
0 81 0 120
0 75 75 360
0 75 0 120
0 78 74 120
0 78 0 120
0 76 56 120
0 84 72 0
0 84 0 80
0 86 66 0
0 86 0 80
0 84 66 0
0 84 0 80
0 81 73 0
0 81 0 120
0 84 67 120
0 84 0 120
0 76 0 120
0 75 75 240
0 75 0 120
0 78 74 120
0 78 0 120
0 76 56 120
0 84 72 0
0 84 0 80
0 86 66 0
0 86 0 80
0 84 66 0
0 84 0 80
0 81 73 0
0 81 0 120
0 84 67 120
0 84 0 120
0 76 0 120
0 77 67 240
0 80 67 0
0 80 0 240
0 77 0 0
0 81 71 0
0 76 71 0
0 76 0 240
0 81 0 0
0 75 67 0
0 78 67 0
0 78 0 240
0 75 0 0
0 74 70 0
0 79 70 0
0 79 0 240
0 74 0 0
0 72 58 0
0 74 58 0
0 74 0 240
0 72 0 0
0 71 71 0
0 74 71 0
0 74 0 120
0 71 0 0
0 67 64 120
0 67 0 120
0 71 62 120
0 71 0 120
0 69 64 120
0 69 0 60
0 69 60 60
0 69 0 60
0 76 66 60
0 76 0 120
0 76 61 120
0 81 61 0
0 81 0 120
0 76 0 0
0 83 61 120
0 83 0 120
0 85 62 0
0 85 0 120
0 87 64 0
0 87 0 120
0 88 66 0
0 88 0 120
0 90 68 0
0 90 0 120
0 91 69 0
0 91 0 120
0 93 71 0
0 93 0 240
0 91 70 0
0 91 0 80
0 93 66 0
0 93 0 80
0 91 66 0
0 91 0 80
0 90 71 0
0 90 0 120
0 88 66 0
0 88 0 120
0 90 69 0
0 90 0 120
0 91 58 0
0 91 0 120
0 90 62 0
0 90 0 120
0 86 60 0
0 86 0 120
0 83 58 0
0 83 0 240
0 84 58 0
0 84 0 120
0 86 60 0
0 86 0 120
0 88 61 0
0 88 0 120
0 90 63 0
0 90 0 120
0 91 66 0
0 91 0 120
0 88 68 0
0 88 0 120
0 86 70 0
0 86 0 120
0 88 69 0
0 88 0 120
0 86 64 0
0 86 0 120
0 83 60 0
0 83 0 120
0 79 59 0
0 79 0 120
0 81 63 0
0 81 0 120
0 83 68 0
0 83 0 120
0 86 67 0
0 86 0 120
0 84 66 0
0 84 0 120
0 83 64 0
0 83 0 120
0 84 62 0
0 84 0 120
0 88 61 0
0 88 0 120
0 75 45 80
0 83 53 0
0 83 0 80
0 75 0 0
0 71 53 0
0 71 0 80
0 75 45 80
0 83 53 0
0 83 0 80
0 75 0 0
0 71 53 0
0 71 0 80
0 75 45 80
0 83 53 0
0 83 0 80
0 75 0 0
0 71 53 0
0 71 0 80
0 76 45 80
0 81 53 0
0 81 0 80
0 76 0 0
0 72 53 0
0 72 0 80
0 76 45 80
0 81 53 0
0 81 0 80
0 76 0 0
0 72 53 0
0 72 0 80
0 76 45 80
0 81 53 0
0 81 0 80
0 76 0 0
0 72 53 0
0 72 0 80
0 75 45 80
0 83 53 0
0 83 0 80
0 75 0 0
0 71 53 0
0 71 0 80
0 83 53 80
0 75 45 0
0 75 0 80
0 83 0 0
0 71 53 0
0 71 0 80
0 83 53 80
0 75 45 0
0 75 0 80
0 83 0 0
0 71 53 0
0 71 0 80
0 81 53 80
0 76 45 0
0 76 0 80
0 81 0 0
0 72 53 0
0 72 0 80
0 76 45 80
0 81 53 0
0 81 0 80
0 76 0 0
0 72 53 0
0 72 0 80
0 76 45 80
0 81 53 0
0 81 0 80
0 76 0 0
0 72 53 0
0 72 0 80
0 75 45 80
0 83 53 0
0 83 0 80
0 75 0 0
0 71 52 0
0 71 0 80
0 83 53 80
0 75 45 0
0 75 0 80
0 83 0 0
0 71 55 0
0 71 0 80
0 75 46 80
0 83 57 0
0 83 0 80
0 75 0 0
0 71 56 0
0 71 0 80
0 83 57 80
0 75 48 0
0 75 0 80
0 83 0 0
0 71 56 0
0 71 0 80
0 83 53 80
0 75 46 0
0 75 0 80
0 83 0 0
0 71 53 0
0 71 0 80
0 75 44 80
0 83 51 0
0 83 0 80
0 75 0 0
0 71 49 0
0 71 0 80
0 75 41 80
0 83 49 0
0 83 0 80
0 75 0 0
0 71 48 0
0 71 0 80
0 75 39 80
0 83 47 0
0 83 0 80
0 75 0 0
0 71 46 0
0 71 0 80
0 83 46 80
0 75 39 0
0 75 0 80
0 83 0 0
0 71 45 0
0 71 0 80
0 75 37 80
0 83 44 0
0 83 0 80
0 75 0 0
0 71 44 0
0 71 0 80
0 83 42 80
0 75 36 0
0 75 0 80
0 83 0 0
0 71 42 0
0 71 0 80
0 75 35 80
0 83 41 0
0 83 0 80
0 75 0 0
0 71 40 0
0 71 0 78
0 99 41 2
0 90 41 0
0 87 41 0
0 87 0 720
0 90 0 0
0 99 0 0
0 71 58 240
0 71 0 240
0 76 62 0
0 76 0 1200
0 74 56 0
0 74 0 240
0 76 63 0
0 76 0 720
0 74 55 0
0 74 0 240
0 76 61 0
0 76 0 720
0 74 56 0
0 74 0 80
0 76 53 0
0 76 0 80
0 74 50 0
0 74 0 80
0 71 44 0
0 71 0 480
0 59 39 120
0 59 0 120
0 62 39 0
0 62 0 120
0 67 39 0
0 67 0 120
0 71 41 0
0 71 0 120
0 74 40 0
0 74 0 120
0 79 37 0
0 79 0 120
0 83 37 0
0 83 0 120
0 86 41 0
0 86 0 120
0 91 39 0
0 91 0 120
0 95 39 0
0 95 0 120
0 98 39 0
0 98 0 120
0 71 45 240
0 71 0 240
0 76 49 0
0 76 0 720
0 74 46 0
0 74 0 240
0 76 52 0
0 76 0 720
0 74 51 0
0 74 0 240
0 76 56 0
0 76 0 240
0 74 53 0
0 74 0 240
0 76 56 0
0 76 0 120
0 78 52 0
0 78 0 120
0 76 55 0
0 76 0 120
0 74 51 0
0 74 0 120
0 72 47 0
0 72 0 960
0 52 39 120
0 52 0 120
0 55 39 0
0 55 0 120
0 60 39 0
0 60 0 120
0 64 41 0
0 64 0 120
0 67 40 0
0 67 0 120
0 72 37 0
0 72 0 120
0 76 37 0
0 76 0 120
0 79 41 0
0 79 0 120
0 84 39 0
0 84 0 120
0 88 39 0
0 88 0 120
0 100 39 0
0 100 0 120
0 72 50 240
0 72 0 240
0 76 55 0
0 76 0 1200
0 74 55 0
0 74 0 240
0 76 58 0
0 76 0 480
0 78 60 0
0 78 0 240
0 79 62 0
0 79 0 240
0 76 62 0
0 76 0 96
0 78 57 0
0 78 0 96
0 76 60 0
0 76 0 96
0 74 56 0
0 74 0 96
0 72 52 0
0 72 0 96
0 71 49 0
0 71 0 960
0 59 39 120
0 59 0 120
0 62 39 0
0 62 0 120
0 67 39 0
0 67 0 120
0 71 41 0
0 71 0 120
0 74 40 0
0 74 0 120
0 79 37 0
0 79 0 120
0 83 37 0
0 83 0 120
0 86 41 0
0 86 0 120
0 91 39 0
0 91 0 120
0 95 39 0
0 95 0 120
0 98 39 0
0 98 0 120
0 71 55 240
0 71 0 240
0 74 60 0
0 74 0 1200
0 72 56 0
0 72 0 240
0 71 55 0
0 71 0 480
0 69 53 0
0 69 0 240
0 71 53 0
0 71 0 240
0 72 58 0
0 72 0 120
0 74 51 0
0 74 0 120
0 72 56 0
0 72 0 120
0 71 48 0
0 71 0 120
0 69 46 0
0 69 0 960
0 50 39 120
0 50 0 120
0 54 39 0
0 54 0 120
0 60 39 0
0 60 0 120
0 62 41 0
0 62 0 120
0 66 40 0
0 66 0 120
0 72 37 0
0 72 0 120
0 74 37 0
0 74 0 120
0 78 41 0
0 78 0 120
0 84 39 0
0 84 0 120
0 86 39 0
0 86 0 120
0 90 39 0
0 90 0 120
0 72 52 120
0 72 0 120
0 74 55 0
0 74 0 120
0 76 58 0
0 76 0 120
0 78 62 0
0 78 0 80
0 79 49 0
0 79 0 80
0 78 49 0
0 78 0 80
0 76 60 0
0 76 0 120
0 74 50 0
0 74 0 120
0 76 61 0
0 76 0 80
0 78 49 0
0 78 0 80
0 76 48 0
0 76 0 80
0 74 57 0
0 74 0 120
0 72 52 0
0 72 0 120
0 74 52 0
0 74 0 120
0 76 49 0
0 76 0 120
0 74 51 0
0 74 0 120
0 72 45 0
0 72 0 120
0 71 40 0
0 71 0 960
0 59 39 120
0 59 0 120
0 62 39 0
0 62 0 120
0 67 39 0
0 67 0 120
0 71 41 0
0 71 0 120
0 74 40 0
0 74 0 120
0 79 37 0
0 79 0 120
0 83 37 0
0 83 0 120
0 86 41 0
0 86 0 120
0 91 39 0
0 91 0 120
0 95 39 0
0 95 0 120
0 98 39 0
0 98 0 120
0 71 55 0
0 71 0 480
0 76 60 0
0 76 0 960
0 64 47 480
0 64 0 120
0 66 39 0
0 66 0 120
0 69 39 0
0 69 0 120
0 72 39 0
0 72 0 120
0 88 50 480
0 88 0 480
0 74 57 0
0 74 0 480
0 76 61 0
0 76 0 240
0 74 59 0
0 74 0 240
0 72 56 0
0 72 0 240
0 71 52 0
0 71 0 240
0 72 55 0
0 72 0 80
0 74 57 0
0 74 0 80
0 72 57 0
0 72 0 80
0 71 56 0
0 71 0 80
0 69 55 0
0 69 0 80
0 67 53 0
0 67 0 80
0 66 56 0
0 67 56 68
0 66 0 2
0 66 55 67
0 67 0 1
0 64 51 67
0 66 0 2
0 62 51 67
0 64 0 1
0 60 47 67
0 62 0 2
0 62 47 67
0 60 0 1
0 63 49 68
0 62 0 1
0 64 51 47
0 63 0 2
0 66 52 46
0 64 0 2
0 69 55 46
0 66 0 2
0 67 55 46
0 69 0 2
0 66 53 46
0 67 0 2
0 64 52 46
0 66 0 2
0 63 49 46
0 64 0 2
0 64 50 46
0 63 0 2
0 60 45 46
0 64 0 2
0 71 58 46
0 60 0 2
0 71 0 118
0 75 55 120
0 75 0 120
0 78 55 120
0 78 0 120
0 76 59 120
0 76 0 80
0 78 55 0
0 78 0 80
0 76 55 0
0 76 0 80
0 72 59 0
0 72 0 120
0 81 55 120
0 81 0 120
0 71 58 120
0 71 0 120
0 75 55 120
0 75 0 120
0 78 55 120
0 78 0 120
0 76 59 120
0 76 0 80
0 78 55 0
0 78 0 80
0 76 55 0
0 76 0 80
0 72 59 0
0 72 0 120
0 81 53 120
0 81 0 120
0 71 58 120
0 71 0 120
0 75 55 120
0 75 0 120
0 78 55 120
0 78 0 120
0 76 59 120
0 76 0 80
0 78 55 0
0 78 0 80
0 76 55 0
0 76 0 80
0 72 59 0
0 72 0 120
0 81 55 120
0 81 0 120
0 71 58 120
0 71 0 120
0 75 55 120
0 75 0 120
0 78 55 120
0 78 0 120
0 76 59 120
0 76 0 80
0 78 55 0
0 78 0 80
0 76 55 0
0 76 0 80
0 72 59 0
0 72 0 120
0 81 55 120
0 81 0 120
0 71 58 120
0 71 0 120
0 75 55 120
0 75 0 120
0 78 55 120
0 78 0 120
0 76 59 120
0 76 0 80
0 78 55 0
0 78 0 80
0 76 55 0
0 76 0 80
0 72 59 0
0 72 0 120
0 81 55 120
0 81 0 120
0 71 58 120
0 71 0 120
0 75 55 120
0 75 0 120
0 78 55 120
0 78 0 120
0 76 59 120
0 76 0 80
0 78 55 0
0 78 0 80
0 76 55 0
0 76 0 80
0 72 59 0
0 72 0 120
0 81 55 120
0 81 0 120
0 71 58 120
0 71 0 120
0 75 55 120
0 75 0 120
0 78 55 120
0 78 0 120
0 72 63 120
0 72 0 120
0 79 58 120
0 79 0 120
0 84 59 120
0 84 0 120
0 78 71 120
0 78 0 120
0 83 61 120
0 83 0 120
0 90 63 120
0 90 0 120
0 88 74 120
0 88 0 240
0 93 75 0
0 93 0 240
0 100 80 0
0 87 67 180
0 95 74 30
0 100 0 30
0 102 88 0
0 102 0 240
0 95 0 0
0 87 0 0
0 75 72 0
0 75 0 120
0 78 71 120
0 78 0 120
0 76 77 120
0 76 0 80
0 78 70 0
0 78 0 80
0 76 69 0
0 76 0 80
0 72 77 0
0 72 0 120
0 81 71 120
0 81 0 120
0 71 79 120
0 71 0 120
0 75 72 120
0 75 0 120
0 78 71 120
0 78 0 120
0 76 77 120
0 76 0 80
0 78 70 0
0 78 0 80
0 76 69 0
0 76 0 80
0 72 77 0
0 72 0 120
0 81 71 120
0 81 0 120
0 78 74 120
0 83 74 0
0 83 0 240
0 78 0 0
0 77 67 0
0 80 67 0
0 80 0 240
0 77 0 0
0 76 71 0
0 81 71 0
0 81 0 240
0 76 0 0
0 75 67 0
0 78 67 0
0 78 0 240
0 75 0 0
0 74 70 0
0 79 70 0
0 79 0 240
0 74 0 0
0 74 58 0
0 72 58 0
0 72 0 240
0 74 0 0
0 71 69 0
0 74 69 0
0 74 0 120
0 71 0 0
0 67 63 120
0 67 0 120
0 71 60 120
0 71 0 120
0 69 63 120
0 69 0 60
0 69 58 60
0 69 0 60
0 76 64 60
0 76 0 120
0 81 59 120
0 76 59 0
0 76 0 120
0 81 0 0
0 71 58 120
0 71 0 120
0 75 55 120
0 75 0 120
0 78 55 120
0 78 0 120
0 76 59 120
0 76 0 80
0 78 55 0
0 78 0 80
0 76 55 0
0 76 0 80
0 72 59 0
0 72 0 120
0 81 55 120
0 81 0 120
0 71 58 120
0 71 0 120
0 75 55 120
0 75 0 120
0 78 55 120
0 78 0 120
0 76 59 120
0 76 0 80
0 78 55 0
0 78 0 80
0 76 55 0
0 76 0 80
0 72 59 0
0 72 0 120
0 81 55 120
0 81 0 120
0 71 58 120
0 71 0 120
0 75 55 120
0 75 0 120
0 78 55 120
0 78 0 120
0 76 59 120
0 76 0 80
0 78 55 0
0 78 0 80
0 76 55 0
0 76 0 80
0 72 59 0
0 72 0 120
0 81 55 120
0 81 0 120
0 71 58 120
0 71 0 120
0 75 55 120
0 75 0 120
0 78 55 120
0 78 0 120
0 76 59 120
0 76 0 80
0 78 55 0
0 78 0 80
0 76 55 0
0 76 0 80
0 72 59 0
0 72 0 120
0 81 55 120
0 81 0 120
0 71 58 120
0 71 0 120
0 75 55 120
0 75 0 120
0 78 55 120
0 78 0 120
0 72 63 120
0 72 0 120
0 79 58 120
0 79 0 120
0 84 59 120
0 84 0 120
0 78 71 120
0 78 0 120
0 83 61 120
0 83 0 120
0 90 63 120
0 90 0 120
0 88 74 120
0 88 0 240
0 93 75 0
0 93 0 240
0 100 80 0
0 87 67 180
0 95 74 30
0 100 0 30
0 102 88 0
0 102 0 240
0 95 0 0
0 87 0 0
0 75 72 0
0 75 0 120
0 78 71 120
0 78 0 120
0 76 77 120
0 76 0 80
0 78 70 0
0 78 0 80
0 76 69 0
0 76 0 80
0 72 77 0
0 72 0 120
0 81 71 120
0 81 0 120
0 71 79 120
0 71 0 120
0 75 72 120
0 75 0 120
0 78 71 120
0 78 0 120
0 76 77 120
0 76 0 80
0 78 70 0
0 78 0 80
0 76 69 0
0 76 0 80
0 72 77 0
0 72 0 120
0 81 71 120
0 81 0 120
0 75 75 360
0 75 0 120
0 78 74 120
0 78 0 120
0 76 56 120
0 84 72 0
0 84 0 80
0 86 66 0
0 86 0 80
0 84 66 0
0 84 0 80
0 81 73 0
0 81 0 120
0 84 67 120
0 84 0 120
0 76 0 120
0 75 75 240
0 75 0 120
0 78 74 120
0 78 0 120
0 76 56 120
0 84 72 0
0 84 0 80
0 86 66 0
0 86 0 80
0 84 66 0
0 84 0 80
0 81 73 0
0 81 0 120
0 84 67 120
0 84 0 120
0 76 0 120
0 77 67 240
0 80 67 0
0 80 0 240
0 77 0 0
0 81 71 0
0 76 71 0
0 76 0 240
0 81 0 0
0 75 67 0
0 78 67 0
0 78 0 240
0 75 0 0
0 74 70 0
0 79 70 0
0 79 0 240
0 74 0 0
0 74 58 0
0 72 58 0
0 72 0 240
0 74 0 0
0 74 71 0
0 71 71 0
0 71 0 120
0 74 0 0
0 67 64 120
0 67 0 120
0 71 62 120
0 71 0 120
0 69 64 120
0 69 0 60
0 69 60 60
0 69 0 60
0 76 66 60
0 76 0 120
0 81 61 120
0 76 61 0
0 76 0 120
0 81 0 0
0 83 61 120
0 83 0 120
0 85 62 0
0 85 0 120
0 87 64 0
0 87 0 120
0 88 66 0
0 88 0 120
0 90 68 0
0 90 0 120
0 91 69 0
0 91 0 120
0 93 71 0
0 93 0 240
0 91 70 0
0 91 0 80
0 93 66 0
0 93 0 80
0 91 66 0
0 91 0 80
0 90 71 0
0 90 0 120
0 88 66 0
0 88 0 120
0 90 69 0
0 90 0 120
0 91 58 0
0 91 0 120
0 90 62 0
0 90 0 120
0 86 60 0
0 86 0 120
0 83 58 0
0 83 0 240
0 84 58 0
0 84 0 120
0 86 60 0
0 86 0 120
0 88 61 0
0 88 0 120
0 90 63 0
0 90 0 120
0 91 66 0
0 91 0 120
0 88 68 0
0 88 0 120
0 86 70 0
0 86 0 120
0 88 69 0
0 88 0 120
0 86 64 0
0 86 0 120
0 83 60 0
0 83 0 120
0 79 59 0
0 79 0 120
0 81 63 0
0 81 0 120
0 83 68 0
0 83 0 120
0 86 67 0
0 86 0 120
0 84 66 0
0 84 0 120
0 83 64 0
0 83 0 120
0 84 62 0
0 84 0 120
0 88 61 0
0 88 0 120
0 75 45 80
0 83 53 0
0 83 0 80
0 75 0 0
0 71 53 0
0 71 0 80
0 83 53 80
0 75 45 0
0 75 0 80
0 83 0 0
0 71 53 0
0 71 0 80
0 75 45 80
0 83 53 0
0 83 0 80
0 75 0 0
0 71 53 0
0 71 0 80
0 76 45 80
0 81 53 0
0 81 0 80
0 76 0 0
0 72 53 0
0 72 0 80
0 81 53 80
0 76 45 0
0 76 0 80
0 81 0 0
0 72 53 0
0 72 0 80
0 76 45 80
0 81 53 0
0 81 0 80
0 76 0 0
0 72 53 0
0 72 0 80
0 83 53 80
0 75 45 0
0 75 0 80
0 83 0 0
0 71 53 0
0 71 0 80
0 75 45 80
0 83 53 0
0 83 0 80
0 75 0 0
0 71 53 0
0 71 0 80
0 75 45 80
0 83 53 0
0 83 0 80
0 75 0 0
0 71 53 0
0 71 0 80
0 81 53 80
0 76 45 0
0 76 0 80
0 81 0 0
0 72 53 0
0 72 0 80
0 81 53 80
0 76 45 0
0 76 0 80
0 81 0 0
0 72 53 0
0 72 0 80
0 81 53 80
0 76 45 0
0 76 0 80
0 81 0 0
0 72 53 0
0 72 0 80
0 75 45 80
0 83 53 0
0 83 0 80
0 75 0 0
0 71 52 0
0 71 0 80
0 75 45 80
0 83 53 0
0 83 0 80
0 75 0 0
0 71 55 0
0 71 0 80
0 75 46 80
0 83 57 0
0 83 0 80
0 75 0 0
0 71 56 0
0 71 0 80
0 75 48 80
0 83 57 0
0 83 0 80
0 75 0 0
0 71 56 0
0 71 0 80
0 83 53 80
0 75 46 0
0 75 0 80
0 83 0 0
0 71 53 0
0 71 0 80
0 75 44 80
0 83 51 0
0 83 0 80
0 75 0 0
0 71 49 0
0 71 0 80
0 83 49 80
0 75 41 0
0 75 0 80
0 83 0 0
0 71 48 0
0 71 0 80
0 83 47 80
0 75 39 0
0 75 0 80
0 83 0 0
0 71 46 0
0 71 0 80
0 75 39 80
0 83 46 0
0 83 0 80
0 75 0 0
0 71 45 0
0 71 0 80
0 75 37 80
0 83 44 0
0 83 0 80
0 75 0 0
0 71 44 0
0 71 0 80
0 83 42 80
0 75 36 0
0 75 0 80
0 83 0 0
0 71 42 0
0 71 0 80
0 83 41 80
0 75 35 0
0 75 0 80
0 83 0 0
0 71 40 0
0 71 0 78
0 90 41 2
0 87 41 0
0 99 41 0
0 99 0 720
0 87 0 0
0 90 0 0
0 71 46 0
0 71 0 480
0 69 49 0
0 69 0 480
0 67 47 0
0 67 0 96
0 69 45 24
0 69 0 96
0 71 46 24
0 71 0 96
0 72 45 24
0 72 0 96
0 63 37 24
0 71 45 0
0 71 0 480
0 63 0 0
0 87 44 0
0 78 36 0
0 75 36 0
0 75 0 960
0 78 0 0
0 87 0 0
0 59 49 0
0 59 0 120
0 63 46 120
0 63 0 120
0 66 46 120
0 66 0 120
0 64 49 120
0 64 0 80
0 66 46 0
0 66 0 80
0 64 46 0
0 64 0 80
0 60 49 0
0 60 0 120
0 69 46 120
0 69 0 120
0 59 49 120
0 59 0 120
0 63 46 120
0 63 0 120
0 66 46 120
0 66 0 120
0 64 49 120
0 64 0 80
0 66 46 0
0 66 0 80
0 64 46 0
0 64 0 80
0 60 49 0
0 60 0 120
0 69 46 120
0 69 0 120
0 59 49 60
0 59 0 60
0 66 49 0
0 66 0 788
0 67 52 7
0 67 0 240
0 66 49 7
0 69 49 226
0 66 0 6
0 69 0 399
0 67 49 0
0 67 0 80
0 69 45 0
0 69 0 80
0 67 45 0
0 67 0 80
0 66 49 0
0 66 0 628
0 64 49 0
0 64 0 554
0 66 51 0
0 66 0 60
0 64 53 0
0 64 0 60
0 62 56 0
0 62 0 607
0 60 60 0
0 66 60 0
0 66 0 26
0 60 0 0
0 59 70 0
0 69 61 240
0 69 0 99
0 66 61 120
0 66 0 120
0 67 71 120
0 67 0 120
0 64 64 120
0 64 0 120
0 67 64 120
0 67 0 120
0 66 69 120
0 66 0 120
0 69 61 120
0 69 0 120
0 66 61 120
0 66 0 120
0 67 69 120
0 67 0 120
0 64 64 120
0 64 0 120
0 67 64 120
0 67 0 120
0 59 0 120
0 63 62 0
0 63 0 194
0 62 61 0
0 62 0 240
0 61 59 0
0 61 0 103
0 60 53 0
0 60 0 240
0 59 56 0
0 59 0 137
0 54 50 0
0 54 0 240
0 55 55 0
0 55 0 120
0 59 50 120
0 59 0 120
0 55 50 120
0 55 0 120
0 60 61 120
0 60 0 120
0 66 57 120
0 66 0 120
0 60 57 120
0 60 0 120
0 59 49 60
0 59 0 60
0 66 49 0
0 66 0 857
0 67 52 0
0 67 0 240
0 66 49 0
0 66 0 240
0 69 49 0
0 69 0 399
0 67 49 0
0 67 0 80
0 69 45 0
0 69 0 80
0 67 45 0
0 67 0 80
0 66 49 0
0 66 0 617
0 64 49 0
0 64 0 508
0 66 51 0
0 66 0 60
0 64 53 0
0 64 0 60
0 62 56 0
0 62 0 522
0 60 60 0
0 66 60 0
0 66 0 631
0 60 0 0
0 59 70 0
0 69 61 183
0 69 0 99
0 66 61 120
0 66 0 120
0 67 71 120
0 67 0 120
0 64 64 120
0 64 0 120
0 67 64 120
0 67 0 120
0 66 69 120
0 66 0 120
0 69 61 120
0 69 0 120
0 66 61 120
0 66 0 120
0 67 69 120
0 67 0 120
0 64 64 120
0 64 0 120
0 67 64 120
0 67 0 120
0 59 0 40
0 59 62 18
0 59 0 60
0 71 82 0
0 71 0 720
0 69 61 0
0 69 0 166
0 66 56 0
0 66 0 240
0 69 55 0
0 69 0 240
0 71 82 0
0 71 0 583
0 69 61 0
0 69 0 176
0 66 56 0
0 66 0 240
0 69 55 0
0 69 0 240
0 71 62 0
0 71 0 103
0 74 61 0
0 74 0 240
0 73 59 0
0 73 0 137
0 72 53 0
0 72 0 240
0 71 56 0
0 71 0 68
0 66 50 0
0 66 0 240
0 55 57 0
0 55 0 120
0 59 51 120
0 59 0 120
0 55 51 120
0 55 0 120
0 60 62 120
0 60 0 120
0 66 59 120
0 66 0 120
0 60 59 120
0 60 0 120
0 59 48 120
0 59 0 63
0 61 49 0
0 61 0 120
0 63 51 0
0 63 0 120
0 64 52 0
0 64 0 120
0 66 53 0
0 66 0 120
0 67 55 0
0 67 0 120
0 69 57 0
0 69 0 166
0 67 56 0
0 67 0 80
0 69 52 0
0 69 0 80
0 67 52 0
0 67 0 80
0 66 57 0
0 66 0 120
0 64 52 0
0 64 0 120
0 66 55 0
0 66 0 28
0 67 46 0
0 67 0 120
0 66 49 0
0 66 0 120
0 62 48 0
0 62 0 120
0 59 46 0
0 59 0 240
0 60 46 0
0 60 0 35
0 62 48 0
0 62 0 120
0 64 48 0
0 64 0 120
0 66 50 0
0 66 0 120
0 67 52 0
0 67 0 120
0 64 53 0
0 64 0 120
0 62 56 0
0 62 0 35
0 64 55 0
0 64 0 120
0 62 51 0
0 62 0 120
0 59 48 0
0 59 0 120
0 55 47 0
0 55 0 14
0 57 50 0
0 57 0 120
0 59 53 0
0 59 0 120
0 62 52 0
0 62 0 120
0 60 52 0
0 60 0 120
0 59 51 0
0 59 0 120
0 60 49 0
0 60 0 120
0 64 48 0
0 64 0 120
0 59 59 0
0 59 0 78
0 66 53 120
0 66 0 120
0 75 66 120
0 75 0 60
0 59 57 180
0 59 0 85
0 66 53 120
0 66 0 120
0 76 53 120
0 76 0 60
0 59 59 180
0 59 0 78
0 66 53 120
0 66 0 120
0 75 66 120
0 75 0 60
0 59 57 180
0 59 0 40
0 66 53 120
0 66 0 120
0 76 53 120
0 76 0 60
0 59 59 180
0 59 0 78
0 66 55 120
0 66 0 120
0 75 68 120
0 75 0 60
0 78 64 180
0 78 0 120
0 75 55 120
0 75 0 60
0 78 53 180
0 78 0 120
0 75 55 120
0 75 0 60
0 78 47 180
0 78 0 120
0 75 47 120
0 75 0 60
0 78 50 180
0 78 0 120
0 75 42 120
0 75 0 60
0 78 42 180
0 78 0 120
0 83 37 120
0 78 37 0
0 71 37 0
0 71 0 546
0 78 0 0
0 83 0 0
0 43 32 346
0 43 0 7
0 50 29 0
0 50 0 120
0 55 29 0
0 55 0 120
0 59 29 0
0 59 0 120
0 62 32 0
0 62 0 120
0 67 27 0
0 67 0 120
0 71 27 0
0 71 0 120
0 74 27 0
0 74 0 120
0 79 30 0
0 79 0 120
0 83 27 0
0 83 0 120
0 86 27 0
0 86 0 120
0 91 27 0
0 91 0 120
0 36 32 791
0 36 0 7
0 43 29 0
0 43 0 120
0 48 29 0
0 48 0 120
0 52 29 0
0 52 0 120
0 55 32 0
0 55 0 120
0 60 27 0
0 60 0 120
0 64 27 0
0 64 0 120
0 67 27 0
0 67 0 120
0 72 30 0
0 72 0 120
0 76 27 0
0 76 0 120
0 79 27 0
0 79 0 120
0 84 27 0
0 84 0 120
0 43 32 840
0 43 0 112
0 50 29 0
0 50 0 92
0 55 29 0
0 55 0 120
0 59 29 0
0 59 0 120
0 62 32 0
0 62 0 120
0 67 27 0
0 67 0 120
0 71 27 0
0 71 0 120
0 74 27 0
0 74 0 120
0 79 30 0
0 79 0 120
0 83 27 0
0 83 0 120
0 86 27 0
0 86 0 120
0 91 27 0
0 91 0 120
0 38 32 791
0 38 0 28
0 45 29 0
0 45 0 120
0 50 29 0
0 50 0 120
0 54 29 0
0 54 0 120
0 57 32 0
0 57 0 120
0 62 27 0
0 62 0 120
0 66 27 0
0 66 0 120
0 69 27 0
0 69 0 120
0 74 30 0
0 74 0 120
0 78 27 0
0 78 0 120
0 81 27 0
0 81 0 120
0 84 27 0
0 84 0 120
0 43 32 762
0 43 0 111
0 50 29 0
0 50 0 92
0 55 29 0
0 55 0 120
0 59 29 0
0 59 0 120
0 62 32 0
0 62 0 120
0 67 27 0
0 67 0 120
0 71 27 0
0 71 0 120
0 74 27 0
0 74 0 120
0 79 30 0
0 79 0 120
0 83 27 0
0 83 0 120
0 86 27 0
0 86 0 120
0 91 27 0
0 91 0 120
0 45 42 1146
0 45 0 42
0 54 38 0
0 54 0 120
0 57 38 0
0 57 0 120
0 60 38 0
0 60 0 120
0 76 48 480
0 76 0 120
0 78 41 0
0 78 0 120
0 81 42 0
0 81 0 120
0 84 42 0
0 84 0 120
0 59 49 0
0 59 0 120
0 63 46 120
0 63 0 120
0 66 46 120
0 66 0 120
0 64 49 120
0 64 0 80
0 66 46 0
0 66 0 80
0 64 46 0
0 64 0 80
0 60 49 0
0 60 0 120
0 69 46 120
0 69 0 120
0 59 49 120
0 59 0 120
0 63 46 120
0 63 0 120
0 66 46 120
0 66 0 120
0 64 49 120
0 64 0 80
0 66 46 0
0 66 0 80
0 64 46 0
0 64 0 80
0 60 49 0
0 60 0 120
0 69 46 120
0 69 0 120
0 59 49 60
0 59 0 60
0 66 49 0
0 66 0 857
0 67 52 0
0 67 0 240
0 66 49 0
0 66 0 240
0 69 49 0
0 69 0 384
0 67 49 0
0 67 0 80
0 69 45 0
0 69 0 80
0 67 45 0
0 67 0 80
0 66 49 0
0 66 0 605
0 64 49 0
0 64 0 480
0 66 51 0
0 66 0 60
0 64 53 0
0 64 0 60
0 62 56 0
0 62 0 607
0 60 60 0
0 66 60 0
0 66 0 663
0 60 0 0
0 59 70 0
0 69 61 180
0 69 0 99
0 66 61 120
0 66 0 120
0 67 71 120
0 67 0 120
0 64 64 120
0 64 0 120
0 67 64 120
0 67 0 120
0 66 69 120
0 66 0 120
0 69 61 120
0 69 0 120
0 66 61 120
0 66 0 120
0 67 69 120
0 67 0 120
0 64 64 120
0 64 0 120
0 67 64 120
0 67 0 120
0 59 0 120
0 63 62 0
0 63 0 148
0 62 61 0
0 62 0 240
0 61 59 0
0 61 0 91
0 60 53 0
0 60 0 240
0 59 56 0
0 59 0 103
0 54 50 0
0 54 0 240
0 55 55 0
0 55 0 120
0 59 50 120
0 59 0 120
0 55 50 120
0 55 0 120
0 60 61 120
0 60 0 120
0 66 57 120
0 66 0 120
0 60 57 120
0 60 0 120
0 59 49 60
0 59 0 60
0 66 49 0
0 66 0 857
0 67 52 0
0 67 0 240
0 66 49 0
0 66 0 240
0 69 49 0
0 69 0 395
0 67 49 0
0 67 0 80
0 69 45 0
0 69 0 80
0 67 45 0
0 67 0 80
0 66 49 0
0 66 0 600
0 64 49 0
0 64 0 508
0 66 51 0
0 66 0 60
0 64 53 0
0 64 0 60
0 62 56 0
0 62 0 572
0 60 60 0
0 66 60 0
0 66 0 663
0 60 0 0
0 59 70 0
0 69 61 176
0 69 0 99
0 66 61 120
0 66 0 120
0 67 71 120
0 67 0 120
0 64 64 120
0 64 0 120
0 67 64 120
0 67 0 120
0 66 69 120
0 66 0 120
0 69 61 120
0 69 0 120
0 66 61 120
0 66 0 120
0 67 69 120
0 67 0 120
0 64 64 120
0 64 0 120
0 67 64 120
0 67 0 120
0 59 0 40
0 59 62 18
0 59 0 60
0 71 82 0
0 71 0 720
0 69 61 0
0 69 0 180
0 66 56 0
0 66 0 240
0 69 55 0
0 69 0 240
0 71 82 0
0 71 0 623
0 69 61 0
0 69 0 190
0 66 56 0
0 66 0 240
0 69 55 0
0 69 0 240
0 71 62 0
0 71 0 114
0 74 61 0
0 74 0 240
0 73 59 0
0 73 0 125
0 72 53 0
0 72 0 240
0 71 56 0
0 71 0 125
0 66 50 0
0 66 0 240
0 55 57 0
0 55 0 106
0 59 51 120
0 59 0 120
0 55 51 120
0 55 0 120
0 60 62 120
0 60 0 120
0 66 59 120
0 66 0 120
0 60 59 120
0 60 0 120
0 59 48 120
0 59 0 57
0 61 49 0
0 61 0 120
0 63 51 0
0 63 0 120
0 64 52 0
0 64 0 120
0 66 53 0
0 66 0 120
0 67 55 0
0 67 0 120
0 69 57 0
0 69 0 166
0 67 56 0
0 67 0 80
0 69 52 0
0 69 0 80
0 67 52 0
0 67 0 80
0 66 57 0
0 66 0 120
0 64 52 0
0 64 0 120
0 66 55 0
0 66 0 7
0 67 46 0
0 67 0 120
0 66 49 0
0 66 0 120
0 62 48 0
0 62 0 120
0 59 46 0
0 59 0 240
0 60 46 0
0 60 0 42
0 62 48 0
0 62 0 120
0 64 48 0
0 64 0 120
0 66 50 0
0 66 0 120
0 67 52 0
0 67 0 120
0 64 53 0
0 64 0 120
0 62 56 0
0 62 0 21
0 64 55 0
0 64 0 120
0 62 51 0
0 62 0 120
0 59 48 0
0 59 0 120
0 55 47 0
0 55 0 21
0 57 50 0
0 57 0 120
0 59 53 0
0 59 0 120
0 62 52 0
0 62 0 120
0 60 52 0
0 60 0 120
0 59 51 0
0 59 0 120
0 60 49 0
0 60 0 120
0 64 48 0
0 64 0 120
0 59 59 0
0 59 0 78
0 66 53 120
0 66 0 120
0 75 66 120
0 75 0 60
0 59 57 180
0 59 0 60
0 66 53 120
0 66 0 120
0 76 53 120
0 76 0 60
0 59 59 180
0 59 0 78
0 66 53 120
0 66 0 120
0 75 66 120
0 75 0 60
0 59 57 180
0 59 0 40
0 66 53 120
0 66 0 120
0 76 53 120
0 76 0 60
0 59 59 180
0 59 0 78
0 66 55 120
0 66 0 120
0 75 68 120
0 75 0 60
0 78 64 180
0 78 0 120
0 75 55 120
0 75 0 60
0 78 53 180
0 78 0 120
0 75 55 120
0 75 0 60
0 78 47 180
0 78 0 120
0 75 47 120
0 75 0 60
0 78 50 180
0 78 0 120
0 75 42 120
0 75 0 60
0 78 42 180
0 78 0 120
0 83 37 0
0 78 37 0
0 71 37 0
0 71 0 544
0 78 0 2
0 83 0 0
0 48 49 0
0 48 0 57
0 54 44 0
0 54 0 96
0 60 40 0
0 60 0 96
0 64 44 0
0 64 0 96
0 66 47 0
0 66 0 96
0 47 27 392
0 54 32 0
0 54 0 205
0 47 0 0
0 59 27 0
0 66 27 0
0 71 32 0
0 71 0 960
0 66 0 0
0 59 0 0
