0 79 60 0
0 79 0 120
0 74 57 120
0 74 0 120
0 75 60 120
0 75 0 120
0 79 57 120
0 79 0 120
0 78 64 120
0 78 0 120
0 81 59 120
0 81 0 120
0 79 64 120
0 79 0 80
0 81 54 0
0 81 0 80
0 79 54 0
0 79 0 80
0 78 58 0
0 78 0 120
0 79 63 120
0 79 0 120
0 82 60 120
0 82 0 120
0 81 63 120
0 74 63 0
0 74 0 120
0 81 0 0
0 84 60 120
0 84 0 120
0 82 64 120
0 82 0 120
0 89 63 120
0 80 63 0
0 86 63 0
0 86 0 120
0 80 0 0
0 89 0 0
0 88 61 120
0 79 61 0
0 84 61 0
0 84 0 120
0 79 0 0
0 88 0 0
0 78 60 120
0 87 60 0
0 84 60 0
0 84 0 120
0 87 0 0
0 78 0 0
0 79 58 120
0 86 58 0
0 86 0 120
0 79 0 0
0 74 57 120
0 81 57 0
0 84 57 0
0 84 0 120
0 81 0 0
0 74 0 0
0 79 59 120
0 74 59 0
0 82 65 0
0 82 0 240
0 74 0 0
0 79 0 0
0 71 60 0
0 80 60 0
0 80 0 240
0 71 0 0
0 79 57 0
0 72 57 0
0 72 0 240
0 73 60 0
0 73 0 240
0 74 62 0
0 74 0 240
0 79 0 0
0 79 67 0
0 75 67 0
0 82 67 0
0 82 0 240
0 75 0 0
0 79 0 0
0 79 70 0
0 70 70 0
0 74 70 0
0 82 70 0
0 82 0 960
0 79 0 0
0 70 0 0
0 74 0 0
0 70 67 0
0 74 67 0
0 74 0 480
0 70 0 0
0 72 61 0
0 69 61 0
0 69 0 120
0 72 0 0
0 72 64 120
0 75 64 0
0 75 0 120
0 72 0 0
0 77 69 120
0 81 69 0
0 81 0 240
0 77 0 0
0 74 70 240
0 77 70 0
0 77 0 120
0 74 0 0
0 70 65 120
0 74 65 0
0 74 0 120
0 70 0 0
0 70 68 120
0 67 68 0
0 67 0 120
0 70 0 0
0 79 63 120
0 75 63 0
0 75 0 120
0 79 0 0
0 75 67 120
0 72 67 0
0 72 0 120
0 75 0 0
0 69 63 120
0 72 63 0
0 72 0 120
0 69 0 0
0 69 67 120
0 66 67 0
0 66 0 120
0 69 0 0
0 74 64 120
0 77 64 0
0 77 0 120
0 74 0 0
0 70 70 120
0 74 70 0
0 74 0 120
0 70 0 0
0 67 66 120
0 70 66 0
0 70 0 120
0 67 0 0
0 63 69 120
0 67 69 0
0 67 0 240
0 70 63 0
0 70 0 240
0 63 0 0
0 66 56 0
0 69 65 0
0 60 55 0
0 69 0 240
0 74 56 0
0 74 0 240
0 60 0 0
0 66 0 0
0 74 68 0
0 74 0 1440
0 72 64 240
0 72 0 80
0 74 61 0
0 74 0 80
0 72 61 0
0 72 0 80
0 71 64 0
0 71 0 240
0 72 61 0
0 72 0 240
0 74 64 0
0 74 0 240
0 75 62 0
0 75 0 240
0 70 61 0
0 67 61 0
0 67 0 240
0 70 0 0
0 72 63 0
0 72 0 240
0 73 66 0
0 73 0 240
0 74 69 0
0 74 0 240
0 79 70 0
0 79 0 240
0 74 66 0
0 74 0 240
0 70 68 0
0 66 68 0
0 66 0 960
0 70 0 0
0 69 68 0
0 69 0 420
0 67 55 0
0 74 56 30
0 79 60 30
0 79 0 240
0 74 0 0
0 67 0 0
0 74 57 0
0 74 0 120
0 75 60 120
0 75 0 120
0 79 57 120
0 79 0 120
0 78 64 120
0 78 0 120
0 81 59 120
0 81 0 120
0 79 64 120
0 79 0 80
0 81 54 0
0 81 0 80
0 79 54 0
0 79 0 80
0 78 59 0
0 78 0 120
0 79 66 120
0 79 0 120
0 82 64 120
0 82 0 120
0 81 69 120
0 74 61 0
0 74 0 120
0 81 0 0
0 86 71 120
0 86 0 120
0 77 68 120
0 77 0 960
0 75 68 0
0 75 0 480
0 74 64 0
0 74 0 80
0 75 55 0
0 75 0 80
0 74 55 0
0 74 0 80
0 72 59 0
0 72 0 240
0 71 64 0
0 71 0 240
0 72 58 0
0 72 0 240
0 74 64 0
0 74 0 240
0 75 58 0
0 75 0 240
0 74 69 0
0 74 0 960
0 68 47 0
0 73 59 0
0 73 0 240
0 74 56 0
0 74 0 240
0 68 0 0
0 67 46 0
0 77 59 0
0 77 0 240
0 75 57 0
0 75 0 240
0 74 64 0
0 74 0 240
0 75 61 0
0 75 0 240
0 72 69 0
0 72 0 240
0 67 66 0
0 67 0 240
0 67 0 0
0 70 64 0
0 65 63 0
0 74 70 0
0 74 0 240
0 65 0 0
0 70 0 0
0 77 57 0
0 77 0 120
0 78 60 120
0 78 0 120
0 82 57 120
0 82 0 120
0 81 64 120
0 81 0 120
0 84 59 120
0 84 0 120
0 82 64 120
0 82 0 80
0 84 54 0
0 84 0 80
0 82 54 0
0 82 0 80
0 81 58 0
0 81 0 120
0 82 63 120
0 82 0 120
0 86 63 120
0 86 0 120
0 84 63 120
0 77 58 0
0 77 0 120
0 84 0 0
0 89 60 120
0 89 0 120
0 70 64 360
0 70 0 240
0 72 64 0
0 72 0 240
0 74 61 0
0 74 0 240
0 77 64 0
0 77 0 240
0 75 62 0
0 75 0 240
0 74 61 0
0 74 0 80
0 75 56 0
0 75 0 80
0 74 55 0
0 74 0 80
0 71 59 0
0 71 0 240
0 70 63 0
0 70 0 240
0 68 57 0
0 68 0 240
0 66 65 0
0 66 0 240
0 70 58 0
0 70 0 180
0 70 60 0
0 70 0 60
0 65 65 0
0 65 0 960
0 68 56 0
0 70 56 0
0 70 0 480
0 68 0 0
0 70 57 0
0 66 41 0
0 66 0 960
0 70 0 0
0 69 67 0
0 69 0 240
0 75 64 0
0 75 0 240
0 70 64 240
0 70 0 240
0 71 64 0
0 71 0 240
0 74 61 0
0 74 0 240
0 77 67 0
0 77 0 240
0 78 67 0
0 78 0 240
0 77 61 0
0 70 41 0
0 77 0 80
0 78 51 0
0 78 0 80
0 77 51 0
0 77 0 80
0 70 0 0
0 75 54 0
0 75 0 240
0 71 65 0
0 71 0 240
0 70 58 0
0 70 0 240
0 66 65 0
0 66 0 240
0 70 58 0
0 70 0 180
0 70 60 0
0 70 0 60
0 65 63 0
0 65 0 960
0 68 56 0
0 70 56 0
0 70 0 480
0 68 0 0
0 66 48 0
0 70 65 0
0 66 0 958
0 70 0 2
0 69 67 0
0 69 0 240
0 75 64 0
0 75 0 240
0 74 64 0
0 74 0 960
0 72 64 720
0 72 0 80
0 74 54 0
0 74 0 80
0 72 54 0
0 72 0 80
0 71 58 0
0 71 0 240
0 72 61 0
0 72 0 240
0 74 64 0
0 74 0 240
0 75 62 0
0 75 0 240
0 67 61 0
0 70 61 0
0 70 0 240
0 67 0 0
0 72 63 0
0 72 0 240
0 73 66 0
0 73 0 240
0 74 69 0
0 74 0 240
0 79 70 0
0 79 0 240
0 74 66 0
0 74 0 240
0 70 68 0
0 66 59 0
0 66 0 960
0 70 0 0
0 69 65 0
0 69 0 420
0 67 55 0
0 74 56 30
0 79 60 30
0 79 0 240
0 74 0 0
0 67 0 0
0 74 57 0
0 74 0 120
0 75 60 120
0 75 0 120
0 79 57 120
0 79 0 120
0 78 64 120
0 78 0 120
0 81 59 120
0 81 0 120
0 79 64 120
0 79 0 80
0 81 54 0
0 81 0 80
0 79 54 0
0 79 0 80
0 78 58 0
0 78 0 120
0 79 63 120
0 79 0 120
0 82 60 120
0 82 0 120
0 74 63 120
0 81 63 0
0 81 0 120
0 74 0 0
0 84 60 120
0 84 0 120
0 82 64 120
0 82 0 120
0 80 63 120
0 89 63 0
0 86 63 0
0 86 0 120
0 89 0 0
0 80 0 0
0 84 61 120
0 79 61 0
0 88 61 0
0 88 0 120
0 79 0 0
0 84 0 0
0 84 60 120
0 78 60 0
0 87 60 0
0 87 0 120
0 78 0 0
0 84 0 0
0 86 58 120
0 79 58 0
0 79 0 120
0 86 0 0
0 84 57 120
0 74 57 0
0 81 57 0
0 81 0 120
0 74 0 0
0 84 0 0
0 74 65 120
0 82 65 0
0 79 65 0
0 79 0 240
0 82 0 0
0 74 0 0
0 80 60 0
0 71 60 0
0 71 0 240
0 80 0 0
0 79 57 0
0 72 57 0
0 72 0 240
0 73 60 0
0 73 0 240
0 74 62 0
0 74 0 240
0 79 0 0
0 82 67 0
0 75 67 0
0 79 67 0
0 79 0 240
0 75 0 0
0 82 0 0
0 74 70 0
0 70 70 0
0 79 70 0
0 82 70 0
0 82 0 960
0 74 0 0
0 70 0 0
0 79 0 0
0 74 68 0
0 70 68 0
0 70 0 480
0 74 0 0
0 72 61 0
0 69 61 0
0 69 0 120
0 72 0 0
0 75 66 120
0 72 66 0
0 72 0 120
0 75 0 0
0 81 70 120
0 77 70 0
0 77 0 240
0 81 0 0
0 74 71 240
0 77 71 0
0 77 0 120
0 74 0 0
0 74 65 120
0 70 65 0
0 70 0 120
0 74 0 0
0 67 68 120
0 70 68 0
0 70 0 120
0 67 0 0
0 75 65 120
0 79 65 0
0 79 0 120
0 75 0 0
0 72 67 120
0 75 67 0
0 75 0 120
0 72 0 0
0 69 63 120
0 72 63 0
0 72 0 120
0 69 0 0
0 69 67 120
0 66 67 0
0 66 0 120
0 69 0 0
0 77 62 120
0 74 62 0
0 74 0 120
0 77 0 0
0 74 69 120
0 70 69 0
0 70 0 240
0 74 0 0
0 67 66 0
0 70 66 0
0 70 0 240
0 67 0 0
0 67 69 0
0 63 53 0
0 67 0 240
0 70 63 0
0 70 0 240
0 63 0 0
0 66 58 0
0 60 47 0
0 69 65 0
0 69 0 240
0 70 59 0
0 70 0 240
0 60 0 0
0 66 0 0
0 71 55 0
0 59 44 0
0 62 44 0
0 62 0 240
0 59 0 0
0 64 42 0
0 64 0 120
0 62 42 0
0 62 0 120
0 59 44 0
0 59 0 240
0 62 41 0
0 62 0 240
0 62 42 240
0 62 0 240
0 71 0 0
0 71 55 0
0 59 45 0
0 65 45 0
0 65 0 240
0 59 0 0
0 64 42 0
0 64 0 120
0 62 42 0
0 62 0 120
0 59 44 0
0 59 0 240
0 62 42 0
0 62 0 240
0 62 42 240
0 62 0 240
0 71 0 0
0 72 55 0
0 60 44 0
0 62 44 0
0 62 0 240
0 60 0 0
0 64 42 0
0 64 0 120
0 62 42 0
0 62 0 120
0 60 44 0
0 60 0 240
0 62 41 0
0 62 0 240
0 72 0 0
0 60 44 0
0 68 53 0
0 60 0 240
0 62 41 0
0 62 0 240
0 69 55 0
0 60 44 0
0 62 44 0
0 68 0 20
0 62 0 220
0 60 0 0
0 64 42 0
0 64 0 120
0 62 42 0
0 62 0 120
0 60 44 0
0 60 0 240
0 62 41 0
0 62 0 240
0 69 0 0
0 60 44 0
0 70 53 0
0 60 0 240
0 62 41 0
0 62 0 240
0 71 55 0
0 59 44 0
0 62 44 0
0 70 0 20
0 62 0 220
0 59 0 0
0 64 42 0
0 64 0 120
0 62 42 0
0 62 0 120
0 59 44 0
0 59 0 240
0 62 41 0
0 62 0 240
0 71 0 0
0 59 44 0
0 71 53 0
0 59 0 240
0 62 41 0
0 62 0 240
0 64 55 0
0 62 44 0
0 71 0 20
0 62 0 220
0 67 42 0
0 67 0 120
0 65 42 0
0 65 0 120
0 64 44 0
0 62 44 0
0 64 0 240
0 71 54 0
0 62 0 240
0 64 0 0
0 62 37 0
0 64 37 0
0 68 37 0
0 72 59 0
0 71 0 20
0 74 57 220
0 72 0 20
0 68 0 220
0 62 0 0
0 64 0 0
0 60 44 0
0 72 55 0
0 74 0 20
0 60 0 220
0 65 42 0
0 65 0 120
0 64 42 0
0 64 0 120
0 60 44 0
0 60 0 240
0 64 41 0
0 64 0 240
0 72 0 0
0 60 44 0
0 72 53 0
0 60 0 240
0 67 41 0
0 67 0 240
0 60 47 0
0 66 58 0
0 72 0 20
0 60 0 220
0 69 45 0
0 69 0 120
0 66 45 0
0 66 0 120
0 66 0 0
0 60 47 0
0 64 44 0
0 69 44 240
0 60 0 20
0 69 0 220
0 64 0 0
0 60 50 0
0 62 39 0
0 70 44 240
0 60 0 20
0 70 0 220
0 62 0 0
0 71 55 0
0 59 41 0
0 62 41 0
0 62 0 240
0 59 0 0
0 64 39 0
0 64 0 120
0 62 39 0
0 62 0 120
0 59 41 0
0 59 0 240
0 62 38 0
0 62 0 240
0 62 42 240
0 62 0 240
0 71 0 0
0 71 55 0
0 59 43 0
0 65 43 0
0 65 0 240
0 59 0 0
0 64 40 0
0 64 0 120
0 62 40 0
0 62 0 120
0 59 42 0
0 59 0 240
0 62 40 0
0 62 0 240
0 62 42 240
0 62 0 240
0 71 0 0
0 72 55 0
0 60 44 0
0 62 44 0
0 62 0 240
0 60 0 0
0 64 42 0
0 64 0 120
0 62 42 0
0 62 0 120
0 60 44 0
0 60 0 240
0 62 41 0
0 62 0 240
0 72 0 0
0 60 44 0
0 68 53 0
0 60 0 240
0 62 41 0
0 62 0 240
0 69 55 0
0 60 44 0
0 62 44 0
0 68 0 20
0 62 0 220
0 60 0 0
0 64 42 0
0 64 0 120
0 62 42 0
0 62 0 120
0 60 44 0
0 60 0 240
0 62 41 0
0 62 0 240
0 69 0 0
0 60 44 0
0 70 53 0
0 60 0 240
0 62 41 0
0 62 0 240
0 71 55 0
0 59 44 0
0 62 44 0
0 70 0 20
0 62 0 220
0 59 0 0
0 64 42 0
0 64 0 120
0 62 42 0
0 62 0 120
0 59 44 0
0 59 0 240
0 62 41 0
0 62 0 240
0 71 0 0
0 62 49 240
0 62 0 240
0 64 51 0
0 59 51 0
0 59 0 240
0 69 46 0
0 69 0 120
0 67 47 0
0 67 0 120
0 64 50 0
0 64 0 240
0 71 57 0
0 71 0 240
0 64 0 0
0 64 50 0
0 76 59 0
0 76 0 240
0 64 0 0
0 71 55 0
0 71 0 240
0 74 50 0
0 62 61 0
0 62 0 240
0 67 53 0
0 67 0 120
0 66 53 0
0 66 0 120
0 65 55 0
0 64 55 240
0 65 0 240
0 74 0 0
0 73 59 0
0 73 0 240
0 66 55 0
0 66 0 240
0 64 0 0
0 62 53 0
0 71 66 0
0 71 0 1440
0 62 0 0
0 69 56 0
0 72 75 0
0 72 0 960
0 69 0 0
0 68 55 0
0 71 73 0
0 71 0 480
0 68 0 0
0 71 56 0
0 74 75 0
0 69 63 480
0 72 71 0
0 74 0 20
0 71 0 0
0 68 61 460
0 71 68 0
0 69 0 20
0 72 0 0
0 68 0 460
0 71 0 0
0 65 53 0
0 68 71 0
0 68 0 240
0 65 0 0
0 66 52 0
0 69 70 0
0 69 0 240
0 66 0 0
0 69 52 0
0 72 70 0
0 72 0 240
0 69 0 0
0 72 54 0
0 76 73 0
0 76 0 240
0 72 0 0
0 76 57 0
0 79 76 0
0 79 0 240
0 76 0 0
0 74 55 0
0 78 74 0
0 78 0 240
0 74 0 0
0 81 76 0
0 78 57 0
0 78 0 240
0 81 0 0
0 74 52 0
0 78 70 0
0 78 0 240
0 74 0 0
0 72 55 0
0 76 74 0
0 76 0 240
0 72 0 0
0 69 51 0
0 72 67 0
0 72 0 240
0 69 0 0
0 68 52 0
0 71 70 0
0 71 0 240
0 68 0 0
0 71 51 0
0 74 67 0
0 74 0 240
0 71 0 0
0 69 63 0
0 72 75 0
0 72 0 960
0 69 0 0
0 68 56 0
0 71 66 0
0 71 0 480
0 68 0 0
0 70 57 0
0 74 68 0
0 69 53 480
0 72 63 0
0 74 0 20
0 70 0 0
0 67 51 460
0 70 61 0
0 69 0 20
0 72 0 0
0 67 0 460
0 70 0 0
0 65 51 0
0 68 60 0
0 68 0 240
0 65 0 0
0 66 48 0
0 69 57 0
0 69 0 240
0 66 0 0
0 69 51 0
0 72 60 0
0 72 0 240
0 69 0 0
0 72 51 0
0 75 60 0
0 75 0 240
0 72 0 0
0 75 53 0
0 79 63 0
0 79 0 240
0 75 0 0
0 74 50 0
0 78 59 0
0 78 0 240
0 74 0 0
0 81 65 0
0 78 54 0
0 78 0 240
0 81 0 0
0 74 53 0
0 78 63 0
0 78 0 240
0 74 0 0
0 72 50 0
0 75 59 0
0 75 0 240
0 72 0 0
0 67 38 0
0 69 56 0
0 69 0 240
0 67 0 0
0 66 40 0
0 74 57 0
0 74 0 240
0 66 0 0
0 69 38 0
0 72 55 0
0 72 0 240
0 69 0 0
0 67 51 0
0 70 60 0
0 70 0 1440
0 67 0 0
0 75 63 240
0 77 66 240
0 75 0 20
0 79 64 220
0 77 0 20
0 77 66 220
0 79 0 20
0 75 66 220
0 77 0 20
0 75 0 220
0 84 70 0
0 79 50 0
0 75 50 0
0 75 0 240
0 79 0 0
0 84 0 0
0 82 62 0
0 82 0 240
0 79 66 0
0 79 0 240
0 75 57 0
0 75 0 240
0 77 61 0
0 77 0 240
0 75 57 0
0 75 0 240
0 63 45 0
0 67 45 0
0 72 54 0
0 72 0 240
0 70 54 0
0 70 0 240
0 67 0 0
0 63 0 0
0 67 56 0
0 67 0 240
0 70 62 0
0 70 0 240
0 75 63 0
0 75 0 240
0 79 63 0
0 79 0 240
0 75 62 0
0 79 62 0
0 67 62 0
0 70 62 0
0 70 0 1440
0 75 0 0
0 79 0 0
0 67 0 0
0 75 63 240
0 77 66 240
0 75 0 20
0 79 64 220
0 77 0 20
0 77 66 220
0 79 0 20
0 75 66 220
0 77 0 20
0 75 0 220
0 84 70 0
0 79 50 0
0 75 50 0
0 75 0 240
0 79 0 0
0 84 0 0
0 82 62 0
0 82 0 240
0 79 66 0
0 79 0 240
0 75 57 0
0 75 0 240
0 77 61 0
0 77 0 240
0 75 57 0
0 75 0 240
0 63 45 0
0 67 45 0
0 72 54 0
0 72 0 240
0 70 54 0
0 70 0 240
0 67 0 0
0 63 0 0
0 67 56 0
0 67 0 240
0 70 62 0
0 70 0 240
0 75 63 0
0 75 0 240
0 79 63 0
0 79 0 240
0 70 69 0
0 74 69 0
0 82 69 0
0 79 69 0
0 79 0 960
0 70 0 0
0 74 0 0
0 82 0 0
0 70 67 0
0 74 67 0
0 74 0 480
0 70 0 0
0 69 60 0
0 72 60 0
0 72 0 240
0 69 0 0
0 72 65 0
0 75 65 0
0 75 0 240
0 72 0 0
0 77 70 0
0 81 70 0
0 81 0 480
0 77 0 0
0 74 71 0
0 77 71 0
0 77 0 240
0 74 0 0
0 70 63 0
0 74 63 0
0 74 0 240
0 70 0 0
0 67 66 0
0 70 66 0
0 70 0 120
0 67 0 0
0 75 65 120
0 79 65 0
0 79 0 120
0 75 0 0
0 72 66 120
0 75 66 0
0 75 0 120
0 72 0 0
0 69 61 120
0 72 61 0
0 72 0 120
0 69 0 0
0 66 65 120
0 69 65 0
0 69 0 120
0 66 0 0
0 74 60 120
0 77 60 0
0 77 0 120
0 74 0 0
0 70 69 120
0 74 69 0
0 74 0 120
0 70 0 0
0 67 64 120
0 70 64 0
0 70 0 120
0 67 0 0
0 63 68 120
0 67 68 0
0 67 0 240
0 70 62 0
0 70 0 240
0 63 0 0
0 60 54 0
0 66 54 0
0 69 64 0
0 69 0 240
0 74 56 0
0 74 0 240
0 66 0 0
0 60 0 0
0 74 70 0
0 74 0 1440
0 72 64 240
0 72 0 80
0 74 61 0
0 74 0 80
0 72 61 0
0 72 0 80
0 71 64 0
0 71 0 240
0 72 61 0
0 72 0 240
0 74 64 0
0 74 0 240
0 75 62 0
0 75 0 240
0 67 61 0
0 70 61 0
0 70 0 240
0 67 0 0
0 72 63 0
0 72 0 240
0 73 66 0
0 73 0 240
0 74 69 0
0 74 0 240
0 79 70 0
0 79 0 240
0 74 66 0
0 74 0 240
0 66 68 0
0 70 68 0
0 70 0 960
0 66 0 0
0 69 68 0
0 69 0 420
0 67 55 0
0 74 56 30
0 79 60 30
0 79 0 240
0 74 0 0
0 67 0 0
0 74 57 0
0 74 0 120
0 75 60 120
0 75 0 120
0 79 57 120
0 79 0 120
0 78 64 120
0 78 0 120
0 81 59 120
0 81 0 120
0 79 64 120
0 79 0 80
0 81 54 0
0 81 0 80
0 79 54 0
0 79 0 80
0 78 59 0
0 78 0 120
0 79 66 120
0 79 0 120
0 82 64 120
0 82 0 120
0 74 61 120
0 81 69 0
0 81 0 120
0 74 0 0
0 86 71 120
0 86 0 120
0 77 68 120
0 77 0 960
0 75 68 0
0 75 0 480
0 74 64 0
0 74 0 80
0 75 55 0
0 75 0 80
0 74 55 0
0 74 0 80
0 72 59 0
0 72 0 240
0 71 64 0
0 71 0 240
0 72 58 0
0 72 0 240
0 74 64 0
0 74 0 240
0 75 58 0
0 75 0 240
0 74 69 0
0 74 0 960
0 68 47 0
0 73 59 0
0 73 0 240
0 74 56 0
0 74 0 240
0 68 0 0
0 67 46 0
0 77 59 0
0 77 0 240
0 75 57 0
0 75 0 240
0 74 64 0
0 74 0 240
0 75 61 0
0 75 0 240
0 72 69 0
0 72 0 240
0 67 66 0
0 67 0 240
0 67 0 0
0 65 63 0
0 70 64 0
0 74 70 0
0 74 0 240
0 70 0 0
0 65 0 0
0 77 57 0
0 77 0 120
0 78 60 120
0 78 0 120
0 82 57 120
0 82 0 120
0 81 64 120
0 81 0 120
0 84 59 120
0 84 0 120
0 82 64 120
0 82 0 80
0 84 54 0
0 84 0 80
0 82 54 0
0 82 0 80
0 81 58 0
0 81 0 120
0 82 63 120
0 82 0 120
0 86 63 120
0 86 0 120
0 77 58 120
0 84 63 0
0 84 0 120
0 77 0 0
0 89 60 120
0 89 0 120
0 70 64 360
0 70 0 240
0 72 64 0
0 72 0 240
0 74 61 0
0 74 0 240
0 77 64 0
0 77 0 240
0 75 62 0
0 75 0 240
0 74 61 0
0 74 0 80
0 75 56 0
0 75 0 80
0 74 55 0
0 74 0 80
0 71 59 0
0 71 0 240
0 70 63 0
0 70 0 240
0 68 57 0
0 68 0 240
0 66 65 0
0 66 0 240
0 70 58 0
0 70 0 180
0 70 60 0
0 70 0 60
0 65 65 0
0 65 0 960
0 68 56 0
0 70 56 0
0 70 0 480
0 68 0 0
0 66 41 0
0 70 57 0
0 70 0 960
0 66 0 0
0 69 67 0
0 69 0 240
0 75 64 0
0 75 0 240
0 70 64 240
0 70 0 240
0 71 64 0
0 71 0 240
0 74 61 0
0 74 0 240
0 77 67 0
0 77 0 240
0 78 67 0
0 78 0 240
0 70 41 0
0 77 61 0
0 77 0 80
0 78 51 0
0 78 0 80
0 77 51 0
0 77 0 80
0 70 0 0
0 75 54 0
0 75 0 240
0 71 65 0
0 71 0 240
0 70 58 0
0 70 0 240
0 66 65 0
0 66 0 240
0 70 58 0
0 70 0 180
0 70 60 0
0 70 0 60
0 65 63 0
0 65 0 960
0 68 56 0
0 70 56 0
0 70 0 480
0 68 0 0
0 66 48 0
0 70 65 0
0 66 0 957
0 70 0 3
0 69 67 0
0 69 0 240
0 75 64 0
0 75 0 240
0 74 64 0
0 74 0 960
0 72 64 720
0 72 0 80
0 74 54 0
0 74 0 80
0 72 54 0
0 72 0 80
0 71 58 0
0 71 0 240
0 72 61 0
0 72 0 240
0 74 64 0
0 74 0 240
0 75 62 0
0 75 0 240
0 67 61 0
0 70 61 0
0 70 0 240
0 67 0 0
0 72 63 0
0 72 0 240
0 73 66 0
0 73 0 240
0 74 69 0
0 74 0 240
0 79 70 0
0 79 0 240
0 74 66 0
0 74 0 240
0 66 59 0
0 70 68 0
0 70 0 960
0 66 0 0
0 69 65 0
0 69 0 420
0 67 55 0
0 74 56 30
0 79 60 30
0 79 0 240
0 74 0 0
0 67 0 0
0 74 57 0
0 74 0 120
0 75 60 120
0 75 0 120
0 79 57 120
0 79 0 120
0 78 64 120
0 78 0 120
0 81 59 120
0 81 0 120
0 79 64 120
0 79 0 80
0 81 54 0
0 81 0 80
0 79 54 0
0 79 0 80
0 78 58 0
0 78 0 120
0 79 63 120
0 79 0 120
0 82 60 120
0 82 0 120
0 74 63 120
0 81 63 0
0 81 0 120
0 74 0 0
0 84 60 120
0 84 0 120
0 82 64 120
0 82 0 120
0 80 63 120
0 89 63 0
0 86 63 0
0 86 0 120
0 89 0 0
0 80 0 0
0 88 61 120
0 84 61 0
0 79 61 0
0 79 0 120
0 84 0 0
0 88 0 0
0 78 60 120
0 84 60 0
0 87 60 0
0 87 0 120
0 84 0 0
0 78 0 0
0 86 58 120
0 79 58 0
0 79 0 120
0 86 0 0
0 84 57 120
0 81 57 0
0 74 57 0
0 74 0 120
0 81 0 0
0 84 0 0
0 74 65 120
0 79 65 0
0 82 65 0
0 82 0 240
0 79 0 0
0 74 0 0
0 71 60 0
0 80 60 0
0 80 0 240
0 71 0 0
0 79 57 0
0 72 57 0
0 72 0 240
0 73 60 0
0 73 0 240
0 74 62 0
0 74 0 240
0 79 0 0
0 82 67 0
0 79 67 0
0 75 67 0
0 75 0 240
0 79 0 0
0 82 0 0
0 70 70 0
0 74 70 0
0 82 70 0
0 79 70 0
0 79 0 960
0 70 0 0
0 74 0 0
0 82 0 0
0 70 67 0
0 74 67 0
0 74 0 480
0 70 0 0
0 69 61 0
0 72 61 0
0 72 0 120
0 69 0 0
0 72 67 120
0 75 67 0
0 75 0 120
0 72 0 0
0 77 70 120
0 81 70 0
0 81 0 240
0 77 0 0
0 74 71 240
0 77 71 0
0 77 0 120
0 74 0 0
0 70 65 120
0 74 65 0
0 74 0 120
0 70 0 0
0 67 68 120
0 70 68 0
0 70 0 120
0 67 0 0
0 75 63 120
0 79 63 0
0 79 0 120
0 75 0 0
0 72 67 120
0 75 67 0
0 75 0 120
0 72 0 0
0 69 63 120
0 72 63 0
0 72 0 120
0 69 0 0
0 66 67 120
0 69 67 0
0 69 0 120
0 66 0 0
0 74 64 120
0 77 64 0
0 77 0 120
0 74 0 0
0 70 70 120
0 74 70 0
0 74 0 240
0 70 0 0
0 67 65 0
0 70 65 0
0 70 0 240
0 67 0 0
0 63 62 0
0 67 69 0
0 67 0 240
0 70 63 0
0 70 0 240
0 63 0 0
0 60 55 0
0 66 55 0
0 69 65 0
0 69 0 240
0 70 59 0
0 70 0 240
0 66 0 0
0 60 0 0
0 59 45 0
0 62 45 0
0 67 45 0
0 71 53 0
0 71 0 1440
0 59 0 0
0 62 0 0
0 67 0 0
0 56 50 0
0 56 0 240
0 60 51 0
0 60 0 240
0 63 53 0
0 63 0 240
0 68 54 0
0 68 0 240
0 70 56 0
0 70 0 240
0 72 58 0
0 72 0 240
0 62 45 0
0 67 45 0
0 71 45 0
0 74 53 0
0 74 0 1440
0 62 0 0
0 67 0 0
0 71 0 0
0 56 50 0
0 56 0 240
0 58 51 0
0 58 0 240
0 60 56 0
0 60 0 160
0 63 53 0
0 63 0 160
0 68 53 0
0 68 0 160
0 72 57 0
0 72 0 160
0 75 53 0
0 75 0 160
0 84 53 0
0 84 0 160
0 74 55 0
0 79 55 0
0 83 55 0
0 83 0 4320
0 79 0 0
0 74 0 0
0 91 51 0
0 83 43 0
0 86 43 0
0 95 51 0
0 95 0 1440
0 91 0 0
0 83 0 0
0 86 0 0
0 59 35 0
0 62 35 0
0 67 42 0
0 71 42 0
0 71 0 1440
0 59 0 0
0 62 0 0
0 67 0 0
0 71 53 240
0 71 0 120
0 72 57 120
0 72 0 120
0 69 54 120
0 69 0 120
0 74 57 120
0 74 0 120
0 72 53 120
0 72 0 120
0 70 57 120
0 70 0 120
0 69 54 120
0 69 0 120
0 70 57 120
0 70 0 120
0 67 54 120
0 67 0 120
0 66 57 120
0 66 0 120
0 62 55 120
0 62 0 120
0 67 57 120
0 67 0 120
0 71 52 120
0 71 0 120
0 72 55 120
0 72 0 120
0 69 52 120
0 69 0 120
0 70 55 120
0 70 0 120
0 66 53 120
0 66 0 120
0 67 57 120
0 67 0 229
0 65 52 0
0 65 0 240
0 64 54 0
0 64 0 114
0 63 57 0
0 63 0 240
0 62 58 0
0 62 0 114
0 61 61 0
0 61 0 240
0 38 59 0
0 38 0 42
0 62 55 0
0 62 0 480
0 62 51 0
0 62 0 480
0 62 51 0
0 62 0 169
0 62 55 0
0 62 0 120
0 62 54 0
0 62 0 480
0 62 52 0
0 62 0 480
0 62 55 0
0 62 0 406
0 62 51 0
0 62 0 189
0 62 51 0
0 62 0 141
0 62 51 0
0 62 0 240
0 62 46 0
0 62 0 409
0 50 43 0
0 50 0 395
0 47 51 0
0 47 0 343
0 60 39 0
0 62 29 0
0 65 29 0
0 68 29 0
0 60 0 205
0 59 36 0
0 59 0 480
0 68 0 0
0 65 0 0
0 62 0 0
0 48 51 0
0 48 0 427
0 67 45 0
0 63 45 0
0 57 45 0
0 57 0 872
0 63 0 0
0 67 0 0
0 38 51 0
0 38 0 777
0 62 44 0
0 62 0 103
0 60 51 240
0 50 51 0
0 60 0 180
0 61 44 0
0 61 0 240
0 62 51 0
0 62 0 240
0 61 51 0
0 61 0 80
0 62 45 0
0 62 0 80
0 61 45 0
0 61 0 80
0 60 51 0
0 60 0 173
0 50 0 0
0 50 44 0
0 50 0 240
0 43 44 0
0 50 44 0
0 58 44 0
0 58 0 240
0 50 0 0
0 43 0 0
0 71 53 0
0 71 0 120
0 72 57 120
0 72 0 120
0 69 54 120
0 69 0 120
0 74 57 120
0 74 0 120
0 72 53 120
0 72 0 120
0 70 57 120
0 70 0 120
0 69 55 120
0 69 0 120
0 70 59 120
0 70 0 120
0 67 57 120
0 67 0 120
0 66 62 120
0 66 0 120
0 62 61 120
0 62 0 120
0 48 51 120
0 48 0 457
0 66 49 0
0 60 41 0
0 63 41 0
0 66 0 137
0 67 54 0
0 67 0 480
0 63 0 0
0 60 0 0
0 41 51 0
0 41 0 420
0 68 55 0
0 60 41 0
0 63 41 0
0 68 0 366
0 69 56 0
0 69 0 480
0 63 0 0
0 60 0 0
0 46 57 0
0 46 0 274
0 61 46 0
0 69 55 0
0 66 46 0
0 66 0 240
0 69 0 0
0 61 0 0
0 62 51 0
0 70 60 0
0 70 0 240
0 62 0 0
0 59 55 0
0 59 0 308
0 48 60 0
0 48 0 354
0 59 49 0
0 59 0 91
0 60 52 0
0 60 0 240
0 62 55 0
0 62 0 240
0 63 57 0
0 63 0 240
0 41 63 0
0 41 0 240
0 74 53 0
0 74 0 120
0 75 57 120
0 75 0 120
0 72 54 120
0 72 0 120
0 77 57 120
0 77 0 120
0 75 53 120
0 75 0 120
0 74 57 120
0 74 0 120
0 73 54 120
0 73 0 120
0 74 57 120
0 74 0 120
0 70 53 120
0 70 0 120
0 69 55 120
0 69 0 120
0 65 51 120
0 65 0 120
0 46 51 120
0 46 0 427
0 62 45 0
0 53 45 0
0 53 0 692
0 62 0 0
0 46 48 0
0 46 0 434
0 63 44 0
0 59 37 0
0 54 37 0
0 54 0 879
0 59 0 0
0 63 0 0
0 46 52 0
0 46 0 19
0 58 52 0
0 58 0 240
0 60 54 0
0 60 0 240
0 62 51 0
0 62 0 240
0 65 55 0
0 65 0 71
0 62 53 0
0 62 0 240
0 63 48 0
0 63 0 20
0 65 42 0
0 65 0 80
0 63 42 0
0 63 0 80
0 62 46 0
0 62 0 240
0 63 55 0
0 63 0 240
0 65 57 0
0 65 0 240
0 66 61 0
0 66 0 406
0 46 51 0
0 46 0 308
0 56 37 0
0 68 45 0
0 62 45 0
0 56 0 251
0 59 37 0
0 59 0 480
0 62 0 0
0 68 0 0
0 46 48 0
0 46 0 434
0 66 44 0
0 58 37 0
0 58 0 891
0 66 0 0
0 46 57 0
0 46 0 84
0 58 55 0
0 58 0 240
0 60 57 0
0 60 0 240
0 62 54 0
0 62 0 240
0 65 58 0
0 65 0 84
0 62 55 0
0 62 0 240
0 63 52 0
0 63 0 27
0 65 44 0
0 65 0 80
0 63 44 0
0 63 0 80
0 62 49 0
0 62 0 240
0 63 58 0
0 63 0 240
0 65 61 0
0 65 0 240
0 66 65 0
0 66 0 384
0 46 58 0
0 46 0 137
0 64 49 0
0 62 41 0
0 58 41 0
0 64 0 480
0 65 46 0
0 65 0 480
0 58 0 0
0 62 0 0
0 48 51 0
0 48 0 388
0 70 38 0
0 67 38 0
0 63 38 0
0 60 38 0
0 70 0 392
0 69 45 0
0 69 0 480
0 60 0 0
0 63 0 0
0 67 0 0
0 38 51 0
0 38 0 765
0 62 44 0
0 62 0 103
0 60 51 240
0 50 48 0
0 60 0 166
0 61 44 0
0 61 0 240
0 62 51 0
0 62 0 240
0 61 51 0
0 61 0 80
0 62 45 0
0 62 0 80
0 61 45 0
0 61 0 80
0 60 51 0
0 60 0 173
0 50 0 0
0 50 44 0
0 50 0 240
0 43 44 0
0 50 44 0
0 58 44 0
0 58 0 226
0 50 0 0
0 43 0 0
0 71 53 0
0 71 0 120
0 72 57 120
0 72 0 120
0 69 54 120
0 69 0 120
0 74 57 120
0 74 0 120
0 72 53 120
0 72 0 120
0 70 57 120
0 70 0 120
0 69 54 120
0 69 0 120
0 70 57 120
0 70 0 120
0 67 54 120
0 67 0 120
0 66 57 120
0 66 0 120
0 62 55 120
0 62 0 120
0 67 57 120
0 67 0 120
0 71 52 120
0 71 0 120
0 72 55 120
0 72 0 120
0 69 52 120
0 69 0 120
0 70 55 120
0 70 0 120
0 66 53 120
0 66 0 120
0 67 57 120
0 67 0 171
0 65 52 0
0 65 0 240
0 64 54 0
0 64 0 103
0 63 57 0
0 63 0 240
0 62 58 0
0 62 0 114
0 61 61 0
0 61 0 240
0 38 59 0
0 38 0 228
0 62 57 0
0 62 0 480
0 62 51 0
0 62 0 480
0 62 51 0
0 62 0 148
0 62 56 0
0 62 0 120
0 62 54 0
0 62 0 480
0 62 52 0
0 62 0 480
0 62 56 0
0 62 0 354
0 62 51 0
0 62 0 120
0 62 51 0
0 62 0 137
0 62 51 0
0 62 0 240
0 62 46 0
0 62 0 388
0 50 43 0
0 50 0 308
0 43 35 0
0 50 42 0
0 50 0 360
0 43 0 0
0 38 32 0
0 50 38 0
0 50 0 480
0 38 0 0
0 44 36 0
0 50 43 0
0 50 0 367
0 44 0 0
0 38 32 0
0 50 38 0
0 50 0 480
0 38 0 0
0 45 35 0
0 50 42 0
0 50 0 367
0 45 0 0
0 38 32 0
0 50 38 0
0 50 0 480
0 38 0 0
0 42 35 0
0 50 42 0
0 50 0 367
0 42 0 0
0 38 32 0
0 50 38 0
0 50 0 480
0 38 0 0
0 43 35 0
0 50 42 0
0 50 0 374
0 43 0 0
0 38 32 0
0 50 38 0
0 50 0 480
0 38 0 0
0 56 39 0
0 52 35 0
0 56 0 148
0 59 38 0
0 59 0 120
0 57 38 0
0 57 0 120
0 56 39 0
0 56 0 366
0 52 0 0
0 52 38 0
0 52 0 480
0 45 35 0
0 52 42 0
0 52 0 400
0 51 46 0
0 51 0 63
0 53 32 0
0 53 0 120
0 51 34 0
0 51 0 240
0 45 0 0
0 38 38 0
0 55 41 381
0 55 0 381
0 54 37 0
0 54 0 367
0 38 0 0
0 43 25 0
0 50 39 0
0 50 0 346
0 43 0 0
0 38 32 0
0 50 38 0
0 50 0 480
0 38 0 0
0 44 34 0
0 50 41 0
0 50 0 367
0 44 0 0
0 38 32 0
0 50 38 0
0 50 0 480
0 38 0 0
0 45 35 0
0 50 42 0
0 50 0 367
0 45 0 0
0 38 32 0
0 50 38 0
0 50 0 480
0 38 0 0
0 42 35 0
0 50 42 0
0 50 0 388
0 42 0 0
0 38 32 0
0 50 38 0
0 50 0 480
0 38 0 0
0 43 35 0
0 50 42 0
0 50 0 353
0 43 0 0
0 55 47 0
0 55 0 480
0 49 51 0
0 50 39 28
0 49 0 20
0 49 49 100
0 50 0 20
0 54 46 91
0 54 0 240
0 55 50 0
0 55 0 240
0 49 0 0
0 61 44 0
0 61 0 240
0 54 49 0
0 54 0 296
0 42 46 0
0 42 0 360
0 47 48 0
0 57 47 77
0 57 0 120
0 55 45 0
0 55 0 120
0 53 49 0
0 53 0 106
0 54 46 0
0 54 0 240
0 59 52 0
0 59 0 310
0 47 0 0
0 38 62 0
0 38 0 113
0 62 53 0
0 62 0 120
0 62 53 0
0 62 0 120
0 62 59 0
0 62 0 240
0 62 55 0
0 62 0 240
0 62 55 113
0 62 0 480
0 62 53 0
0 62 0 480
0 62 53 0
0 62 0 480
0 62 49 0
0 62 0 80
0 62 51 0
0 62 0 480
0 62 55 0
0 62 0 91
0 62 54 0
0 62 0 57
0 62 57 0
0 62 0 480
0 62 51 0
0 62 0 137
0 62 51 0
0 62 0 240
0 38 62 0
0 38 0 106
0 62 48 0
0 62 0 120
0 62 48 0
0 62 0 120
0 62 52 0
0 62 0 240
0 62 49 0
0 62 0 240
0 62 49 120
0 62 0 56
0 62 48 0
0 62 0 480
0 62 48 0
0 62 0 480
0 62 44 0
0 62 0 57
0 62 46 0
0 62 0 480
0 62 45 0
0 62 0 103
0 62 50 0
0 62 0 80
0 62 48 0
0 62 0 480
0 62 42 0
0 62 0 114
0 62 40 0
0 62 0 240
0 63 51 63
0 63 0 120
0 65 50 0
0 65 0 120
0 63 54 0
0 63 0 240
0 62 49 0
0 62 0 240
0 63 54 0
0 63 0 240
0 62 50 0
0 62 0 240
0 61 51 0
0 61 0 1303
0 73 54 0
0 73 0 1245
0 61 51 0
0 61 0 1314
0 37 56 0
0 37 0 114
0 63 51 0
0 63 0 120
0 65 50 0
0 65 0 120
0 63 54 0
0 63 0 240
0 62 49 0
0 62 0 240
0 63 54 0
0 63 0 240
0 62 50 0
0 62 0 240
0 61 51 0
0 61 0 1291
0 73 54 0
0 73 0 1234
0 61 51 0
0 61 0 1314
0 38 57 0
0 38 0 229
0 62 55 0
0 62 0 452
0 62 50 0
0 62 0 480
0 62 50 0
0 62 0 68
0 62 56 0
0 62 0 224
0 62 53 0
0 62 0 457
0 62 51 0
0 62 0 480
0 62 56 0
0 62 0 406
0 62 50 0
0 62 0 148
0 62 50 0
0 62 0 148
0 62 50 0
0 62 0 240
0 62 45 0
0 62 0 402
0 50 42 0
0 50 0 395
0 47 53 0
0 47 0 343
0 60 40 0
0 62 29 0
0 65 29 0
0 68 29 0
0 60 0 228
0 59 36 0
0 59 0 480
0 68 0 0
0 65 0 0
0 62 0 0
0 48 51 0
0 48 0 384
0 67 45 0
0 63 45 0
0 57 45 0
0 57 0 872
0 63 0 0
0 67 0 0
0 38 51 0
0 38 0 720
0 62 44 0
0 62 0 103
0 60 51 240
0 50 51 0
0 60 0 173
0 61 44 0
0 61 0 240
0 62 51 0
0 62 0 240
0 61 51 0
0 61 0 80
0 62 45 0
0 62 0 80
0 61 45 0
0 61 0 80
0 60 51 0
0 60 0 159
0 50 0 0
0 50 44 0
0 50 0 240
0 43 44 0
0 50 44 0
0 58 44 0
0 58 0 229
0 50 0 0
0 43 0 0
0 71 53 0
0 71 0 120
0 72 57 120
0 72 0 120
0 69 54 120
0 69 0 120
0 74 57 120
0 74 0 120
0 72 53 120
0 72 0 120
0 70 57 120
0 70 0 120
0 69 55 120
0 69 0 120
0 70 59 120
0 70 0 120
0 67 57 120
0 67 0 120
0 66 62 120
0 66 0 120
0 62 61 120
0 62 0 120
0 48 51 120
0 48 0 388
0 66 49 0
0 60 41 0
0 63 41 0
0 66 0 205
0 67 54 0
0 67 0 480
0 63 0 0
0 60 0 0
0 41 51 0
0 41 0 406
0 68 55 0
0 60 41 0
0 63 41 0
0 68 0 366
0 69 56 0
0 69 0 480
0 63 0 0
0 60 0 0
0 46 57 0
0 46 0 263
0 61 46 0
0 69 55 0
0 66 46 0
0 66 0 240
0 69 0 0
0 61 0 0
0 62 51 0
0 70 60 0
0 70 0 240
0 62 0 0
0 59 55 0
0 59 0 377
0 48 60 0
0 48 0 343
0 59 49 0
0 59 0 45
0 60 52 0
0 60 0 240
0 62 55 0
0 62 0 240
0 63 57 0
0 63 0 240
0 41 63 0
0 41 0 232
0 74 53 0
0 74 0 120
0 75 57 120
0 75 0 120
0 72 54 120
0 72 0 120
0 77 57 120
0 77 0 120
0 75 53 120
0 75 0 120
0 74 57 120
0 74 0 120
0 73 54 120
0 73 0 120
0 74 57 120
0 74 0 120
0 70 52 120
0 70 0 120
0 69 55 120
0 69 0 120
0 65 51 120
0 65 0 120
0 46 51 120
0 46 0 367
0 62 45 0
0 53 45 0
0 53 0 748
0 62 0 0
0 46 48 0
0 46 0 388
0 63 44 0
0 59 37 0
0 54 37 0
0 54 0 896
0 59 0 0
0 63 0 0
0 46 54 0
0 46 0 19
0 58 52 0
0 58 0 240
0 60 54 0
0 60 0 240
0 62 51 0
0 62 0 240
0 65 55 0
0 65 0 97
0 62 53 0
0 62 0 240
0 63 48 0
0 63 0 13
0 65 42 0
0 65 0 80
0 63 42 0
0 63 0 80
0 62 46 0
0 62 0 240
0 63 55 0
0 63 0 240
0 65 57 0
0 65 0 240
0 66 61 0
0 66 0 399
0 46 51 0
0 46 0 263
0 56 37 0
0 68 45 0
0 62 45 0
0 56 0 171
0 59 37 0
0 59 0 480
0 62 0 0
0 68 0 0
0 46 48 0
0 46 0 434
0 66 44 0
0 58 37 0
0 58 0 891
0 66 0 0
0 46 57 0
0 46 0 84
0 58 55 0
0 58 0 240
0 60 57 0
0 60 0 240
0 62 54 0
0 62 0 240
0 65 58 0
0 65 0 149
0 62 56 0
0 62 0 240
0 63 52 0
0 63 0 67
0 65 44 0
0 65 0 68
0 63 44 0
0 63 0 80
0 62 49 0
0 62 0 240
0 63 58 0
0 63 0 240
0 65 61 0
0 65 0 240
0 66 65 0
0 66 0 402
0 46 58 0
0 46 0 91
0 64 49 0
0 62 41 0
0 58 41 0
0 64 0 480
0 65 46 0
0 65 0 480
0 58 0 0
0 62 0 0
0 48 51 0
0 48 0 384
0 70 38 0
0 67 38 0
0 63 38 0
0 60 38 0
0 70 0 392
0 69 45 0
0 69 0 480
0 60 0 0
0 63 0 0
0 67 0 0
0 38 51 0
0 38 0 743
0 62 44 0
0 62 0 57
0 60 51 240
0 50 48 0
0 60 0 183
0 61 44 0
0 61 0 240
0 62 51 0
0 62 0 240
0 61 51 0
0 61 0 80
0 62 45 0
0 62 0 80
0 61 45 0
0 61 0 80
0 60 51 0
0 60 0 144
0 50 0 0
0 50 44 0
0 50 0 240
0 43 44 0
0 50 44 0
0 58 44 0
0 58 0 240
0 50 0 0
0 43 0 0
0 71 53 0
0 71 0 120
0 72 57 120
0 72 0 120
0 69 54 120
0 69 0 120
0 74 57 120
0 74 0 120
0 72 53 120
0 72 0 120
0 70 57 120
0 70 0 120
0 69 54 120
0 69 0 120
0 70 57 120
0 70 0 120
0 67 54 120
0 67 0 120
0 66 57 120
0 66 0 120
0 62 55 120
0 62 0 120
0 67 57 120
0 67 0 120
0 71 52 120
0 71 0 120
0 72 55 120
0 72 0 120
0 69 52 120
0 69 0 120
0 70 55 120
0 70 0 120
0 66 53 120
0 66 0 120
0 67 57 120
0 67 0 148
0 65 52 0
0 65 0 240
0 64 54 0
0 64 0 125
0 63 57 0
0 63 0 240
0 62 58 0
0 62 0 114
0 61 61 0
0 61 0 240
0 38 59 0
0 38 0 14
0 62 57 0
0 62 0 480
0 62 51 0
0 62 0 480
0 62 51 0
0 62 0 148
0 62 54 0
0 62 0 42
0 62 54 0
0 62 0 480
0 62 52 0
0 62 0 480
0 62 58 0
0 62 0 325
0 62 51 0
0 62 0 120
0 62 51 0
0 62 0 103
0 62 51 0
0 62 0 240
0 62 46 0
0 62 0 377
0 50 43 0
0 50 0 343
0 43 46 0
0 43 0 166
0 49 43 0
0 49 0 240
0 50 46 0
0 50 0 141
0 53 43 0
0 51 47 120
0 53 0 20
0 53 42 40
0 51 0 20
0 51 51 40
0 53 0 5
0 51 0 173
0 50 51 0
0 50 0 240
0 43 39 0
0 51 47 0
0 51 0 1189
0 43 0 0
0 43 46 0
0 43 0 166
0 49 43 0
0 49 0 240
0 50 46 0
0 50 0 166
0 53 43 0
0 51 47 120
0 53 0 20
0 53 42 40
0 51 0 20
0 51 51 40
0 53 0 6
0 51 0 191
0 50 51 0
0 50 0 240
0 43 39 0
0 51 47 0
0 51 0 1189
0 43 0 0
0 43 46 0
0 43 0 166
0 49 43 0
0 49 0 240
0 50 46 0
0 50 0 162
0 53 43 0
0 51 47 120
0 53 0 20
0 53 42 40
0 51 0 20
0 51 51 40
0 53 0 7
0 51 0 169
0 50 51 0
0 50 0 240
0 55 46 0
0 55 0 127
0 59 43 0
0 59 0 240
0 61 46 0
0 61 0 169
0 62 43 0
0 65 42 180
0 62 0 20
0 63 51 40
0 65 0 6
0 63 0 187
0 62 51 0
0 62 0 240
0 67 46 0
0 67 0 187
0 71 43 0
0 71 0 240
0 73 46 0
0 73 0 173
0 74 43 0
0 77 42 180
0 74 0 20
0 75 51 40
0 77 0 6
0 75 0 180
0 74 51 0
0 74 0 240
0 67 32 0
0 74 32 0
0 79 32 0
0 79 0 986
0 74 0 0
0 67 0 0
0 43 23 0
0 50 23 0
0 55 27 0
0 55 0 1440
0 50 0 0
0 43 0 0
