0 75 52 1920
0 79 52 0
0 79 0 720
0 75 0 0
0 77 50 0
0 74 50 0
0 74 0 240
0 77 0 0
0 80 52 0
0 77 52 0
0 77 0 480
0 80 0 0
0 77 52 0
0 74 52 0
0 74 0 240
0 77 0 0
0 75 50 0
0 79 50 0
0 79 0 240
0 75 0 0
0 72 52 0
0 75 52 0
0 75 0 480
0 72 0 0
0 72 49 0
0 68 49 0
0 68 0 480
0 72 0 0
0 67 47 0
0 70 47 0
0 70 0 960
0 67 0 0
0 72 51 0
0 68 51 0
0 72 0 480
0 74 56 0
0 74 0 240
0 77 55 0
0 77 0 240
0 68 0 0
0 68 55 0
0 74 55 0
0 74 0 480
0 70 51 0
0 70 0 480
0 68 0 0
0 67 51 0
0 72 51 0
0 72 0 240
0 74 49 0
0 74 0 240
0 79 52 0
0 79 0 240
0 72 50 0
0 72 0 240
0 67 0 0
0 67 47 0
0 70 47 0
0 70 0 960
0 67 0 0
0 74 64 0
0 70 64 0
0 70 0 720
0 74 0 0
0 70 55 0
0 67 55 0
0 67 0 240
0 70 0 0
0 72 51 0
0 69 60 0
0 72 0 480
0 78 65 0
0 78 0 240
0 81 60 0
0 81 0 240
0 69 0 0
0 70 57 0
0 79 64 0
0 79 0 240
0 74 56 0
0 74 0 240
0 70 0 0
0 72 58 0
0 69 51 0
0 72 0 240
0 74 53 0
0 74 0 240
0 69 0 0
0 67 47 0
0 70 47 0
0 70 0 960
0 67 0 0
0 70 51 0
0 77 60 0
0 77 0 720
0 70 0 0
0 79 58 0
0 69 49 0
0 79 0 240
0 75 57 0
0 75 0 240
0 77 60 0
0 77 0 240
0 79 64 0
0 79 0 240
0 81 61 0
0 81 0 240
0 69 0 0
0 70 58 0
0 77 69 0
0 77 0 240
0 70 0 0
0 68 48 0
0 74 57 0
0 74 0 240
0 68 0 0
0 75 61 0
0 69 52 0
0 69 0 240
0 75 0 0
0 65 46 0
0 73 54 0
0 73 0 240
0 74 59 0
0 74 0 240
0 72 52 0
0 68 38 0
0 72 0 240
0 71 46 0
0 71 0 240
0 68 0 0
0 70 43 0
0 70 0 240
0 65 0 0
0 75 52 0
0 79 52 0
0 79 0 720
0 75 0 0
0 74 50 0
0 77 50 0
0 77 0 240
0 74 0 0
0 80 52 0
0 77 52 0
0 77 0 480
0 80 0 0
0 77 52 0
0 74 52 0
0 74 0 240
0 77 0 0
0 75 50 0
0 79 50 0
0 79 0 240
0 75 0 0
0 75 52 0
0 72 52 0
0 72 0 480
0 75 0 0
0 68 49 0
0 72 49 0
0 72 0 480
0 68 0 0
0 67 47 0
0 70 47 0
0 70 0 960
0 67 0 0
0 72 51 0
0 68 51 0
0 72 0 480
0 74 56 0
0 74 0 240
0 77 55 0
0 77 0 240
0 68 0 0
0 68 55 0
0 74 55 0
0 74 0 480
0 70 51 0
0 70 0 480
0 68 0 0
0 72 51 0
0 67 51 0
0 72 0 240
0 74 49 0
0 74 0 240
0 79 52 0
0 79 0 240
0 72 50 0
0 72 0 240
0 67 0 0
0 70 47 0
0 67 47 0
0 67 0 960
0 70 0 0
0 74 64 0
0 70 64 0
0 70 0 720
0 74 0 0
0 70 55 0
0 67 55 0
0 67 0 240
0 70 0 0
0 72 51 0
0 69 60 0
0 72 0 480
0 78 65 0
0 78 0 240
0 81 60 0
0 81 0 240
0 69 0 0
0 79 64 0
0 70 57 0
0 79 0 240
0 74 56 0
0 74 0 240
0 70 0 0
0 69 51 0
0 72 58 0
0 72 0 240
0 74 53 0
0 74 0 240
0 69 0 0
0 67 47 0
0 70 47 0
0 70 0 960
0 67 0 0
0 65 52 0
0 70 58 0
0 70 0 480
0 65 0 0
0 72 57 0
0 66 51 0
0 66 0 240
0 72 0 0
0 70 55 0
0 75 55 0
0 75 0 240
0 70 0 0
0 72 60 0
0 66 54 0
0 66 0 240
0 72 0 0
0 70 47 0
0 75 53 0
0 75 0 240
0 70 0 0
0 78 60 0
0 72 54 0
0 72 0 240
0 78 0 0
0 75 54 0
0 70 48 0
0 70 0 240
0 75 0 0
0 69 54 0
0 74 54 0
0 74 0 480
0 72 53 0
0 72 0 240
0 74 49 0
0 74 0 240
0 69 0 0
0 70 47 0
0 65 47 0
0 65 0 960
0 70 0 0
0 77 52 0
0 74 52 0
0 74 0 720
0 77 0 0
0 72 50 0
0 68 50 0
0 68 0 240
0 72 0 0
0 75 52 0
0 72 52 0
0 72 0 480
0 75 0 0
0 70 52 0
0 74 52 0
0 74 0 240
0 70 0 0
0 70 50 0
0 67 50 0
0 67 0 240
0 70 0 0
0 70 52 0
0 74 52 0
0 74 0 480
0 70 0 0
0 72 49 0
0 68 49 0
0 68 0 480
0 72 0 0
0 65 47 0
0 68 47 0
0 68 0 960
0 65 0 0
0 80 72 0
0 77 72 0
0 77 0 720
0 80 0 0
0 79 57 0
0 76 57 0
0 76 0 240
0 79 0 0
0 76 63 0
0 73 63 0
0 73 0 240
0 76 0 0
0 79 56 0
0 76 56 0
0 76 0 240
0 79 0 0
0 74 61 0
0 77 61 0
0 77 0 240
0 74 0 0
0 71 56 0
0 74 56 0
0 74 0 240
0 71 0 0
0 77 60 0
0 74 60 0
0 74 0 240
0 77 0 0
0 75 53 0
0 72 53 0
0 72 0 240
0 75 0 0
0 68 53 0
0 72 53 0
0 72 0 240
0 68 0 0
0 68 50 0
0 65 50 0
0 65 0 240
0 68 0 0
0 62 48 0
0 65 48 0
0 65 0 960
0 62 0 0
0 69 51 0
0 78 57 0
0 69 0 240
0 70 47 0
0 70 0 240
0 71 52 0
0 71 0 240
0 78 0 0
0 72 40 0
0 80 52 0
0 80 0 240
0 78 60 0
0 78 0 80
0 80 49 0
0 80 0 80
0 78 49 0
0 78 0 80
0 77 55 0
0 77 0 240
0 76 56 0
0 76 0 240
0 77 49 0
0 77 0 240
0 72 0 0
0 73 57 0
0 64 51 0
0 64 0 240
0 65 47 0
0 65 0 180
0 68 46 0
0 68 0 60
0 66 52 0
0 66 0 240
0 73 0 0
0 73 52 0
0 65 40 0
0 65 0 240
0 73 0 0
0 64 39 0
0 70 40 0
0 73 60 0
0 73 0 240
0 72 55 0
0 72 0 240
0 71 56 0
0 71 0 240
0 72 49 0
0 72 0 240
0 70 0 0
0 64 0 0
0 68 51 0
0 72 51 0
0 72 0 480
0 68 0 0
0 73 56 0
0 70 56 0
0 70 0 240
0 73 0 0
0 73 52 0
0 77 52 0
0 77 0 240
0 73 0 0
0 73 55 0
0 70 55 0
0 70 0 480
0 73 0 0
0 67 51 0
0 70 51 0
0 70 0 480
0 67 0 0
0 67 51 0
0 64 51 0
0 64 0 240
0 67 0 0
0 68 52 0
0 65 52 0
0 65 0 240
0 68 0 0
0 67 57 0
0 70 57 0
0 70 0 240
0 67 0 0
0 70 52 0
0 73 52 0
0 73 0 240
0 70 0 0
0 72 47 0
0 68 47 0
0 68 0 960
0 72 0 0
0 68 69 0
0 72 69 0
0 72 0 480
0 68 0 0
0 75 65 0
0 72 65 0
0 72 0 240
0 75 0 0
0 77 59 0
0 80 59 0
0 80 0 240
0 77 0 0
0 73 63 0
0 77 63 0
0 77 0 480
0 73 0 0
0 73 60 0
0 70 60 0
0 70 0 480
0 73 0 0
0 67 65 0
0 70 65 0
0 70 0 240
0 67 0 0
0 72 60 0
0 68 60 0
0 68 0 240
0 72 0 0
0 70 70 0
0 73 70 0
0 73 0 240
0 70 0 0
0 73 59 0
0 76 59 0
0 76 0 240
0 73 0 0
0 75 53 0
0 72 53 0
0 72 0 960
0 75 0 0
0 68 39 0
0 72 39 0
0 75 47 0
0 75 0 240
0 72 0 0
0 68 0 0
0 72 35 0
0 68 35 0
0 75 42 0
0 75 0 480
0 68 0 0
0 72 0 0
0 68 31 0
0 75 37 0
0 72 31 0
0 72 0 240
0 75 0 0
0 68 0 0
0 68 39 0
0 75 47 0
0 72 39 0
0 72 0 240
0 75 0 0
0 68 0 0
0 75 42 0
0 72 35 0
0 68 35 0
0 68 0 480
0 72 0 0
0 75 0 0
0 72 31 0
0 68 31 0
0 75 37 0
0 75 0 240
0 68 0 0
0 72 0 0
0 68 35 240
0 75 43 0
0 72 35 0
0 72 0 240
0 75 0 0
0 68 0 0
0 68 36 240
0 72 36 0
0 75 44 0
0 75 0 240
0 72 0 0
0 68 0 0
0 72 36 240
0 75 44 0
0 68 36 0
0 68 0 240
0 75 0 0
0 72 0 0
0 68 34 240
0 72 34 0
0 75 40 0
0 75 0 240
0 72 0 0
0 68 0 0
0 72 35 0
0 68 35 0
0 75 42 0
0 75 0 240
0 68 0 0
0 72 0 0
0 68 35 0
0 75 42 0
0 72 35 0
0 72 0 480
0 75 0 0
0 68 0 0
0 68 31 0
0 72 31 0
0 75 37 0
0 75 0 240
0 72 0 0
0 68 0 0
0 72 39 0
0 75 47 0
0 68 39 0
0 68 0 240
0 75 0 0
0 72 0 0
0 68 35 0
0 72 35 0
0 75 42 0
0 75 0 480
0 72 0 0
0 68 0 0
0 72 31 0
0 68 31 0
0 75 37 0
0 75 0 240
0 68 0 0
0 72 0 0
0 68 35 240
0 75 43 0
0 72 35 0
0 68 0 238
0 72 0 2
0 75 0 0
0 68 36 240
0 75 44 0
0 72 36 0
0 72 0 240
0 75 0 0
0 68 0 0
0 72 36 240
0 75 44 0
0 68 36 0
0 68 0 240
0 75 0 0
0 72 0 0
0 68 34 240
0 72 34 0
0 75 40 0
0 75 0 240
0 72 0 0
0 68 0 0
0 80 72 0
0 84 72 0
0 84 0 720
0 80 0 0
0 76 57 0
0 79 57 0
0 79 0 240
0 76 0 0
0 82 63 0
0 79 63 0
0 79 0 480
0 82 0 0
0 80 61 0
0 77 61 0
0 77 0 240
0 80 0 0
0 74 56 0
0 77 56 0
0 77 0 240
0 74 0 0
0 74 63 0
0 70 63 0
0 70 0 480
0 74 0 0
0 67 54 0
0 70 54 0
0 70 0 480
0 67 0 0
0 64 56 0
0 67 56 0
0 67 0 480
0 64 0 0
0 68 52 0
0 65 52 0
0 65 0 480
0 68 0 0
0 66 50 0
0 71 56 0
0 71 0 720
0 73 51 0
0 73 0 240
0 66 0 0
0 71 54 0
0 64 46 0
0 64 0 240
0 71 0 0
0 76 55 0
0 76 0 240
0 78 57 0
0 78 0 240
0 80 59 0
0 80 0 240
0 83 59 0
0 83 0 240
0 80 57 0
0 80 0 240
0 78 55 0
0 78 0 240
0 76 53 0
0 76 0 240
0 75 51 0
0 68 42 0
0 75 0 480
0 74 50 0
0 74 0 480
0 68 0 0
0 79 52 0
0 75 52 0
0 75 0 720
0 79 0 0
0 74 50 0
0 77 50 0
0 77 0 240
0 74 0 0
0 80 52 0
0 77 52 0
0 77 0 480
0 80 0 0
0 74 52 0
0 77 52 0
0 77 0 240
0 74 0 0
0 75 50 0
0 79 50 0
0 79 0 240
0 75 0 0
0 72 52 0
0 75 52 0
0 75 0 480
0 72 0 0
0 68 49 0
0 72 49 0
0 72 0 480
0 68 0 0
0 67 47 0
0 70 47 0
0 70 0 960
0 67 0 0
0 68 51 0
0 72 51 0
0 72 0 480
0 74 56 0
0 74 0 240
0 77 55 0
0 77 0 240
0 68 0 0
0 68 55 0
0 74 55 0
0 74 0 480
0 70 51 0
0 70 0 480
0 68 0 0
0 67 51 0
0 72 51 0
0 72 0 240
0 74 49 0
0 74 0 240
0 79 52 0
0 79 0 240
0 72 50 0
0 72 0 240
0 67 0 0
0 67 47 0
0 70 47 0
0 70 0 960
0 67 0 0
0 74 64 0
0 70 64 0
0 70 0 720
0 74 0 0
0 67 55 0
0 70 55 0
0 70 0 240
0 67 0 0
0 72 51 0
0 69 60 0
0 72 0 480
0 78 65 0
0 78 0 240
0 81 60 0
0 81 0 240
0 69 0 0
0 70 57 0
0 79 64 0
0 79 0 240
0 74 56 0
0 74 0 240
0 70 0 0
0 69 51 0
0 72 58 0
0 72 0 240
0 74 53 0
0 74 0 240
0 69 0 0
0 67 47 0
0 70 47 0
0 70 0 960
0 67 0 0
0 70 51 0
0 77 60 0
0 77 0 720
0 70 0 0
0 69 49 0
0 79 58 0
0 79 0 240
0 75 57 0
0 75 0 240
0 77 60 0
0 77 0 240
0 79 64 0
0 79 0 240
0 81 61 0
0 81 0 240
0 69 0 0
0 70 58 0
0 77 69 0
0 77 0 240
0 70 0 0
0 68 48 0
0 74 57 0
0 74 0 240
0 68 0 0
0 69 52 0
0 75 61 0
0 75 0 240
0 69 0 0
0 65 46 0
0 73 54 0
0 73 0 240
0 74 59 0
0 74 0 240
0 68 38 0
0 72 52 0
0 72 0 240
0 71 46 0
0 71 0 240
0 68 0 0
0 70 43 0
0 70 0 240
0 65 0 0
0 79 52 0
0 75 52 0
0 75 0 720
0 79 0 0
0 74 50 0
0 77 50 0
0 77 0 240
0 74 0 0
0 80 52 0
0 77 52 0
0 77 0 480
0 80 0 0
0 74 52 0
0 77 52 0
0 77 0 240
0 74 0 0
0 75 50 0
0 79 50 0
0 79 0 240
0 75 0 0
0 72 52 0
0 75 52 0
0 75 0 480
0 72 0 0
0 68 49 0
0 72 49 0
0 72 0 480
0 68 0 0
0 67 47 0
0 70 47 0
0 70 0 960
0 67 0 0
0 68 51 0
0 72 51 0
0 72 0 480
0 74 56 0
0 74 0 240
0 77 55 0
0 77 0 240
0 68 0 0
0 68 55 0
0 74 55 0
0 74 0 480
0 70 51 0
0 70 0 480
0 68 0 0
0 67 51 0
0 72 51 0
0 72 0 240
0 74 49 0
0 74 0 240
0 79 52 0
0 79 0 240
0 72 50 0
0 72 0 240
0 67 0 0
0 67 47 0
0 70 47 0
0 70 0 960
0 67 0 0
0 67 47 0
0 73 55 0
0 73 0 720
0 67 0 0
0 67 45 0
0 72 53 0
0 72 0 240
0 67 0 0
0 67 47 0
0 72 56 0
0 72 0 720
0 70 52 0
0 70 0 240
0 67 0 0
0 63 45 0
0 67 53 0
0 67 0 240
0 68 55 0
0 68 0 240
0 63 0 0
0 71 56 0
0 71 0 240
0 72 57 0
0 72 0 240
0 74 59 0
0 74 0 240
0 75 56 0
0 75 0 240
0 72 47 0
0 75 47 0
0 80 61 0
0 80 0 240
0 75 0 0
0 72 0 0
0 63 38 0
0 68 38 0
0 72 55 0
0 72 0 240
0 68 0 0
0 63 0 0
0 63 44 0
0 72 52 0
0 68 44 0
0 68 0 720
0 72 0 0
0 63 0 0
0 65 42 0
0 68 42 0
0 74 50 0
0 74 0 240
0 68 0 0
0 65 0 0
0 63 44 0
0 72 52 0
0 68 44 0
0 68 0 480
0 72 0 0
0 63 0 0
0 62 40 0
0 68 40 0
0 70 49 0
0 70 0 480
0 68 0 0
0 62 0 0
0 67 52 0
0 63 44 0
0 63 0 720
0 67 0 0
0 63 42 0
0 70 50 0
0 70 0 240
0 63 0 0
0 63 44 0
0 68 52 0
0 68 0 480
0 63 0 0
0 63 40 0
0 67 49 0
0 67 0 480
0 63 0 0
0 60 47 0
0 65 47 0
0 65 0 240
0 60 0 0
0 63 38 0
0 68 38 0
0 68 0 240
0 63 0 0
0 60 46 0
0 65 46 0
0 65 0 240
0 60 0 0
0 62 37 0
0 67 37 0
0 67 0 240
0 62 0 0
0 60 42 0
0 65 42 0
0 65 0 480
0 60 0 0
0 62 37 0
0 67 37 0
0 70 37 0
0 70 0 480
0 67 0 0
0 62 0 0
0 79 42 1920
0 75 42 0
0 75 0 720
0 79 0 0
0 74 38 0
0 77 38 0
0 77 0 240
0 74 0 0
0 80 39 0
0 77 39 0
0 77 0 480
0 80 0 0
0 74 38 0
0 77 38 0
0 77 0 240
0 74 0 0
0 75 35 0
0 79 35 0
0 79 0 240
0 75 0 0
0 72 35 0
0 75 35 0
0 75 0 480
0 72 0 0
0 68 31 0
0 72 31 0
0 72 0 480
0 68 0 0
0 67 29 0
0 70 29 0
0 70 0 960
0 67 0 0
0 54 25 0
0 57 25 0
0 63 29 0
0 63 0 1920
0 57 0 0
0 54 0 0
0 87 39 0
0 79 39 0
0 79 0 1440
0 87 0 0
0 89 34 0
0 89 0 80
0 91 33 0
0 91 0 80
0 89 33 0
0 89 0 80
0 87 32 0
0 87 0 80
0 84 31 0
0 84 0 80
0 82 31 0
0 82 0 80
0 79 35 0
0 79 0 960
0 71 34 0
0 77 34 0
0 75 34 0
0 75 0 960
0 77 0 0
0 71 0 0
0 99 37 0
0 94 31 0
0 91 31 0
0 87 31 0
0 87 0 1920
0 99 0 0
0 94 0 0
0 91 0 0
0 58 38 0
0 51 32 0
0 58 0 240
0 58 35 0
0 58 0 480
0 58 33 0
0 58 0 240
0 51 0 0
0 58 37 0
0 51 32 0
0 58 0 240
0 58 35 0
0 58 0 480
0 58 34 0
0 58 0 240
0 51 0 0
0 58 38 0
0 51 32 0
0 58 0 70
0 58 35 0
0 58 0 480
0 58 33 0
0 58 0 240
0 51 0 0
0 58 37 0
0 51 32 0
0 58 0 240
0 58 35 0
0 58 0 480
0 58 34 0
0 58 0 240
0 51 0 0
0 58 38 0
0 51 32 0
0 58 0 70
0 58 35 0
0 58 0 480
0 58 33 0
0 58 0 240
0 51 0 0
0 58 37 0
0 51 32 0
0 58 0 70
0 58 35 0
0 58 0 480
0 58 34 0
0 58 0 240
0 51 0 0
0 65 37 0
0 51 32 0
0 58 35 84
0 58 0 480
0 58 34 0
0 58 0 240
0 51 0 0
0 65 0 0
0 65 37 0
0 51 32 0
0 58 35 56
0 58 0 480
0 58 34 0
0 58 0 240
0 51 0 0
0 65 0 0
0 58 37 0
0 51 32 0
0 58 0 14
0 58 35 0
0 58 0 480
0 58 34 0
0 58 0 240
0 51 0 0
0 51 32 0
0 58 37 0
0 58 0 27
0 58 35 0
0 58 0 480
0 58 34 0
0 58 0 240
0 51 0 0
0 62 42 0
0 55 35 0
0 62 0 141
0 62 38 0
0 62 0 480
0 62 36 0
0 62 0 240
0 55 0 0
0 63 40 0
0 55 35 0
0 63 0 103
0 63 38 0
0 63 0 480
0 63 37 0
0 63 0 240
0 55 0 0
0 62 43 0
0 55 38 0
0 62 0 14
0 62 37 0
0 62 0 240
0 55 0 0
0 55 35 0
0 63 39 0
0 63 0 240
0 63 35 0
0 63 0 240
0 55 0 0
0 55 31 0
0 62 36 0
0 62 0 27
0 62 34 0
0 62 0 480
0 62 33 0
0 62 0 240
0 55 0 0
0 53 42 0
0 62 60 0
0 53 0 114
0 53 42 0
0 62 0 480
0 63 47 0
0 63 0 240
0 60 48 0
0 60 0 114
0 62 49 0
0 62 0 240
0 63 50 0
0 63 0 240
0 65 50 0
0 65 0 240
0 53 0 0
0 62 56 0
0 62 0 114
0 59 49 0
0 59 0 240
0 60 52 0
0 60 0 137
0 57 48 0
0 57 0 240
0 58 51 0
0 63 39 125
0 63 0 240
0 62 36 0
0 62 0 480
0 58 0 0
0 58 38 0
0 51 32 0
0 58 0 70
0 58 35 0
0 58 0 480
0 58 33 0
0 58 0 240
0 51 0 0
0 58 37 0
0 51 32 0
0 58 0 240
0 58 35 0
0 58 0 480
0 58 34 0
0 58 0 240
0 51 0 0
0 58 38 0
0 51 32 0
0 58 0 56
0 58 35 0
0 58 0 480
0 58 33 0
0 58 0 240
0 51 0 0
0 58 37 0
0 51 32 0
0 58 0 99
0 58 35 0
0 58 0 480
0 58 34 0
0 58 0 240
0 51 0 0
0 65 37 0
0 51 32 0
0 58 35 28
0 58 0 480
0 58 34 0
0 58 0 240
0 51 0 0
0 65 0 0
0 65 37 0
0 51 32 0
0 58 35 56
0 58 0 480
0 58 34 0
0 58 0 240
0 51 0 0
0 65 0 0
0 58 37 0
0 51 32 0
0 58 0 56
0 58 35 0
0 58 0 480
0 58 34 0
0 58 0 240
0 51 0 0
0 51 32 0
0 58 37 0
0 58 0 27
0 58 35 0
0 58 0 480
0 58 34 0
0 58 0 240
0 51 0 0
0 62 42 0
0 55 35 0
0 62 0 56
0 62 38 0
0 62 0 480
0 62 36 0
0 62 0 240
0 55 0 0
0 63 40 0
0 55 35 0
0 63 0 103
0 63 38 0
0 63 0 480
0 63 37 0
0 63 0 240
0 55 0 0
0 62 43 0
0 55 38 0
0 62 0 14
0 62 37 0
0 62 0 240
0 55 0 0
0 55 35 0
0 63 39 0
0 63 0 240
0 63 35 0
0 63 0 240
0 55 0 0
0 55 31 0
0 62 36 0
0 62 0 27
0 62 34 0
0 62 0 480
0 62 33 0
0 62 0 240
0 55 0 0
0 53 34 0
0 62 39 0
0 62 0 27
0 62 37 0
0 62 0 240
0 53 0 0
0 63 49 0
0 63 0 80
0 66 43 0
0 66 0 240
0 63 49 0
0 63 0 240
0 66 44 0
0 66 0 240
0 70 51 0
0 70 0 240
0 66 47 0
0 66 0 240
0 53 43 0
0 65 43 0
0 65 0 70
0 65 39 0
0 65 0 240
0 63 42 0
0 63 0 240
0 63 37 0
0 63 0 240
0 53 0 0
0 62 42 0
0 58 42 0
0 58 0 169
0 62 0 0
0 59 36 0
0 59 0 180
0 62 32 0
0 60 38 60
0 62 0 7
0 60 0 166
0 58 35 0
0 58 0 240
0 34 38 0
0 34 0 42
0 58 35 0
0 58 0 480
0 58 33 0
0 58 0 240
0 58 37 0
0 58 0 240
0 58 35 0
0 58 0 480
0 58 34 0
0 58 0 240
0 58 38 0
0 58 0 56
0 58 35 0
0 58 0 480
0 58 33 0
0 58 0 240
0 58 37 0
0 58 0 28
0 58 35 0
0 58 0 480
0 58 34 0
0 58 0 240
0 34 54 0
0 34 0 91
0 58 47 0
0 58 0 480
0 58 38 0
0 58 0 240
0 58 39 0
0 58 0 240
0 58 38 0
0 58 0 480
0 58 36 0
0 58 0 240
0 58 40 0
0 58 0 28
0 58 38 0
0 58 0 480
0 58 35 0
0 58 0 240
0 57 45 0
0 57 0 141
0 58 39 0
0 58 0 60
0 61 34 0
0 59 40 60
0 61 0 20
0 58 38 220
0 59 0 20
0 58 0 220
0 63 44 0
0 63 0 388
0 56 30 0
0 56 0 480
0 57 44 0
0 63 47 185
0 63 0 480
0 60 36 0
0 60 0 240
0 57 0 0
0 58 44 0
0 58 0 430
0 56 30 0
0 56 0 480
0 55 40 0
0 48 36 537
0 48 0 240
0 55 0 0
0 48 34 0
0 41 37 0
0 48 0 68
0 48 35 0
0 48 0 480
0 48 34 0
0 48 0 240
0 41 0 0
0 48 34 0
0 41 37 0
0 48 0 70
0 48 35 0
0 48 0 480
0 48 34 0
0 48 0 240
0 41 0 0
0 48 34 0
0 41 37 0
0 48 0 68
0 48 35 0
0 48 0 480
0 48 34 0
0 48 0 240
0 41 0 0
0 41 50 0
0 48 50 0
0 41 0 80
0 41 53 0
0 41 0 480
0 40 54 0
0 40 0 240
0 48 0 0
0 39 56 0
0 39 0 14
0 63 44 0
0 63 0 480
0 63 42 0
0 63 0 240
0 63 42 0
0 63 0 84
0 63 44 0
0 63 0 480
0 63 42 0
0 63 0 240
0 63 42 0
0 63 0 14
0 63 44 0
0 63 0 480
0 63 42 0
0 63 0 240
0 56 49 0
0 56 0 27
0 63 46 0
0 63 0 240
0 68 53 0
0 68 0 240
0 67 48 0
0 67 0 240
0 67 54 0
0 67 0 564
0 65 50 0
0 65 0 240
0 60 53 0
0 60 0 308
0 59 48 0
0 59 0 240
0 60 42 0
0 60 0 240
0 65 53 0
0 65 0 353
0 67 51 0
0 67 0 480
0 67 53 0
0 67 0 324
0 65 52 0
0 65 0 480
0 67 54 0
0 67 0 522
0 65 50 0
0 65 0 240
0 60 53 0
0 60 0 308
0 59 48 0
0 59 0 240
0 60 42 0
0 60 0 240
0 65 53 0
0 65 0 113
0 67 49 0
0 67 0 240
0 68 51 0
0 68 0 240
0 67 47 0
0 67 0 240
0 67 53 0
0 67 0 254
0 65 52 0
0 65 0 480
0 34 54 0
0 34 0 11
0 58 47 0
0 58 0 480
0 58 38 0
0 58 0 240
0 58 39 0
0 58 0 240
0 58 38 0
0 58 0 480
0 58 36 0
0 58 0 240
0 58 39 0
0 58 0 70
0 58 38 0
0 58 0 480
0 58 36 0
0 58 0 240
0 58 39 0
0 58 0 56
0 58 38 0
0 58 0 480
0 58 36 0
0 58 0 240
0 57 37 0
0 63 56 0
0 57 0 125
0 57 37 0
0 57 0 480
0 57 37 0
0 57 0 240
0 63 0 0
0 56 39 0
0 56 0 308
0 65 35 811
0 58 35 0
0 58 0 666
0 65 0 0
0 58 38 0
0 51 32 0
0 58 0 56
0 58 35 0
0 58 0 480
0 58 33 0
0 58 0 240
0 51 0 0
0 58 37 0
0 51 32 0
0 58 0 240
0 58 35 0
0 58 0 480
0 58 34 0
0 58 0 240
0 51 0 0
0 58 38 0
0 51 32 0
0 58 0 28
0 58 35 0
0 58 0 480
0 58 33 0
0 58 0 240
0 51 0 0
0 58 37 0
0 51 32 0
0 58 0 84
0 58 35 0
0 58 0 480
0 58 34 0
0 58 0 240
0 51 0 0
0 65 37 0
0 51 32 0
0 58 35 42
0 58 0 480
0 58 34 0
0 58 0 240
0 51 0 0
0 65 0 0
0 65 37 0
0 51 32 0
0 58 35 14
0 58 0 480
0 58 34 0
0 58 0 240
0 51 0 0
0 65 0 0
0 58 37 0
0 51 32 0
0 58 0 56
0 58 35 0
0 58 0 480
0 58 34 0
0 58 0 240
0 51 0 0
0 51 32 0
0 58 37 0
0 58 0 27
0 58 35 0
0 58 0 480
0 58 34 0
0 58 0 240
0 51 0 0
0 62 42 0
0 55 35 0
0 62 0 84
0 62 38 0
0 62 0 480
0 62 36 0
0 62 0 240
0 55 0 0
0 63 40 0
0 55 35 0
0 63 0 80
0 63 38 0
0 63 0 480
0 63 37 0
0 63 0 240
0 55 0 0
0 62 43 0
0 55 38 0
0 62 0 14
0 62 37 0
0 62 0 240
0 55 0 0
0 55 35 0
0 63 39 0
0 63 0 240
0 63 35 0
0 63 0 240
0 55 0 0
0 55 31 0
0 62 36 0
0 62 0 27
0 62 34 0
0 62 0 480
0 62 33 0
0 62 0 240
0 55 0 0
0 53 42 0
0 62 60 0
0 53 0 103
0 53 42 0
0 62 0 480
0 63 47 0
0 63 0 240
0 60 48 0
0 60 0 57
0 62 49 0
0 62 0 240
0 63 50 0
0 63 0 240
0 65 50 0
0 65 0 240
0 53 0 0
0 62 56 0
0 62 0 149
0 59 49 0
0 59 0 240
0 60 52 0
0 60 0 114
0 57 48 0
0 57 0 240
0 58 51 0
0 63 39 68
0 63 0 240
0 62 36 0
0 62 0 480
0 58 0 0
0 58 38 0
0 51 32 0
0 58 0 70
0 58 35 0
0 58 0 480
0 58 33 0
0 58 0 240
0 51 0 0
0 58 37 0
0 51 32 0
0 58 0 240
0 58 35 0
0 58 0 480
0 58 34 0
0 58 0 240
0 51 0 0
0 58 38 0
0 51 32 0
0 58 0 28
0 58 35 0
0 58 0 480
0 58 33 0
0 58 0 240
0 51 0 0
0 58 37 0
0 51 32 0
0 58 0 84
0 58 35 0
0 58 0 480
0 58 34 0
0 58 0 240
0 51 0 0
0 65 37 0
0 51 32 0
0 58 35 14
0 58 0 480
0 58 34 0
0 58 0 240
0 51 0 0
0 65 0 0
0 65 37 0
0 51 32 0
0 58 35 84
0 58 0 480
0 58 34 0
0 58 0 240
0 51 0 0
0 65 0 0
0 58 37 0
0 51 32 0
0 58 0 70
0 58 35 0
0 58 0 480
0 58 34 0
0 58 0 240
0 51 0 0
0 51 32 0
0 58 37 0
0 58 0 84
0 58 35 0
0 58 0 480
0 58 34 0
0 58 0 240
0 51 0 0
0 65 52 0
0 65 0 99
0 51 47 0
0 51 0 480
0 63 40 0
0 63 0 240
0 63 49 0
0 63 0 113
0 62 42 0
0 62 0 240
0 61 39 0
0 61 0 480
0 59 49 0
0 59 0 68
0 60 46 0
0 60 0 240
0 55 52 0
0 55 0 240
0 56 47 0
0 56 0 240
0 59 51 0
0 59 0 103
0 60 48 0
0 60 0 240
0 53 45 0
0 53 0 480
0 46 44 0
0 46 0 99
0 58 36 0
0 58 0 480
0 58 36 0
0 58 0 480
0 58 35 0
0 58 0 480
0 58 34 0
0 58 0 240
0 46 44 0
0 46 0 99
0 58 48 0
0 58 0 480
0 62 36 0
0 62 0 480
0 60 35 0
0 60 0 480
0 58 34 0
0 58 0 240
0 46 33 0
0 56 33 0
0 56 0 70
0 46 0 0
0 60 30 0
0 60 0 240
0 56 32 0
0 56 0 240
0 58 30 0
0 58 0 240
0 56 31 0
0 56 0 266
0 46 28 0
0 56 28 0
0 56 0 480
0 46 0 0
0 46 32 0
0 39 28 0
0 46 0 28
0 46 30 0
0 46 0 480
0 46 28 0
0 46 0 240
0 39 0 0
0 46 30 0
0 39 27 0
0 46 0 240
0 46 28 0
0 46 0 480
0 46 27 0
0 46 0 240
0 39 0 0
0 46 29 0
0 39 25 0
0 46 0 56
0 46 27 0
0 46 0 480
0 46 26 0
0 46 0 240
0 39 0 0
0 46 28 0
0 39 23 0
0 46 0 240
0 46 26 0
0 46 0 480
0 46 25 0
0 46 0 240
0 39 0 0
0 46 26 0
0 39 21 0
0 46 0 84
0 46 25 0
0 46 0 480
0 46 21 0
0 46 0 240
0 39 0 0
0 46 25 0
0 39 19 0
0 46 0 70
0 46 21 0
0 46 0 480
0 46 19 0
0 46 0 240
0 39 0 0
0 47 23 0
0 39 18 0
0 47 0 57
0 47 19 0
0 47 0 480
0 47 17 0
0 47 0 240
0 39 0 0
0 47 19 0
0 39 16 0
0 47 0 240
0 47 17 0
0 47 0 480
0 47 15 0
0 47 0 240
0 39 0 0
0 39 33 0
0 39 0 169
0 46 29 0
0 46 0 240
0 51 34 0
0 51 0 240
0 55 31 0
0 55 0 240
0 58 36 0
0 58 0 960
0 63 30 693
0 56 30 0
0 56 0 960
0 63 0 0
0 27 19 0
0 39 23 0
0 39 0 1493
0 27 0 0
