0 65 49 1920
0 68 58 0
0 68 0 480
0 65 0 0
0 66 50 0
0 69 60 0
0 69 0 240
0 66 0 0
0 66 47 0
0 69 56 0
0 69 0 360
0 66 0 0
0 64 44 0
0 73 52 0
0 73 0 120
0 64 0 0
0 63 47 0
0 71 56 0
0 71 0 360
0 63 0 0
0 67 51 0
0 63 42 0
0 63 0 120
0 67 0 0
0 64 47 0
0 68 56 0
0 68 0 240
0 64 0 0
0 68 49 0
0 71 58 0
0 71 0 360
0 68 0 0
0 80 58 0
0 76 48 0
0 76 0 120
0 80 0 0
0 78 55 0
0 75 46 0
0 75 0 360
0 78 0 0
0 76 52 0
0 73 44 0
0 73 0 120
0 76 0 0
0 75 56 0
0 71 47 0
0 71 0 80
0 75 0 0
0 76 48 0
0 73 40 0
0 73 0 80
0 76 0 0
0 75 48 0
0 71 40 0
0 71 0 80
0 75 0 0
0 73 53 0
0 69 45 0
0 69 0 360
0 73 0 0
0 75 52 0
0 71 44 0
0 71 0 120
0 75 0 0
0 73 47 0
0 76 56 0
0 76 0 360
0 73 0 0
0 73 52 0
0 69 44 0
0 69 0 120
0 73 0 0
0 68 40 0
0 71 48 0
0 71 0 720
0 68 0 0
0 71 49 480
0 77 56 0
0 77 0 240
0 71 0 0
0 73 49 0
0 78 55 0
0 78 0 360
0 73 0 0
0 74 55 0
0 80 55 0
0 83 50 60
0 80 0 60
0 74 0 0
0 81 58 0
0 77 49 0
0 83 0 20
0 81 0 340
0 80 57 0
0 80 0 120
0 77 0 0
0 73 46 0
0 85 46 0
0 80 60 0
0 80 0 240
0 78 58 0
0 78 0 360
0 77 50 0
0 77 0 120
0 85 0 0
0 73 0 0
0 78 53 0
0 78 0 360
0 72 55 0
0 69 55 0
0 69 0 120
0 72 0 0
0 71 57 0
0 69 47 0
0 71 0 240
0 77 58 0
0 77 0 360
0 78 59 0
0 78 0 120
0 69 0 0
0 81 61 0
0 81 0 360
0 80 57 0
0 80 0 120
0 83 42 0
0 71 38 0
0 78 55 0
0 78 0 240
0 76 52 0
0 76 0 360
0 75 50 0
0 76 50 114
0 75 0 6
0 76 0 234
0 83 0 6
0 71 0 120
0 65 49 0
0 68 58 0
0 68 0 120
0 65 0 0
0 66 50 0
0 69 60 0
0 69 0 240
0 66 0 0
0 66 47 0
0 69 56 0
0 69 0 360
0 66 0 0
0 64 44 0
0 73 52 0
0 73 0 120
0 64 0 0
0 63 47 0
0 71 56 0
0 71 0 360
0 63 0 0
0 67 51 0
0 63 42 0
0 63 0 120
0 67 0 0
0 64 47 0
0 68 56 0
0 68 0 240
0 64 0 0
0 68 49 0
0 71 58 0
0 71 0 360
0 68 0 0
0 80 60 0
0 76 50 0
0 76 0 120
0 80 0 0
0 78 55 0
0 75 46 0
0 75 0 360
0 78 0 0
0 76 52 0
0 73 44 0
0 73 0 120
0 76 0 0
0 75 56 0
0 71 47 0
0 71 0 80
0 75 0 0
0 76 48 0
0 73 40 0
0 73 0 80
0 76 0 0
0 75 48 0
0 71 40 0
0 71 0 80
0 75 0 0
0 73 53 0
0 69 45 0
0 69 0 360
0 73 0 0
0 75 52 0
0 71 44 0
0 71 0 120
0 75 0 0
0 73 47 0
0 76 56 0
0 76 0 360
0 73 0 0
0 73 52 0
0 69 44 0
0 69 0 120
0 73 0 0
0 68 40 0
0 71 48 0
0 71 0 720
0 68 0 0
0 76 52 480
0 81 65 0
0 81 0 240
0 79 61 0
0 79 0 360
0 81 61 0
0 81 0 120
0 76 0 0
0 84 57 0
0 79 51 6
0 84 0 354
0 77 50 0
0 77 0 120
0 80 57 0
0 75 48 0
0 79 0 6
0 80 0 234
0 78 51 0
0 78 0 360
0 80 51 0
0 80 0 120
0 75 0 0
0 78 44 0
0 83 47 0
0 83 0 360
0 76 50 0
0 76 0 120
0 78 0 0
0 77 56 0
0 74 49 0
0 74 0 240
0 77 0 0
0 78 55 0
0 73 49 0
0 73 0 360
0 78 0 0
0 80 55 0
0 74 55 0
0 74 0 120
0 80 0 0
0 81 58 0
0 73 48 0
0 73 0 480
0 81 0 0
0 78 60 0
0 75 50 0
0 75 0 240
0 78 0 0
0 81 58 0
0 75 49 0
0 75 0 360
0 81 0 0
0 80 53 0
0 75 45 0
0 75 0 120
0 80 0 0
0 76 55 0
0 71 42 0
0 71 0 480
0 76 0 0
0 69 60 0
0 66 50 0
0 66 0 240
0 69 0 0
0 69 56 0
0 66 47 0
0 66 0 360
0 69 0 0
0 73 52 0
0 64 44 0
0 64 0 120
0 73 0 0
0 71 56 0
0 63 47 0
0 63 0 360
0 71 0 0
0 63 42 0
0 67 51 0
0 67 0 120
0 63 0 0
0 68 56 0
0 64 47 0
0 64 0 240
0 68 0 0
0 71 58 0
0 68 49 0
0 68 0 360
0 71 0 0
0 76 50 0
0 80 60 0
0 80 0 120
0 76 0 0
0 75 46 0
0 78 55 0
0 78 0 360
0 75 0 0
0 76 52 0
0 73 44 0
0 73 0 120
0 76 0 0
0 71 47 0
0 75 56 0
0 75 0 80
0 71 0 0
0 73 40 0
0 76 48 0
0 76 0 80
0 73 0 0
0 71 40 0
0 75 48 0
0 75 0 80
0 71 0 0
0 69 45 0
0 73 53 0
0 73 0 360
0 69 0 0
0 71 44 0
0 75 52 0
0 75 0 120
0 71 0 0
0 73 47 0
0 76 56 0
0 76 0 360
0 73 0 0
0 69 44 0
0 73 52 0
0 73 0 120
0 69 0 0
0 68 40 0
0 71 48 0
0 71 0 720
0 68 0 0
0 77 56 480
0 71 49 0
0 71 0 240
0 77 0 0
0 78 55 0
0 73 49 0
0 73 0 360
0 78 0 0
0 80 55 0
0 74 55 0
0 83 50 60
0 74 0 60
0 80 0 0
0 77 46 0
0 81 55 0
0 83 0 20
0 81 0 340
0 80 57 0
0 80 0 120
0 77 0 0
0 85 46 0
0 73 43 0
0 80 60 0
0 80 0 240
0 78 58 0
0 78 0 360
0 77 51 0
0 77 0 120
0 73 0 0
0 85 0 0
0 78 55 0
0 78 0 360
0 72 55 0
0 69 55 0
0 69 0 120
0 72 0 0
0 69 47 0
0 71 57 0
0 71 0 240
0 77 58 0
0 77 0 360
0 78 59 0
0 78 0 120
0 69 0 0
0 75 47 0
0 81 62 0
0 81 0 360
0 80 57 0
0 80 0 120
0 75 0 0
0 83 40 0
0 71 39 0
0 78 55 0
0 78 0 240
0 76 52 0
0 76 0 360
0 75 50 0
0 76 50 114
0 75 0 6
0 76 0 234
0 83 0 6
0 71 0 120
0 68 58 0
0 64 49 0
0 64 0 120
0 68 0 0
0 69 60 0
0 66 50 0
0 66 0 240
0 69 0 0
0 66 47 0
0 69 56 0
0 69 0 360
0 66 0 0
0 64 44 0
0 73 52 0
0 73 0 120
0 64 0 0
0 63 47 0
0 71 56 0
0 71 0 360
0 63 0 0
0 67 51 0
0 63 42 0
0 63 0 120
0 67 0 0
0 64 47 0
0 68 56 0
0 68 0 240
0 64 0 0
0 68 49 0
0 71 58 0
0 71 0 360
0 68 0 0
0 80 60 0
0 76 50 0
0 76 0 120
0 80 0 0
0 75 46 0
0 78 55 0
0 78 0 360
0 75 0 0
0 76 52 0
0 73 44 0
0 73 0 120
0 76 0 0
0 75 56 0
0 71 47 0
0 71 0 80
0 75 0 0
0 76 48 0
0 73 40 0
0 73 0 80
0 76 0 0
0 75 48 0
0 71 40 0
0 71 0 80
0 75 0 0
0 73 53 0
0 69 45 0
0 69 0 360
0 73 0 0
0 75 52 0
0 71 44 0
0 71 0 120
0 75 0 0
0 76 56 0
0 73 47 0
0 73 0 360
0 76 0 0
0 69 44 0
0 73 52 0
0 73 0 120
0 69 0 0
0 71 48 0
0 68 40 0
0 68 0 720
0 71 0 0
0 76 53 480
0 81 67 0
0 81 0 240
0 79 61 0
0 79 0 360
0 81 61 0
0 81 0 120
0 76 0 0
0 84 53 0
0 79 61 6
0 84 0 354
0 77 50 0
0 77 0 120
0 80 57 0
0 75 46 0
0 79 0 6
0 80 0 234
0 78 51 0
0 78 0 360
0 80 51 0
0 80 0 120
0 75 0 0
0 83 45 0
0 78 47 0
0 83 0 360
0 76 50 0
0 76 0 120
0 78 0 0
0 74 49 0
0 77 56 0
0 77 0 240
0 74 0 0
0 78 55 0
0 73 49 0
0 73 0 360
0 78 0 0
0 80 55 0
0 74 55 0
0 74 0 120
0 80 0 0
0 81 58 0
0 73 49 0
0 73 0 480
0 81 0 0
0 78 60 0
0 75 50 0
0 75 0 240
0 78 0 0
0 81 58 0
0 75 49 0
0 75 0 360
0 81 0 0
0 80 53 0
0 75 45 0
0 75 0 120
0 80 0 0
0 76 55 0
0 71 42 0
0 71 0 480
0 76 0 0
0 75 37 240
0 71 37 0
0 66 30 0
0 63 30 0
0 63 0 480
0 75 0 0
0 71 0 0
0 66 0 0
0 75 37 0
0 71 37 0
0 66 30 0
0 63 30 0
0 63 0 480
0 75 0 0
0 71 0 0
0 66 0 0
0 75 37 240
0 71 37 0
0 66 30 0
0 63 30 0
0 63 0 480
0 75 0 0
0 71 0 0
0 66 0 0
0 75 37 0
0 71 37 0
0 66 30 0
0 63 30 0
0 63 0 480
0 75 0 0
0 71 0 0
0 66 0 0
0 75 37 240
0 71 37 0
0 66 30 0
0 63 30 0
0 63 0 480
0 75 0 0
0 71 0 0
0 66 0 0
0 75 37 0
0 71 37 0
0 66 30 0
0 63 30 0
0 63 0 480
0 75 0 0
0 71 0 0
0 66 0 0
0 62 52 240
0 62 0 360
0 63 51 0
0 63 0 120
0 66 56 0
0 66 0 360
0 71 56 0
0 71 0 120
0 69 57 0
0 78 63 0
0 78 0 240
0 76 62 0
0 76 0 360
0 75 59 0
0 75 0 60
0 75 50 0
0 75 0 30
0 78 50 0
0 78 0 30
0 76 58 0
0 76 0 360
0 75 55 0
0 75 0 120
0 69 0 0
0 68 51 0
0 72 59 0
0 72 0 240
0 73 56 0
0 73 0 360
0 76 59 0
0 76 0 120
0 68 0 0
0 80 64 0
0 80 0 360
0 83 61 0
0 83 0 120
0 83 62 0
0 87 70 0
0 87 0 240
0 83 0 0
0 82 55 0
0 85 61 0
0 85 0 360
0 82 0 0
0 78 53 0
0 82 60 0
0 82 0 120
0 78 0 0
0 76 58 0
0 80 64 0
0 80 0 360
0 76 0 0
0 74 49 0
0 77 56 0
0 77 0 120
0 74 0 0
0 75 52 0
0 78 59 0
0 78 0 1200
0 75 0 0
0 78 33 240
0 74 33 0
0 71 27 0
0 66 27 0
0 66 0 480
0 78 0 0
0 74 0 0
0 71 0 0
0 78 33 0
0 74 33 0
0 71 27 0
0 66 27 0
0 66 0 480
0 78 0 0
0 74 0 0
0 71 0 0
0 78 33 240
0 74 33 0
0 71 27 0
0 66 27 0
0 66 0 480
0 78 0 0
0 74 0 0
0 71 0 0
0 78 33 0
0 74 33 0
0 71 27 0
0 66 27 0
0 66 0 480
0 78 0 0
0 74 0 0
0 71 0 0
0 78 33 240
0 74 33 0
0 71 27 0
0 68 27 0
0 68 0 480
0 78 0 0
0 74 0 0
0 71 0 0
0 81 51 0
0 76 39 0
0 73 39 0
0 81 0 360
0 79 46 0
0 79 0 120
0 73 0 0
0 76 0 0
0 74 47 0
0 78 52 0
0 78 0 720
0 74 0 0
0 72 56 480
0 78 56 0
0 81 67 0
0 81 0 240
0 78 0 0
0 72 0 0
0 71 54 0
0 76 54 0
0 80 64 0
0 80 0 360
0 76 0 0
0 71 0 0
0 73 53 0
0 76 53 0
0 79 63 0
0 79 0 120
0 76 0 0
0 73 0 0
0 74 56 0
0 78 67 0
0 78 0 360
0 74 0 0
0 78 52 0
0 83 62 0
0 83 0 120
0 78 0 0
0 71 65 0
0 77 65 0
0 83 77 0
0 83 0 240
0 77 0 0
0 71 0 0
0 71 60 0
0 76 60 0
0 83 72 0
0 83 0 360
0 76 0 0
0 71 0 0
0 71 60 0
0 73 60 0
0 83 72 0
0 83 0 120
0 73 0 0
0 71 0 0
0 71 61 0
0 74 61 0
0 83 73 0
0 83 0 480
0 74 0 0
0 71 0 0
0 67 48 0
0 71 48 0
0 73 57 0
0 73 0 240
0 71 0 0
0 67 0 0
0 67 46 0
0 71 46 0
0 73 55 0
0 73 0 360
0 71 0 0
0 67 0 0
0 67 51 0
0 71 51 0
0 74 60 0
0 74 0 120
0 71 0 0
0 67 0 0
0 67 53 0
0 71 53 0
0 76 62 0
0 76 0 360
0 79 64 0
0 79 0 120
0 71 0 0
0 67 0 0
0 70 53 0
0 74 62 0
0 74 0 240
0 70 0 0
0 70 38 0
0 73 55 0
0 73 0 360
0 70 0 0
0 70 36 0
0 74 50 0
0 74 0 120
0 70 0 0
0 66 33 0
0 71 52 0
0 71 0 480
0 66 0 0
0 75 37 240
0 71 37 0
0 66 30 0
0 63 30 0
0 63 0 480
0 75 0 0
0 71 0 0
0 66 0 0
0 75 37 0
0 71 37 0
0 66 30 0
0 63 30 0
0 63 0 480
0 75 0 0
0 71 0 0
0 66 0 0
0 75 37 240
0 71 37 0
0 66 30 0
0 63 30 0
0 63 0 480
0 75 0 0
0 71 0 0
0 66 0 0
0 75 37 0
0 71 37 0
0 66 30 0
0 63 30 0
0 63 0 480
0 75 0 0
0 71 0 0
0 66 0 0
0 75 37 240
0 71 37 0
0 66 30 0
0 63 30 0
0 63 0 480
0 75 0 0
0 71 0 0
0 66 0 0
0 75 37 0
0 71 37 0
0 66 30 0
0 63 30 0
0 63 0 480
0 75 0 0
0 71 0 0
0 66 0 0
0 62 52 240
0 62 0 360
0 63 51 0
0 63 0 120
0 66 56 0
0 66 0 360
0 71 56 0
0 71 0 120
0 69 57 0
0 78 63 0
0 78 0 240
0 76 62 0
0 76 0 360
0 75 59 0
0 75 0 60
0 75 50 0
0 75 0 30
0 78 50 0
0 78 0 30
0 76 58 0
0 76 0 360
0 75 55 0
0 75 0 120
0 69 0 0
0 68 51 0
0 72 59 0
0 72 0 240
0 73 56 0
0 73 0 360
0 76 59 0
0 76 0 120
0 68 0 0
0 80 64 0
0 80 0 360
0 83 61 0
0 83 0 120
0 83 62 0
0 87 70 0
0 87 0 240
0 83 0 0
0 82 55 0
0 85 61 0
0 85 0 360
0 82 0 0
0 78 53 0
0 82 60 0
0 82 0 120
0 78 0 0
0 76 58 0
0 80 64 0
0 80 0 360
0 76 0 0
0 74 49 0
0 77 56 0
0 77 0 120
0 74 0 0
0 75 52 0
0 78 59 0
0 78 0 1200
0 75 0 0
0 78 33 240
0 74 33 0
0 71 27 0
0 66 27 0
0 66 0 480
0 78 0 0
0 74 0 0
0 71 0 0
0 78 33 0
0 74 33 0
0 71 27 0
0 66 27 0
0 66 0 480
0 78 0 0
0 74 0 0
0 71 0 0
0 78 33 240
0 74 33 0
0 71 27 0
0 66 27 0
0 66 0 480
0 78 0 0
0 74 0 0
0 71 0 0
0 78 33 0
0 74 33 0
0 71 27 0
0 66 27 0
0 66 0 480
0 78 0 0
0 74 0 0
0 71 0 0
0 78 33 240
0 74 33 0
0 71 27 0
0 68 27 0
0 68 0 480
0 78 0 0
0 74 0 0
0 71 0 0
0 81 51 0
0 76 39 0
0 73 39 0
0 81 0 360
0 79 46 0
0 79 0 120
0 73 0 0
0 76 0 0
0 74 47 0
0 78 52 0
0 78 0 720
0 74 0 0
0 72 56 480
0 78 56 0
0 81 67 0
0 81 0 240
0 78 0 0
0 72 0 0
0 71 54 0
0 76 54 0
0 80 64 0
0 80 0 360
0 76 0 0
0 71 0 0
0 73 53 0
0 76 53 0
0 79 63 0
0 79 0 120
0 76 0 0
0 73 0 0
0 74 56 0
0 78 67 0
0 78 0 360
0 74 0 0
0 78 52 0
0 83 62 0
0 83 0 120
0 78 0 0
0 71 65 0
0 77 65 0
0 83 77 0
0 83 0 240
0 77 0 0
0 71 0 0
0 71 60 0
0 76 60 0
0 83 72 0
0 83 0 360
0 76 0 0
0 71 0 0
0 71 60 0
0 73 60 0
0 83 72 0
0 83 0 120
0 73 0 0
0 71 0 0
0 71 61 0
0 74 61 0
0 83 73 0
0 83 0 480
0 74 0 0
0 71 0 0
0 67 48 0
0 71 48 0
0 73 57 0
0 73 0 240
0 71 0 0
0 67 0 0
0 67 46 0
0 71 46 0
0 73 55 0
0 73 0 360
0 71 0 0
0 67 0 0
0 67 51 0
0 71 51 0
0 74 60 0
0 74 0 120
0 71 0 0
0 67 0 0
0 67 53 0
0 71 53 0
0 76 62 0
0 76 0 360
0 79 64 0
0 79 0 120
0 71 0 0
0 67 0 0
0 70 53 0
0 74 62 0
0 74 0 240
0 70 0 0
0 70 38 0
0 73 55 0
0 73 0 360
0 70 0 0
0 70 36 0
0 74 50 0
0 74 0 120
0 70 0 0
0 66 33 0
0 71 52 0
0 71 0 480
0 66 0 0
0 66 50 0
0 69 60 0
0 69 0 240
0 66 0 0
0 66 47 0
0 69 56 0
0 69 0 360
0 66 0 0
0 64 44 0
0 73 52 0
0 73 0 120
0 64 0 0
0 63 47 0
0 71 56 0
0 71 0 360
0 63 0 0
0 67 51 0
0 63 42 0
0 63 0 120
0 67 0 0
0 64 47 0
0 68 56 0
0 68 0 240
0 64 0 0
0 68 49 0
0 71 58 0
0 71 0 360
0 68 0 0
0 80 58 0
0 76 48 0
0 76 0 120
0 80 0 0
0 75 46 0
0 78 55 0
0 78 0 360
0 75 0 0
0 73 44 0
0 76 52 0
0 76 0 120
0 73 0 0
0 71 47 0
0 75 56 0
0 75 0 80
0 71 0 0
0 73 40 0
0 76 48 0
0 76 0 80
0 73 0 0
0 71 40 0
0 75 48 0
0 75 0 80
0 71 0 0
0 69 45 0
0 73 53 0
0 73 0 360
0 69 0 0
0 71 44 0
0 75 52 0
0 75 0 120
0 71 0 0
0 73 47 0
0 76 56 0
0 76 0 360
0 73 0 0
0 69 44 0
0 73 52 0
0 73 0 120
0 69 0 0
0 68 40 0
0 71 48 0
0 71 0 720
0 68 0 0
0 71 49 480
0 77 56 0
0 77 0 240
0 71 0 0
0 73 49 0
0 78 55 0
0 78 0 360
0 73 0 0
0 74 55 0
0 80 55 0
0 83 50 60
0 80 0 60
0 74 0 0
0 77 49 0
0 81 58 0
0 83 0 20
0 81 0 340
0 80 57 0
0 80 0 120
0 77 0 0
0 73 46 0
0 85 46 0
0 80 60 0
0 80 0 240
0 78 58 0
0 78 0 360
0 77 50 0
0 77 0 120
0 85 0 0
0 73 0 0
0 78 53 0
0 78 0 360
0 69 55 0
0 72 55 0
0 72 0 120
0 69 0 0
0 69 47 0
0 71 57 0
0 71 0 240
0 77 58 0
0 77 0 360
0 78 59 0
0 78 0 120
0 69 0 0
0 81 61 0
0 81 0 360
0 80 57 0
0 80 0 120
0 71 38 0
0 83 42 0
0 78 55 0
0 78 0 240
0 76 52 0
0 76 0 360
0 75 50 0
0 76 50 114
0 75 0 6
0 76 0 234
0 83 0 6
0 71 0 120
0 68 58 0
0 65 49 0
0 65 0 120
0 68 0 0
0 66 50 0
0 69 60 0
0 69 0 240
0 66 0 0
0 66 47 0
0 69 56 0
0 69 0 360
0 66 0 0
0 64 44 0
0 73 52 0
0 73 0 120
0 64 0 0
0 63 47 0
0 71 56 0
0 71 0 360
0 63 0 0
0 67 51 0
0 63 42 0
0 63 0 120
0 67 0 0
0 64 47 0
0 68 56 0
0 68 0 240
0 64 0 0
0 68 49 0
0 71 58 0
0 71 0 360
0 68 0 0
0 80 60 0
0 76 50 0
0 76 0 120
0 80 0 0
0 75 46 0
0 78 55 0
0 78 0 360
0 75 0 0
0 73 44 0
0 76 52 0
0 76 0 120
0 73 0 0
0 71 47 0
0 75 56 0
0 75 0 80
0 71 0 0
0 73 40 0
0 76 48 0
0 76 0 80
0 73 0 0
0 71 40 0
0 75 48 0
0 75 0 80
0 71 0 0
0 69 45 0
0 73 53 0
0 73 0 360
0 69 0 0
0 71 44 0
0 75 52 0
0 75 0 120
0 71 0 0
0 73 47 0
0 76 56 0
0 76 0 360
0 73 0 0
0 69 44 0
0 73 52 0
0 73 0 120
0 69 0 0
0 68 40 0
0 71 48 0
0 71 0 720
0 68 0 0
0 76 54 480
0 81 65 0
0 81 0 240
0 79 61 0
0 79 0 360
0 81 61 0
0 81 0 120
0 76 0 0
0 84 57 0
0 79 51 6
0 84 0 354
0 77 50 0
0 77 0 120
0 75 48 0
0 80 57 0
0 79 0 6
0 80 0 234
0 78 51 0
0 78 0 360
0 80 51 0
0 80 0 120
0 75 0 0
0 78 44 0
0 83 47 0
0 83 0 360
0 76 50 0
0 76 0 120
0 78 0 0
0 74 49 0
0 77 56 0
0 77 0 240
0 74 0 0
0 73 49 0
0 78 55 0
0 78 0 360
0 73 0 0
0 74 55 0
0 80 55 0
0 80 0 120
0 74 0 0
0 73 48 0
0 81 58 0
0 81 0 480
0 73 0 0
0 75 50 0
0 78 60 0
0 78 0 240
0 75 0 0
0 75 49 0
0 81 58 0
0 81 0 360
0 75 0 0
0 75 45 0
0 80 53 0
0 80 0 120
0 75 0 0
0 71 42 0
0 76 55 0
0 76 0 480
0 71 0 0
0 64 42 0
0 67 51 0
0 67 0 240
0 64 0 0
0 62 39 0
0 67 47 0
0 67 0 360
0 62 0 0
0 64 37 0
0 67 44 0
0 67 0 120
0 64 0 0
0 62 39 0
0 67 47 0
0 67 0 360
0 62 0 0
0 72 43 0
0 74 43 0
0 66 35 0
0 66 0 120
0 74 0 0
0 72 0 0
0 67 52 0
0 71 52 0
0 74 64 0
0 74 0 240
0 71 0 0
0 67 0 0
0 69 48 0
0 71 48 0
0 75 58 0
0 75 0 360
0 71 0 0
0 69 0 0
0 68 46 0
0 71 46 0
0 76 55 0
0 76 0 120
0 71 0 0
0 68 0 0
0 71 48 0
0 77 48 0
0 80 58 0
0 80 0 360
0 77 0 0
0 71 0 0
0 83 58 0
0 83 0 120
0 76 63 0
0 81 71 0
0 81 0 240
0 76 0 0
0 84 65 0
0 84 0 360
0 88 69 0
0 88 0 120
0 81 71 0
0 87 74 0
0 87 0 360
0 81 0 0
0 95 73 0
0 95 0 120
0 92 81 0
0 80 81 0
0 80 0 720
0 92 0 0
0 69 57 480
0 71 68 0
0 71 0 240
0 73 62 0
0 73 0 360
0 75 66 0
0 75 0 120
0 69 0 0
0 69 59 0
0 71 70 0
0 71 0 360
0 80 65 0
0 80 0 120
0 69 0 0
0 71 57 0
0 76 68 0
0 76 0 720
0 71 0 0
0 57 51 480
0 59 61 0
0 59 0 240
0 61 55 0
0 61 0 360
0 63 59 0
0 63 0 120
0 57 0 0
0 57 53 0
0 59 63 0
0 59 0 240
0 68 56 0
0 68 0 240
0 57 0 0
0 59 58 0
0 64 58 0
0 64 0 240
0 59 0 0
0 76 74 0
0 80 74 0
0 88 87 0
0 88 0 480
0 80 0 0
0 76 0 0
0 66 50 480
0 69 60 0
0 69 0 240
0 66 0 0
0 66 47 0
0 69 56 0
0 69 0 360
0 66 0 0
0 64 44 0
0 73 52 0
0 73 0 120
0 64 0 0
0 63 47 0
0 71 56 0
0 71 0 360
0 63 0 0
0 67 51 0
0 63 42 0
0 63 0 120
0 67 0 0
0 64 47 0
0 68 56 0
0 68 0 240
0 64 0 0
0 68 49 0
0 71 58 0
0 71 0 360
0 68 0 0
0 80 58 0
0 76 48 0
0 76 0 120
0 80 0 0
0 75 46 0
0 78 55 0
0 78 0 360
0 75 0 0
0 73 44 0
0 76 52 0
0 76 0 120
0 73 0 0
0 71 47 0
0 75 56 0
0 75 0 80
0 71 0 0
0 73 40 0
0 76 48 0
0 76 0 80
0 73 0 0
0 71 40 0
0 75 48 0
0 75 0 80
0 71 0 0
0 69 45 0
0 73 53 0
0 73 0 360
0 69 0 0
0 71 44 0
0 75 52 0
0 75 0 120
0 71 0 0
0 73 47 0
0 76 56 0
0 76 0 360
0 73 0 0
0 69 44 0
0 73 52 0
0 73 0 120
0 69 0 0
0 68 40 0
0 71 48 0
0 71 0 720
0 68 0 0
0 71 49 480
0 77 56 0
0 77 0 240
0 71 0 0
0 73 49 0
0 78 55 0
0 78 0 360
0 73 0 0
0 74 55 0
0 80 55 0
0 83 50 60
0 80 0 60
0 74 0 0
0 77 49 0
0 81 58 0
0 83 0 20
0 81 0 340
0 80 57 0
0 80 0 120
0 77 0 0
0 73 46 0
0 85 46 0
0 80 60 0
0 80 0 240
0 78 58 0
0 78 0 360
0 77 50 0
0 77 0 120
0 85 0 0
0 73 0 0
0 78 53 0
0 78 0 360
0 69 55 0
0 72 55 0
0 72 0 120
0 69 0 0
0 69 47 0
0 71 57 0
0 71 0 240
0 77 58 0
0 77 0 360
0 78 59 0
0 78 0 120
0 69 0 0
0 81 61 0
0 81 0 360
0 80 57 0
0 80 0 120
0 71 38 0
0 83 42 0
0 78 55 0
0 78 0 240
0 76 52 0
0 76 0 360
0 75 50 0
0 76 50 114
0 75 0 6
0 76 0 234
0 83 0 6
0 71 0 120
0 68 58 0
0 65 49 0
0 65 0 120
0 68 0 0
0 66 50 0
0 69 60 0
0 69 0 240
0 66 0 0
0 66 47 0
0 69 56 0
0 69 0 360
0 66 0 0
0 64 44 0
0 73 52 0
0 73 0 120
0 64 0 0
0 63 47 0
0 71 56 0
0 71 0 360
0 63 0 0
0 67 51 0
0 63 42 0
0 63 0 120
0 67 0 0
0 64 47 0
0 68 56 0
0 68 0 240
0 64 0 0
0 68 49 0
0 71 58 0
0 71 0 360
0 68 0 0
0 80 60 0
0 76 50 0
0 76 0 120
0 80 0 0
0 75 46 0
0 78 55 0
0 78 0 360
0 75 0 0
0 73 44 0
0 76 52 0
0 76 0 120
0 73 0 0
0 71 47 0
0 75 56 0
0 75 0 80
0 71 0 0
0 73 40 0
0 76 48 0
0 76 0 80
0 73 0 0
0 71 40 0
0 75 48 0
0 75 0 80
0 71 0 0
0 69 45 0
0 73 53 0
0 73 0 360
0 69 0 0
0 71 44 0
0 75 52 0
0 75 0 120
0 71 0 0
0 73 47 0
0 76 56 0
0 76 0 360
0 73 0 0
0 69 44 0
0 73 52 0
0 73 0 120
0 69 0 0
0 68 40 0
0 71 48 0
0 71 0 720
0 68 0 0
0 76 53 480
0 81 65 0
0 81 0 240
0 79 61 0
0 79 0 360
0 81 61 0
0 81 0 120
0 76 0 0
0 84 57 0
0 79 51 6
0 84 0 354
0 77 50 0
0 77 0 120
0 75 48 0
0 80 57 0
0 79 0 6
0 80 0 234
0 78 51 0
0 78 0 360
0 80 51 0
0 80 0 120
0 75 0 0
0 78 44 0
0 83 47 0
0 83 0 360
0 76 50 0
0 76 0 120
0 78 0 0
0 74 49 0
0 77 56 0
0 77 0 240
0 74 0 0
0 73 49 0
0 78 55 0
0 78 0 360
0 73 0 0
0 74 55 0
0 80 55 0
0 80 0 120
0 74 0 0
0 73 48 0
0 81 58 0
0 81 0 480
0 73 0 0
0 75 50 0
0 78 60 0
0 78 0 240
0 75 0 0
0 75 49 0
0 81 58 0
0 81 0 360
0 75 0 0
0 75 45 0
0 80 53 0
0 80 0 120
0 75 0 0
0 71 42 0
0 76 55 0
0 76 0 480
0 71 0 0
0 64 42 0
0 67 51 0
0 67 0 240
0 64 0 0
0 62 39 0
0 67 47 0
0 67 0 360
0 62 0 0
0 64 37 0
0 67 44 0
0 67 0 120
0 64 0 0
0 62 39 0
0 67 47 0
0 67 0 360
0 62 0 0
0 72 43 0
0 74 43 0
0 66 35 0
0 66 0 120
0 74 0 0
0 72 0 0
0 67 52 0
0 71 52 0
0 74 64 0
0 74 0 240
0 71 0 0
0 67 0 0
0 69 48 0
0 71 48 0
0 75 58 0
0 75 0 360
0 71 0 0
0 69 0 0
0 68 46 0
0 71 46 0
0 76 55 0
0 76 0 120
0 71 0 0
0 68 0 0
0 71 48 0
0 77 48 0
0 80 58 0
0 80 0 360
0 77 0 0
0 71 0 0
0 83 58 0
0 83 0 120
0 76 68 0
0 81 71 0
0 81 0 240
0 76 0 0
0 84 65 0
0 84 0 360
0 88 69 0
0 88 0 120
0 81 71 0
0 87 74 0
0 87 0 360
0 81 0 0
0 95 73 0
0 95 0 120
0 92 81 0
0 80 81 0
0 80 0 720
0 92 0 0
0 69 57 480
0 71 68 0
0 71 0 240
0 73 62 0
0 73 0 360
0 75 66 0
0 75 0 120
0 69 0 0
0 69 59 0
0 71 70 0
0 71 0 360
0 80 65 0
0 80 0 120
0 69 0 0
0 71 57 0
0 76 68 0
0 76 0 720
0 71 0 0
0 57 51 480
0 59 61 0
0 59 0 240
0 61 55 0
0 61 0 360
0 63 59 0
0 63 0 120
0 57 0 0
0 57 53 0
0 59 63 0
0 59 0 240
0 68 56 0
0 68 0 240
0 57 0 0
0 59 58 0
0 64 58 0
0 64 0 240
0 59 0 0
0 76 77 0
0 80 77 0
0 88 91 0
0 88 0 480
0 80 0 0
0 76 0 0
0 59 44 0
0 59 0 240
0 59 40 0
0 59 0 360
0 59 41 0
0 59 0 120
0 59 44 0
0 59 0 360
0 59 40 0
0 59 0 120
0 59 44 0
0 59 0 240
0 59 40 0
0 59 0 360
0 59 40 0
0 59 0 120
0 59 44 0
0 59 0 360
0 59 38 0
0 59 0 120
0 59 44 0
0 59 0 131
0 59 40 0
0 59 0 360
0 59 40 0
0 59 0 120
0 59 44 0
0 59 0 223
0 59 40 0
0 59 0 120
0 59 44 0
0 59 0 120
0 59 40 0
0 59 0 360
0 59 40 0
0 59 0 120
0 59 44 0
0 59 0 226
0 59 40 0
0 59 0 120
0 59 44 0
0 59 0 205
0 59 40 0
0 59 0 360
0 59 40 0
0 59 0 120
0 59 44 0
0 59 0 293
0 59 44 0
0 59 0 120
0 52 39 0
0 59 50 0
0 59 0 114
0 59 48 0
0 59 0 360
0 64 49 0
0 64 0 120
0 52 0 0
0 63 49 0
0 63 0 211
0 62 45 0
0 62 0 120
0 61 48 0
0 68 48 0
0 68 0 159
0 69 51 0
0 69 0 360
0 71 50 0
0 71 0 106
0 73 46 0
0 73 0 261
0 71 48 0
0 71 0 120
0 61 0 0
0 66 39 0
0 71 50 0
0 71 0 137
0 69 49 0
0 69 0 360
0 68 46 0
0 68 0 114
0 66 0 0
0 69 48 0
0 69 0 314
0 64 46 0
0 64 0 120
0 59 37 0
0 63 49 0
0 63 0 155
0 62 49 0
0 62 0 360
0 63 49 0
0 63 0 120
0 59 0 0
0 59 37 0
0 73 46 0
0 73 0 282
0 71 48 0
0 71 0 120
0 59 0 0
0 64 34 0
0 69 46 0
0 69 0 137
0 68 45 0
0 68 0 360
0 67 41 0
0 67 0 46
0 68 37 0
0 68 0 17
0 64 0 120
0 59 44 120
0 59 0 108
0 59 40 0
0 59 0 360
0 59 40 0
0 59 0 120
0 59 44 0
0 59 0 223
0 59 40 0
0 59 0 120
0 59 44 0
0 59 0 141
0 59 40 0
0 59 0 360
0 59 40 0
0 59 0 120
0 59 44 0
0 59 0 240
0 59 40 0
0 59 0 120
0 59 44 0
0 59 0 205
0 59 40 0
0 59 0 360
0 59 40 0
0 59 0 120
0 59 44 0
0 59 0 282
0 59 44 0
0 59 0 120
0 52 50 0
0 52 0 70
0 59 48 0
0 59 0 360
0 64 51 0
0 64 0 120
0 68 54 0
0 68 0 169
0 71 55 0
0 71 0 34
0 70 49 0
0 72 59 0
0 70 0 623
0 69 55 0
0 69 0 51
0 72 0 0
0 69 41 0
0 71 49 0
0 69 0 623
0 68 46 0
0 68 0 360
0 71 0 0
0 71 48 0
0 71 0 120
0 69 51 0
0 69 0 360
0 65 55 0
0 65 0 106
0 66 44 0
0 66 0 381
0 59 39 0
0 69 50 0
0 69 0 141
0 73 55 0
0 73 0 360
0 71 42 0
0 71 0 114
0 59 0 0
0 64 36 0
0 68 47 0
0 68 0 434
0 64 0 0
0 59 44 0
0 59 0 166
0 59 40 0
0 59 0 360
0 59 40 0
0 59 0 120
0 59 44 0
0 59 0 223
0 59 40 0
0 59 0 120
0 59 44 0
0 59 0 176
0 59 40 0
0 59 0 360
0 59 40 0
0 59 0 120
0 59 44 0
0 59 0 282
0 59 40 0
0 59 0 120
0 59 44 0
0 59 0 205
0 59 40 0
0 59 0 360
0 59 40 0
0 59 0 120
0 59 44 0
0 59 0 282
0 59 44 0
0 59 0 120
0 52 39 0
0 59 50 0
0 59 0 120
0 59 48 0
0 59 0 360
0 64 49 0
0 64 0 120
0 52 0 0
0 63 49 0
0 63 0 211
0 62 45 0
0 62 0 120
0 61 48 0
0 68 48 0
0 68 0 152
0 69 51 0
0 69 0 360
0 71 50 0
0 71 0 106
0 73 46 0
0 73 0 261
0 71 48 0
0 71 0 120
0 61 0 0
0 66 39 0
0 71 50 0
0 71 0 137
0 69 49 0
0 69 0 360
0 68 44 0
0 68 0 114
0 66 0 0
0 69 48 0
0 69 0 314
0 64 46 0
0 64 0 120
0 59 39 0
0 63 49 0
0 63 0 134
0 62 49 0
0 62 0 360
0 63 49 0
0 63 0 120
0 59 0 0
0 59 39 0
0 73 49 0
0 73 0 282
0 71 48 0
0 71 0 120
0 59 0 0
0 64 34 0
0 69 46 0
0 69 0 148
0 68 45 0
0 68 0 360
0 67 41 0
0 67 0 96
0 68 37 0
0 68 0 177
0 64 0 103
0 59 44 120
0 59 0 166
0 59 40 0
0 59 0 360
0 59 40 0
0 59 0 120
0 59 44 0
0 59 0 223
0 59 40 0
0 59 0 120
0 59 44 0
0 59 0 127
0 59 40 0
0 59 0 360
0 59 40 0
0 59 0 120
0 59 44 0
0 59 0 254
0 59 40 0
0 59 0 120
0 59 44 0
0 59 0 190
0 59 40 0
0 59 0 360
0 59 40 0
0 59 0 120
0 59 44 0
0 59 0 296
0 59 44 0
0 59 0 120
0 52 50 0
0 52 0 120
0 59 48 0
0 59 0 360
0 64 50 0
0 64 0 120
0 68 54 0
0 68 0 211
0 71 55 0
0 71 0 34
0 70 49 0
0 72 59 0
0 70 0 623
0 69 55 0
0 69 0 377
0 72 0 0
0 69 41 0
0 71 49 0
0 69 0 623
0 68 46 0
0 68 0 434
0 71 0 0
0 71 48 0
0 71 0 120
0 69 51 0
0 69 0 360
0 65 55 0
0 65 0 106
0 66 46 0
0 66 0 381
0 59 39 0
0 69 50 0
0 69 0 113
0 73 56 0
0 73 0 360
0 71 42 0
0 71 0 113
0 59 0 0
0 64 36 0
0 68 47 0
0 68 0 434
0 64 0 0
0 59 48 0
0 59 0 80
0 61 42 0
0 61 0 80
0 59 42 0
0 59 0 80
0 58 44 0
0 58 0 300
0 56 44 0
0 56 0 120
0 58 48 0
0 58 0 272
0 54 41 0
0 54 0 120
0 56 48 0
0 56 0 80
0 58 42 0
0 58 0 80
0 56 42 0
0 56 0 80
0 54 44 0
0 54 0 335
0 56 44 0
0 56 0 120
0 58 48 0
0 58 0 277
0 59 41 0
0 59 0 120
0 58 48 0
0 58 0 80
0 59 42 0
0 59 0 80
0 58 42 0
0 58 0 80
0 56 44 0
0 56 0 335
0 54 44 0
0 54 0 120
0 56 48 0
0 56 0 288
0 58 41 0
0 58 0 120
0 54 48 0
0 54 0 487
0 51 46 480
0 66 48 137
0 60 48 0
0 66 0 480
0 60 0 367
0 51 0 0
0 64 46 0
0 64 0 84
0 61 40 0
0 61 0 360
0 56 49 0
0 56 0 120
0 52 46 0
0 52 0 240
0 49 51 0
0 49 0 120
0 42 53 0
0 42 0 143
0 53 48 0
0 53 0 360
0 54 49 0
0 54 0 120
0 58 52 0
0 58 0 251
0 66 49 0
0 66 0 120
0 47 53 0
0 47 0 160
0 53 45 0
0 53 0 360
0 54 39 0
0 54 0 45
0 58 37 0
0 55 46 60
0 58 0 20
0 55 0 274
0 54 42 0
0 54 0 120
0 62 42 0
0 62 0 240
0 61 39 0
0 61 0 289
0 59 39 0
0 59 0 120
0 61 42 0
0 61 0 212
0 62 37 0
0 62 0 120
0 61 42 0
0 61 0 80
0 62 38 0
0 62 0 80
0 61 38 0
0 61 0 80
0 59 39 0
0 59 0 335
0 61 39 0
0 61 0 120
0 62 42 0
0 62 0 251
0 64 37 0
0 64 0 120
0 62 42 0
0 62 0 80
0 64 38 0
0 64 0 80
0 62 38 0
0 62 0 80
0 61 39 0
0 61 0 303
0 59 39 0
0 70 27 120
0 70 0 405
0 59 0 0
0 71 48 0
0 71 0 152
0 65 39 0
0 65 0 360
0 66 38 0
0 66 0 38
0 69 35 0
0 67 44 60
0 69 0 20
0 67 0 274
0 66 38 0
0 66 0 120
0 63 53 0
0 63 0 236
0 64 50 0
0 64 0 268
0 58 50 0
0 58 0 120
0 59 53 0
0 59 0 263
0 57 50 0
0 57 0 120
0 56 54 0
0 56 0 236
0 55 50 0
0 55 0 308
0 53 55 0
0 53 0 120
0 54 51 0
0 54 0 365
0 64 45 0
0 64 0 120
0 64 48 0
0 64 0 360
0 62 47 0
0 62 0 106
0 61 49 0
0 61 0 381
0 54 42 0
0 64 50 0
0 64 0 113
0 54 0 0
0 54 40 0
0 64 48 0
0 64 0 360
0 54 0 0
0 54 33 0
0 64 39 0
0 64 0 120
0 54 0 0
0 59 28 0
0 62 44 0
0 62 0 374
0 59 0 0
0 59 48 0
0 59 0 80
0 61 42 0
0 61 0 80
0 59 42 0
0 59 0 80
0 58 44 0
0 58 0 300
0 56 44 0
0 56 0 120
0 58 48 0
0 58 0 272
0 54 41 0
0 54 0 120
0 56 48 0
0 56 0 80
0 58 42 0
0 58 0 80
0 56 42 0
0 56 0 80
0 54 44 0
0 54 0 335
0 56 44 0
0 56 0 120
0 58 48 0
0 58 0 277
0 59 41 0
0 59 0 120
0 58 48 0
0 58 0 80
0 59 42 0
0 59 0 80
0 58 42 0
0 58 0 80
0 56 44 0
0 56 0 335
0 54 44 0
0 54 0 120
0 56 48 0
0 56 0 288
0 58 41 0
0 58 0 120
0 54 48 0
0 54 0 487
0 51 46 480
0 60 48 137
0 66 48 0
0 66 0 480
0 60 0 367
0 51 0 0
0 64 46 0
0 64 0 84
0 61 40 0
0 61 0 360
0 56 49 0
0 56 0 120
0 52 46 0
0 52 0 240
0 49 51 0
0 49 0 120
0 42 53 0
0 42 0 143
0 53 48 0
0 53 0 360
0 54 49 0
0 54 0 120
0 58 52 0
0 58 0 251
0 66 49 0
0 66 0 120
0 47 53 0
0 47 0 160
0 53 45 0
0 53 0 360
0 54 39 0
0 54 0 45
0 58 37 0
0 55 46 60
0 58 0 20
0 55 0 274
0 54 42 0
0 54 0 120
0 62 42 0
0 62 0 240
0 61 39 0
0 61 0 289
0 59 39 0
0 59 0 120
0 61 42 0
0 61 0 212
0 62 37 0
0 62 0 120
0 61 42 0
0 61 0 80
0 62 38 0
0 62 0 80
0 61 38 0
0 61 0 80
0 59 39 0
0 59 0 335
0 61 39 0
0 61 0 120
0 62 42 0
0 62 0 251
0 64 37 0
0 64 0 120
0 62 42 0
0 62 0 80
0 64 38 0
0 64 0 80
0 62 38 0
0 62 0 80
0 61 39 0
0 61 0 303
0 59 39 0
0 70 27 120
0 70 0 405
0 59 0 0
0 71 48 0
0 71 0 152
0 65 39 0
0 65 0 360
0 66 38 0
0 66 0 38
0 69 35 0
0 67 44 60
0 69 0 20
0 67 0 274
0 66 38 0
0 66 0 120
0 63 53 0
0 63 0 236
0 64 50 0
0 64 0 268
0 58 50 0
0 58 0 120
0 59 53 0
0 59 0 263
0 57 50 0
0 57 0 120
0 56 54 0
0 56 0 236
0 55 50 0
0 55 0 308
0 53 55 0
0 53 0 120
0 54 51 0
0 54 0 365
0 64 45 0
0 64 0 120
0 64 48 0
0 64 0 360
0 62 47 0
0 62 0 106
0 61 49 0
0 61 0 381
0 54 42 0
0 64 50 0
0 64 0 113
0 54 0 0
0 54 40 0
0 64 48 0
0 64 0 360
0 54 0 0
0 64 39 0
0 54 33 0
0 54 0 120
0 64 0 0
0 62 44 0
0 59 28 0
0 59 0 374
0 62 0 0
0 59 44 0
0 59 0 166
0 59 40 0
0 59 0 360
0 59 40 0
0 59 0 120
0 59 44 0
0 59 0 223
0 59 40 0
0 59 0 120
0 59 44 0
0 59 0 120
0 59 40 0
0 59 0 360
0 59 40 0
0 59 0 120
0 59 44 0
0 59 0 240
0 59 40 0
0 59 0 120
0 59 44 0
0 59 0 205
0 59 40 0
0 59 0 360
0 59 40 0
0 59 0 120
0 59 44 0
0 59 0 289
0 59 44 0
0 59 0 120
0 52 37 0
0 59 50 0
0 59 0 103
0 59 48 0
0 59 0 360
0 64 49 0
0 64 0 120
0 52 0 0
0 63 49 0
0 63 0 211
0 62 45 0
0 62 0 34
0 61 48 0
0 68 48 0
0 68 0 152
0 69 51 0
0 69 0 360
0 71 50 0
0 71 0 106
0 73 46 0
0 73 0 261
0 71 48 0
0 71 0 120
0 61 0 0
0 66 39 0
0 71 50 0
0 71 0 114
0 69 49 0
0 69 0 360
0 68 46 0
0 68 0 114
0 66 0 0
0 69 48 0
0 69 0 245
0 64 46 0
0 64 0 97
0 59 37 0
0 63 49 0
0 63 0 127
0 62 49 0
0 62 0 360
0 63 49 0
0 63 0 120
0 59 0 0
0 59 37 0
0 73 46 0
0 73 0 240
0 71 48 0
0 71 0 120
0 59 0 0
0 64 34 0
0 69 46 0
0 69 0 137
0 68 45 0
0 68 0 360
0 67 41 0
0 67 0 120
0 68 37 0
0 68 0 17
0 64 0 120
0 59 44 120
0 59 0 166
0 59 40 0
0 59 0 360
0 59 40 0
0 59 0 120
0 59 44 0
0 59 0 223
0 59 40 0
0 59 0 120
0 59 44 0
0 59 0 176
0 59 40 0
0 59 0 360
0 59 40 0
0 59 0 120
0 59 44 0
0 59 0 254
0 59 40 0
0 59 0 120
0 59 44 0
0 59 0 197
0 59 40 0
0 59 0 360
0 59 40 0
0 59 0 120
0 59 44 0
0 59 0 293
0 59 44 0
0 59 0 120
0 52 50 0
0 52 0 113
0 59 48 0
0 59 0 360
0 64 51 0
0 64 0 120
0 68 54 0
0 68 0 360
0 71 55 0
0 71 0 120
0 70 49 0
0 72 59 0
0 70 0 571
0 69 55 0
0 69 0 383
0 72 0 0
0 69 41 0
0 71 49 0
0 69 0 550
0 68 46 0
0 68 0 339
0 71 0 0
0 71 48 0
0 71 0 120
0 69 51 0
0 69 0 360
0 65 55 0
0 65 0 106
0 66 44 0
0 66 0 53
0 59 39 0
0 69 50 0
0 69 0 234
0 73 55 0
0 73 0 360
0 71 42 0
0 71 0 114
0 59 0 0
0 64 36 0
0 68 47 0
0 64 0 432
0 68 0 2
0 60 37 0
0 60 0 166
0 59 34 0
0 59 0 243
0 60 34 0
0 60 0 120
0 59 37 0
0 59 0 256
0 57 41 0
0 57 0 103
0 55 50 0
0 55 0 166
0 54 45 0
0 54 0 240
0 52 44 0
0 52 0 120
0 50 48 0
0 50 0 211
0 47 47 0
0 47 0 120
0 48 55 0
0 48 0 166
0 45 52 0
0 45 0 360
0 42 55 0
0 42 0 120
0 47 60 0
0 47 0 211
0 35 59 0
0 35 0 120
0 40 70 0
0 40 0 99
0 47 64 0
0 47 0 360
0 52 62 0
0 52 0 120
0 56 70 0
0 56 0 360
0 59 64 0
0 59 0 120
0 59 45 0
0 63 53 0
0 63 0 113
0 64 50 0
0 64 0 360
0 66 48 0
0 66 0 120
0 63 53 0
0 63 0 211
0 66 51 0
0 66 0 120
0 59 0 0
0 68 52 0
0 64 52 0
0 64 0 80
0 63 51 0
0 63 0 360
0 62 47 0
0 62 0 120
0 68 0 0
0 61 49 0
0 61 0 211
0 60 51 0
0 60 0 120
0 47 40 0
0 51 47 0
0 51 0 99
0 52 45 0
0 52 0 360
0 54 43 0
0 54 0 120
0 51 47 0
0 51 0 211
0 54 42 0
0 54 0 120
0 47 0 0
0 52 45 0
0 56 45 0
0 56 0 26
0 52 0 0
0 40 50 0
0 52 59 0
0 52 0 480
0 40 0 0
0 59 44 426
0 59 0 166
0 59 40 0
0 59 0 360
0 59 40 0
0 59 0 120
0 59 44 0
0 59 0 223
0 59 40 0
0 59 0 120
0 59 44 0
0 59 0 120
0 59 40 0
0 59 0 360
0 59 40 0
0 59 0 120
0 59 44 0
0 59 0 240
0 59 40 0
0 59 0 120
0 59 44 0
0 59 0 205
0 59 40 0
0 59 0 360
0 59 40 0
0 59 0 120
0 59 44 0
0 59 0 289
0 59 44 0
0 59 0 120
0 52 39 0
0 59 50 0
0 59 0 103
0 59 48 0
0 59 0 360
0 64 49 0
0 64 0 120
0 52 0 0
0 63 49 0
0 63 0 211
0 62 45 0
0 62 0 34
0 68 48 0
0 61 48 0
0 68 0 152
0 69 51 0
0 69 0 360
0 71 50 0
0 71 0 106
0 73 46 0
0 73 0 261
0 71 48 0
0 71 0 120
0 61 0 0
0 66 39 0
0 71 50 0
0 71 0 114
0 69 49 0
0 69 0 360
0 68 46 0
0 68 0 114
0 66 0 0
0 69 48 0
0 69 0 245
0 64 46 0
0 64 0 97
0 59 37 0
0 63 49 0
0 63 0 127
0 62 49 0
0 62 0 360
0 63 49 0
0 63 0 120
0 59 0 0
0 59 37 0
0 73 46 0
0 73 0 240
0 71 48 0
0 71 0 120
0 59 0 0
0 69 46 0
0 64 34 0
0 69 0 137
0 68 45 0
0 68 0 360
0 67 41 0
0 67 0 120
0 68 37 0
0 68 0 17
0 64 0 120
0 59 44 120
0 59 0 166
0 59 40 0
0 59 0 360
0 59 40 0
0 59 0 120
0 59 44 0
0 59 0 223
0 59 40 0
0 59 0 120
0 59 44 0
0 59 0 176
0 59 40 0
0 59 0 360
0 59 40 0
0 59 0 120
0 59 44 0
0 59 0 254
0 59 40 0
0 59 0 120
0 59 44 0
0 59 0 197
0 59 40 0
0 59 0 360
0 59 40 0
0 59 0 120
0 59 44 0
0 59 0 293
0 59 44 0
0 59 0 120
0 52 50 0
0 52 0 113
0 59 48 0
0 59 0 360
0 64 51 0
0 64 0 120
0 68 54 0
0 68 0 360
0 71 55 0
0 71 0 120
0 72 59 0
0 70 49 0
0 70 0 571
0 69 55 0
0 69 0 383
0 72 0 0
0 69 41 0
0 71 49 0
0 69 0 550
0 68 46 0
0 68 0 339
0 71 0 0
0 71 48 0
0 71 0 120
0 69 51 0
0 69 0 360
0 65 55 0
0 65 0 106
0 66 44 0
0 66 0 53
0 69 50 0
0 59 39 0
0 69 0 234
0 73 55 0
0 73 0 360
0 71 42 0
0 71 0 114
0 59 0 0
0 64 36 0
0 68 47 0
0 64 0 432
0 68 0 2
0 60 37 0
0 60 0 166
0 59 34 0
0 59 0 243
0 60 34 0
0 60 0 120
0 59 37 0
0 59 0 256
0 57 41 0
0 57 0 103
0 55 50 0
0 55 0 166
0 54 45 0
0 54 0 240
0 52 44 0
0 52 0 120
0 50 48 0
0 50 0 211
0 47 47 0
0 47 0 120
0 48 55 0
0 48 0 166
0 45 52 0
0 45 0 360
0 42 55 0
0 42 0 120
0 47 60 0
0 47 0 211
0 35 59 0
0 35 0 120
0 40 70 0
0 40 0 99
0 47 64 0
0 47 0 360
0 52 62 0
0 52 0 120
0 56 70 0
0 56 0 360
0 59 64 0
0 59 0 120
0 59 45 0
0 63 53 0
0 63 0 113
0 64 50 0
0 64 0 360
0 66 48 0
0 66 0 120
0 63 53 0
0 63 0 211
0 66 51 0
0 66 0 120
0 59 0 0
0 64 52 0
0 68 52 0
0 64 0 80
0 63 51 0
0 63 0 360
0 62 47 0
0 62 0 120
0 68 0 0
0 61 49 0
0 61 0 211
0 60 51 0
0 60 0 120
0 51 47 0
0 47 40 0
0 51 0 99
0 52 45 0
0 52 0 360
0 54 43 0
0 54 0 120
0 51 47 0
0 51 0 211
0 54 42 0
0 54 0 120
0 47 0 0
0 52 45 0
0 56 45 0
0 56 0 26
0 52 0 0
0 40 52 0
0 52 61 0
0 52 0 480
0 40 0 0
