0 72 29 660
0 77 29 20
0 81 29 20
0 84 36 20
0 84 0 240
0 72 0 0
0 77 0 0
0 81 0 0
0 81 27 0
0 84 34 0
0 77 27 0
0 72 27 0
0 72 0 240
0 81 0 0
0 84 0 0
0 77 0 0
0 84 34 0
0 72 27 0
0 81 27 0
0 77 27 0
0 77 0 180
0 84 0 0
0 72 0 0
0 81 0 0
0 72 29 0
0 77 29 20
0 81 29 20
0 84 36 20
0 84 0 240
0 72 0 0
0 77 0 0
0 81 0 0
0 77 27 0
0 72 27 0
0 84 34 0
0 81 27 0
0 81 0 240
0 77 0 0
0 72 0 0
0 84 0 0
0 77 27 0
0 84 34 0
0 81 27 0
0 72 27 0
0 72 0 180
0 77 0 0
0 84 0 0
0 81 0 0
0 72 29 0
0 77 29 20
0 81 29 20
0 84 36 20
0 84 0 240
0 72 0 0
0 77 0 0
0 81 0 0
0 81 27 0
0 84 34 0
0 72 27 0
0 77 27 0
0 77 0 240
0 81 0 0
0 84 0 0
0 72 0 0
0 81 27 0
0 77 27 0
0 84 34 0
0 72 27 0
0 72 0 180
0 81 0 0
0 77 0 0
0 84 0 0
0 72 29 0
0 77 29 20
0 81 29 20
0 84 36 20
0 84 0 240
0 72 0 0
0 77 0 0
0 81 0 0
0 81 27 0
0 84 34 0
0 77 27 0
0 72 27 0
0 72 0 240
0 81 0 0
0 84 0 0
0 77 0 0
0 84 34 0
0 72 27 0
0 81 27 0
0 77 27 0
0 77 0 180
0 84 0 0
0 72 0 0
0 81 0 0
0 72 29 0
0 77 29 20
0 81 29 20
0 84 36 20
0 84 0 240
0 72 0 0
0 77 0 0
0 81 0 0
0 77 27 0
0 72 27 0
0 84 34 0
0 81 27 0
0 81 0 240
0 77 0 0
0 72 0 0
0 84 0 0
0 77 27 0
0 84 34 0
0 81 27 0
0 72 27 0
0 72 0 180
0 77 0 0
0 84 0 0
0 81 0 0
0 72 29 0
0 77 29 20
0 81 29 20
0 84 36 20
0 84 0 240
0 72 0 0
0 77 0 0
0 81 0 0
0 84 34 0
0 72 27 0
0 81 27 0
0 77 27 0
0 77 0 240
0 84 0 0
0 72 0 0
0 81 0 0
0 77 27 0
0 72 27 0
0 84 34 0
0 81 27 0
0 81 0 180
0 77 0 0
0 72 0 0
0 84 0 0
0 72 29 0
0 77 29 20
0 81 29 20
0 84 36 20
0 84 0 240
0 72 0 0
0 77 0 0
0 81 0 0
0 81 27 0
0 77 27 0
0 84 34 0
0 72 27 0
0 72 0 240
0 81 0 0
0 77 0 0
0 84 0 0
0 81 27 0
0 84 34 0
0 72 27 0
0 77 27 0
0 77 0 180
0 81 0 0
0 84 0 0
0 72 0 0
0 72 29 0
0 77 29 20
0 81 29 20
0 84 36 20
0 84 0 240
0 72 0 0
0 77 0 0
0 81 0 0
0 84 34 0
0 72 27 0
0 77 27 0
0 81 27 0
0 81 0 240
0 84 0 0
0 72 0 0
0 77 0 0
0 81 27 0
0 84 34 0
0 77 27 0
0 72 27 0
0 72 0 180
0 81 0 0
0 84 0 0
0 77 0 0
0 76 29 0
0 72 29 0
0 84 36 60
0 82 29 0
0 76 0 220
0 72 0 20
0 84 0 0
0 84 34 0
0 72 27 0
0 82 27 0
0 76 27 0
0 82 0 20
0 82 0 220
0 84 0 0
0 72 0 0
0 76 0 0
0 76 27 0
0 72 27 0
0 84 34 0
0 82 27 0
0 82 0 180
0 76 0 0
0 72 0 0
0 84 0 0
0 76 29 0
0 72 29 0
0 82 29 60
0 84 36 0
0 76 0 220
0 72 0 20
0 84 0 0
0 82 27 0
0 76 27 0
0 84 34 0
0 72 27 0
0 82 0 20
0 84 0 220
0 82 0 0
0 76 0 0
0 72 0 0
0 82 27 0
0 84 34 0
0 72 27 0
0 76 27 0
0 76 0 180
0 82 0 0
0 84 0 0
0 72 0 0
0 76 29 0
0 72 29 0
0 84 36 60
0 82 29 0
0 76 0 220
0 72 0 20
0 84 0 0
0 84 34 0
0 72 27 0
0 82 27 0
0 76 27 0
0 82 0 20
0 82 0 220
0 84 0 0
0 72 0 0
0 76 0 0
0 76 27 0
0 72 27 0
0 84 34 0
0 82 27 0
0 82 0 180
0 76 0 0
0 72 0 0
0 84 0 0
0 76 29 0
0 72 29 0
0 82 29 60
0 84 36 0
0 76 0 220
0 72 0 20
0 84 0 0
0 82 27 0
0 76 27 0
0 84 34 0
0 72 27 0
0 82 0 20
0 84 0 220
0 82 0 0
0 76 0 0
0 72 0 0
0 82 27 0
0 84 34 0
0 72 27 0
0 76 27 0
0 76 0 180
0 82 0 0
0 84 0 0
0 72 0 0
0 72 29 0
0 76 29 0
0 82 29 60
0 84 36 0
0 76 0 220
0 72 0 20
0 84 0 0
0 84 34 0
0 72 27 0
0 76 27 0
0 82 27 0
0 82 0 20
0 76 0 220
0 84 0 0
0 72 0 0
0 82 0 0
0 82 28 0
0 84 36 0
0 76 28 0
0 72 28 0
0 72 0 180
0 82 0 0
0 84 0 0
0 76 0 0
0 76 31 0
0 72 31 0
0 84 39 60
0 82 31 0
0 76 0 220
0 72 0 20
0 84 0 0
0 84 37 0
0 72 29 0
0 82 29 0
0 76 29 0
0 82 0 20
0 82 0 220
0 84 0 0
0 72 0 0
0 76 0 0
0 76 29 0
0 72 29 0
0 84 37 0
0 82 29 0
0 82 0 180
0 76 0 0
0 72 0 0
0 84 0 0
0 76 31 0
0 72 31 0
0 82 29 60
0 84 36 0
0 76 0 220
0 72 0 20
0 84 0 0
0 82 27 0
0 76 27 0
0 84 34 0
0 72 27 0
0 82 0 20
0 84 0 220
0 82 0 0
0 76 0 0
0 72 0 0
0 82 27 0
0 84 34 0
0 72 27 0
0 76 27 0
0 76 0 180
0 82 0 0
0 84 0 0
0 72 0 0
0 76 29 0
0 72 29 0
0 84 36 60
0 82 29 0
0 76 0 220
0 72 0 20
0 84 0 0
0 76 27 0
0 84 34 0
0 82 27 0
0 72 27 0
0 82 0 20
0 82 0 220
0 76 0 0
0 84 0 0
0 72 0 0
0 82 27 0
0 76 27 0
0 84 34 0
0 72 27 0
0 72 0 180
0 82 0 0
0 76 0 0
0 84 0 0
0 72 29 0
0 77 29 20
0 81 29 20
0 84 36 20
0 84 0 240
0 72 0 0
0 77 0 0
0 81 0 0
0 81 27 0
0 84 34 0
0 77 27 0
0 72 27 0
0 72 0 240
0 81 0 0
0 84 0 0
0 77 0 0
0 84 34 0
0 72 27 0
0 81 27 0
0 77 27 0
0 77 0 180
0 84 0 0
0 72 0 0
0 81 0 0
0 72 29 0
0 77 29 20
0 81 29 20
0 84 36 20
0 84 0 240
0 72 0 0
0 77 0 0
0 81 0 0
0 77 27 0
0 72 27 0
0 84 34 0
0 81 27 0
0 81 0 240
0 77 0 0
0 72 0 0
0 84 0 0
0 84 34 0
0 72 27 0
0 81 27 0
0 77 27 0
0 77 0 180
0 84 0 0
0 72 0 0
0 81 0 0
0 72 29 0
0 77 29 20
0 81 29 20
0 84 36 20
0 84 0 240
0 72 0 0
0 77 0 0
0 81 0 0
0 77 27 0
0 84 34 0
0 81 27 0
0 72 27 0
0 72 0 240
0 77 0 0
0 84 0 0
0 81 0 0
0 81 27 0
0 77 27 0
0 84 34 0
0 72 27 0
0 72 0 180
0 81 0 0
0 77 0 0
0 84 0 0
0 72 29 0
0 77 29 20
0 81 29 20
0 84 36 20
0 84 0 240
0 72 0 0
0 77 0 0
0 81 0 0
0 81 27 0
0 84 34 0
0 77 27 0
0 72 27 0
0 72 0 240
0 81 0 0
0 84 0 0
0 77 0 0
0 84 34 0
0 72 27 0
0 77 27 0
0 81 27 0
0 81 0 180
0 84 0 0
0 72 0 0
0 77 0 0
0 72 29 0
0 75 29 20
0 80 29 20
0 84 36 20
0 84 0 240
0 72 0 0
0 75 0 0
0 80 0 0
0 75 27 0
0 84 33 0
0 80 27 0
0 72 27 0
0 72 0 240
0 75 0 0
0 84 0 0
0 80 0 0
0 80 27 0
0 75 27 0
0 84 33 0
0 72 27 0
0 72 0 180
0 80 0 0
0 75 0 0
0 84 0 0
0 72 29 0
0 75 29 20
0 80 29 20
0 84 36 20
0 84 0 240
0 72 0 0
0 75 0 0
0 80 0 0
0 80 27 0
0 84 33 0
0 75 27 0
0 72 27 0
0 72 0 240
0 80 0 0
0 84 0 0
0 75 0 0
0 84 33 0
0 72 27 0
0 80 27 0
0 75 27 0
0 75 0 180
0 84 0 0
0 72 0 0
0 80 0 0
0 72 29 0
0 75 29 20
0 80 29 20
0 84 36 20
0 84 0 240
0 72 0 0
0 75 0 0
0 80 0 0
0 75 27 0
0 72 27 0
0 84 33 0
0 80 27 0
0 80 0 240
0 75 0 0
0 72 0 0
0 84 0 0
0 84 33 0
0 72 27 0
0 80 27 0
0 75 27 0
0 75 0 180
0 84 0 0
0 72 0 0
0 80 0 0
0 72 29 0
0 75 29 20
0 80 29 20
0 84 36 20
0 84 0 240
0 72 0 0
0 75 0 0
0 80 0 0
0 75 27 0
0 84 33 0
0 80 27 0
0 72 27 0
0 72 0 240
0 75 0 0
0 84 0 0
0 80 0 0
0 80 27 0
0 75 27 0
0 84 33 0
0 72 27 0
0 72 0 240
0 80 0 0
0 75 0 0
0 84 0 0
0 76 29 0
0 72 29 0
0 84 36 0
0 82 29 0
0 82 0 240
0 76 0 0
0 72 0 0
0 84 0 0
0 82 27 0
0 84 34 0
0 76 27 0
0 72 27 0
0 72 0 240
0 82 0 0
0 84 0 0
0 76 0 0
0 84 34 0
0 72 27 0
0 76 27 0
0 82 27 0
0 82 0 240
0 84 0 0
0 72 0 0
0 76 0 0
0 76 29 0
0 82 29 0
0 72 29 0
0 84 36 0
0 84 0 240
0 76 0 0
0 82 0 0
0 72 0 0
0 82 28 0
0 84 35 0
0 72 28 0
0 76 28 0
0 76 0 240
0 82 0 0
0 84 0 0
0 72 0 0
0 82 30 0
0 84 37 0
0 76 30 0
0 72 30 0
0 72 0 240
0 82 0 0
0 84 0 0
0 76 0 0
0 72 34 0
0 84 40 0
0 77 34 0
0 81 34 0
0 81 0 240
0 72 0 0
0 84 0 0
0 77 0 0
0 84 38 0
0 72 30 0
0 81 30 0
0 77 30 0
0 77 0 240
0 84 0 0
0 72 0 0
0 81 0 0
0 77 30 0
0 72 30 0
0 84 38 0
0 81 30 0
0 81 0 240
0 77 0 0
0 72 0 0
0 84 0 0
0 78 34 0
0 72 34 0
0 74 34 0
0 86 40 0
0 81 34 0
0 81 0 240
0 74 0 0
0 78 0 0
0 72 0 0
0 86 0 0
0 86 38 0
0 81 30 0
0 74 30 0
0 78 30 0
0 72 30 0
0 72 0 240
0 74 0 0
0 86 0 0
0 81 0 0
0 78 0 0
0 72 30 0
0 78 30 0
0 74 30 0
0 86 38 0
0 81 30 0
0 81 0 240
0 74 0 0
0 72 0 0
0 78 0 0
0 86 0 0
0 79 34 0
0 70 34 0
0 74 34 0
0 82 40 0
0 82 0 240
0 79 0 0
0 70 0 0
0 74 0 0
0 79 30 0
0 74 30 0
0 82 38 0
0 70 30 0
0 70 0 240
0 79 0 0
0 74 0 0
0 82 0 0
0 79 30 0
0 82 38 0
0 70 30 0
0 74 30 0
0 74 0 240
0 79 0 0
0 82 0 0
0 70 0 0
0 72 34 0
0 70 34 0
0 76 34 0
0 82 40 0
0 82 0 240
0 72 0 0
0 70 0 0
0 76 0 0
0 82 38 0
0 70 30 0
0 72 30 0
0 76 30 0
0 76 0 240
0 82 0 0
0 70 0 0
0 72 0 0
0 72 30 0
0 70 30 0
0 76 30 0
0 82 38 0
0 82 0 240
0 72 0 0
0 70 0 0
0 76 0 0
0 77 34 0
0 69 28 0
0 72 28 0
0 81 40 0
0 81 0 240
0 77 0 0
0 69 0 0
0 72 0 0
0 77 27 0
0 72 23 0
0 81 34 0
0 69 23 0
0 69 0 240
0 77 0 0
0 72 0 0
0 81 0 0
0 77 27 0
0 81 34 0
0 69 23 0
0 72 23 0
0 72 0 240
0 77 0 0
0 81 0 0
0 69 0 0
0 72 26 0
0 69 26 0
0 77 31 0
0 81 31 0
0 81 0 240
0 72 0 0
0 69 0 0
0 77 0 0
0 81 29 0
0 69 24 0
0 77 29 0
0 72 24 0
0 72 0 240
0 81 0 0
0 69 0 0
0 77 0 0
0 81 29 0
0 69 24 0
0 77 29 0
0 72 24 0
0 72 0 240
0 81 0 0
0 69 0 0
0 77 0 0
0 77 29 0
0 81 36 0
0 69 25 0
0 73 25 0
0 73 0 240
0 77 0 0
0 81 0 0
0 69 0 0
0 81 29 0
0 69 19 0
0 77 24 0
0 73 19 0
0 73 0 240
0 81 0 0
0 69 0 0
0 77 0 0
0 73 19 0
0 69 19 0
0 81 29 0
0 77 24 0
0 77 0 240
0 73 0 0
0 69 0 0
0 81 0 0
0 77 28 0
0 69 23 0
0 73 23 0
0 81 28 0
0 81 0 240
0 77 0 0
0 69 0 0
0 73 0 0
0 77 26 0
0 73 20 0
0 81 26 0
0 69 20 0
0 69 0 240
0 77 0 0
0 73 0 0
0 81 0 0
0 77 26 0
0 81 26 0
0 69 20 0
0 73 20 0
0 73 0 240
0 77 0 0
0 81 0 0
0 69 0 0
0 72 27 0
0 69 27 0
0 77 33 0
0 81 38 0
0 81 0 240
0 72 0 0
0 69 0 0
0 77 0 0
0 81 33 0
0 69 22 0
0 72 22 0
0 77 26 0
0 77 0 240
0 81 0 0
0 69 0 0
0 72 0 0
0 77 26 0
0 72 22 0
0 81 33 0
0 69 22 0
0 69 0 240
0 77 0 0
0 72 0 0
0 81 0 0
0 72 26 0
0 69 26 0
0 81 31 0
0 77 31 0
0 77 0 240
0 72 0 0
0 69 0 0
0 81 0 0
0 77 29 0
0 81 29 0
0 72 24 0
0 69 24 0
0 69 0 240
0 77 0 0
0 81 0 0
0 72 0 0
0 81 29 0
0 69 24 0
0 77 29 0
0 72 24 0
0 72 0 240
0 81 0 0
0 69 0 0
0 77 0 0
0 69 25 0
0 81 36 0
0 73 25 0
0 77 29 0
0 77 0 240
0 69 0 0
0 81 0 0
0 73 0 0
0 73 19 0
0 69 19 0
0 81 29 0
0 77 24 0
0 77 0 240
0 73 0 0
0 69 0 0
0 81 0 0
0 73 19 0
0 81 29 0
0 77 24 0
0 69 19 0
0 69 0 240
0 73 0 0
0 81 0 0
0 77 0 0
0 77 28 0
0 81 28 0
0 73 23 0
0 69 23 0
0 69 0 240
0 77 0 0
0 81 0 0
0 73 0 0
0 73 20 0
0 81 26 0
0 77 26 0
0 69 20 0
0 69 0 240
0 73 0 0
0 81 0 0
0 77 0 0
0 77 26 0
0 73 20 0
0 81 26 0
0 69 20 0
0 69 0 240
0 77 0 0
0 73 0 0
0 81 0 0
0 72 29 0
0 69 29 0
0 81 29 0
0 77 29 0
0 77 0 240
0 72 0 0
0 69 0 0
0 81 0 0
0 77 27 0
0 81 27 0
0 72 27 0
0 69 27 0
0 69 0 240
0 77 0 0
0 81 0 0
0 72 0 0
0 81 27 0
0 69 27 0
0 77 27 0
0 72 27 0
0 72 0 240
0 81 0 0
0 69 0 0
0 77 0 0
0 69 26 0
0 81 26 0
0 72 26 0
0 77 26 0
0 77 0 240
0 69 0 0
0 81 0 0
0 72 0 0
0 77 57 3360
0 77 0 720
0 76 55 0
0 76 0 480
0 72 52 0
0 72 0 240
0 84 58 5
0 84 0 715
0 79 53 120
0 79 0 120
0 80 56 0
0 80 0 120
0 82 50 0
0 82 0 60
0 80 41 0
0 80 0 30
0 82 41 0
0 82 0 30
0 80 49 0
0 80 0 120
0 79 50 0
0 79 0 120
0 84 53 0
0 84 0 120
0 77 53 0
0 77 0 120
0 79 56 0
0 79 0 120
0 80 50 0
0 80 0 60
0 79 44 0
0 79 0 30
0 80 41 0
0 80 0 30
0 79 52 0
0 79 0 120
0 77 50 0
0 77 0 120
0 76 53 0
0 76 0 120
0 72 53 0
0 72 0 120
0 71 56 0
0 71 0 120
0 72 50 0
0 72 0 120
0 75 52 0
0 75 0 120
0 73 50 0
0 73 0 120
0 72 49 0
0 72 0 120
0 65 49 0
0 65 0 120
0 67 51 0
0 67 0 120
0 68 46 0
0 68 0 60
0 67 40 0
0 67 0 30
0 68 38 0
0 68 0 30
0 67 48 0
0 67 0 120
0 65 46 0
0 65 0 120
0 64 49 0
0 64 0 120
0 61 49 0
0 61 0 120
0 60 49 0
0 60 0 120
0 58 39 0
0 58 0 120
0 56 44 0
0 56 0 120
0 55 38 0
0 55 0 120
0 77 50 0
0 77 0 720
0 76 49 0
0 76 0 480
0 72 47 0
0 72 0 240
0 84 51 0
0 84 0 720
0 79 48 120
0 79 0 120
0 81 49 0
0 81 0 120
0 82 45 0
0 82 0 60
0 81 37 0
0 81 0 30
0 82 37 0
0 82 0 30
0 81 44 0
0 81 0 120
0 79 45 0
0 79 0 120
0 84 48 0
0 84 0 120
0 77 48 0
0 77 0 120
0 79 49 0
0 79 0 120
0 81 45 0
0 81 0 60
0 79 39 0
0 79 0 30
0 81 37 0
0 81 0 30
0 79 47 0
0 79 0 120
0 77 45 0
0 77 0 120
0 82 48 0
0 76 48 0
0 76 0 120
0 74 48 0
0 74 0 120
0 76 49 0
0 76 0 120
0 72 45 0
0 72 0 120
0 82 0 0
0 81 45 0
0 70 47 0
0 70 0 120
0 72 45 0
0 72 0 120
0 81 0 0
0 69 44 0
0 77 44 0
0 77 0 1440
0 69 0 0
0 65 57 0
0 65 0 720
0 63 55 0
0 63 0 238
0 57 52 242
0 57 0 180
0 56 51 0
0 68 58 60
0 56 0 20
0 68 0 700
0 66 53 120
0 66 0 120
0 68 53 0
0 68 0 120
0 69 50 0
0 69 0 60
0 68 41 0
0 68 0 30
0 69 41 0
0 69 0 30
0 68 49 0
0 68 0 120
0 66 50 0
0 66 0 120
0 65 53 0
0 65 0 120
0 66 53 0
0 66 0 120
0 68 56 0
0 68 0 120
0 66 50 0
0 66 0 120
0 65 52 0
0 65 0 120
0 68 50 0
0 68 0 60
0 66 46 0
0 66 0 30
0 68 46 0
0 68 0 30
0 66 55 0
0 66 0 120
0 65 51 0
0 65 0 120
0 63 55 0
0 65 50 120
0 65 0 120
0 66 52 0
0 66 0 120
0 63 0 0
0 63 50 0
0 63 0 120
0 65 49 0
0 65 0 360
0 56 46 0
0 56 0 120
0 61 48 0
0 61 0 240
0 59 41 120
0 59 0 120
0 57 49 0
0 57 0 120
0 56 40 0
0 56 0 120
0 57 47 0
0 57 0 120
0 59 40 0
0 59 0 60
0 56 53 0
0 65 57 60
0 56 0 20
0 65 0 700
0 63 55 0
0 63 0 238
0 57 52 242
0 57 0 180
0 56 51 0
0 68 58 60
0 56 0 20
0 68 0 700
0 66 53 120
0 66 0 120
0 68 53 0
0 68 0 120
0 69 56 0
0 69 0 120
0 71 59 0
0 71 0 120
0 73 61 0
0 73 0 60
0 71 53 0
0 71 0 30
0 73 53 0
0 73 0 30
0 71 62 0
0 71 0 120
0 69 57 0
0 69 0 120
0 68 62 0
0 68 0 120
0 66 58 0
0 66 0 120
0 68 60 0
0 68 0 120
0 69 56 0
0 69 0 60
0 66 51 0
0 66 0 30
0 68 52 0
0 68 0 30
0 66 58 0
0 66 0 120
0 65 52 0
0 65 0 120
0 63 51 0
0 65 44 120
0 65 0 120
0 66 49 0
0 66 0 120
0 68 44 0
0 68 0 120
0 63 0 0
0 73 26 0
0 68 26 0
0 65 26 0
0 77 31 0
0 77 0 240
0 73 0 0
0 68 0 0
0 65 0 0
0 77 29 0
0 73 24 0
0 68 24 0
0 65 24 0
0 65 0 240
0 77 0 0
0 73 0 0
0 68 0 0
0 77 29 0
0 73 24 0
0 68 24 0
0 65 24 0
0 65 0 240
0 77 0 0
0 73 0 0
0 68 0 0
0 73 26 0
0 68 26 0
0 65 26 0
0 77 31 0
0 77 0 240
0 73 0 0
0 68 0 0
0 65 0 0
0 77 29 0
0 73 24 0
0 68 24 0
0 65 24 0
0 65 0 240
0 77 0 0
0 73 0 0
0 68 0 0
0 77 29 0
0 73 24 0
0 68 24 0
0 65 24 0
0 65 0 240
0 77 0 0
0 73 0 0
0 68 0 0
0 73 26 0
0 68 26 0
0 65 26 0
0 77 31 0
0 77 0 240
0 73 0 0
0 68 0 0
0 65 0 0
0 77 29 0
0 73 24 0
0 68 24 0
0 65 24 0
0 65 0 240
0 77 0 0
0 73 0 0
0 68 0 0
0 77 29 0
0 73 24 0
0 68 24 0
0 65 24 0
0 65 0 240
0 77 0 0
0 73 0 0
0 68 0 0
0 73 26 0
0 68 26 0
0 65 26 0
0 77 31 0
0 77 0 240
0 73 0 0
0 68 0 0
0 65 0 0
0 77 29 0
0 73 24 0
0 68 24 0
0 65 24 0
0 65 0 240
0 77 0 0
0 73 0 0
0 68 0 0
0 77 29 0
0 73 24 0
0 68 24 0
0 65 24 0
0 65 0 240
0 77 0 0
0 73 0 0
0 68 0 0
0 73 26 0
0 68 26 0
0 65 26 0
0 77 31 0
0 77 0 240
0 73 0 0
0 68 0 0
0 65 0 0
0 77 29 0
0 73 24 0
0 68 24 0
0 65 24 0
0 65 0 240
0 77 0 0
0 73 0 0
0 68 0 0
0 77 29 0
0 73 24 0
0 68 24 0
0 65 24 0
0 65 0 240
0 77 0 0
0 73 0 0
0 68 0 0
0 73 26 0
0 68 26 0
0 65 26 0
0 77 31 0
0 77 0 240
0 73 0 0
0 68 0 0
0 65 0 0
0 77 29 0
0 73 24 0
0 68 24 0
0 65 24 0
0 65 0 240
0 77 0 0
0 73 0 0
0 68 0 0
0 77 29 0
0 73 24 0
0 68 24 0
0 65 24 0
0 65 0 240
0 77 0 0
0 73 0 0
0 68 0 0
0 73 26 0
0 68 26 0
0 65 26 0
0 77 31 0
0 77 0 240
0 73 0 0
0 68 0 0
0 65 0 0
0 77 29 0
0 73 24 0
0 68 24 0
0 65 24 0
0 65 0 240
0 77 0 0
0 73 0 0
0 68 0 0
0 77 29 0
0 73 24 0
0 68 24 0
0 65 24 0
0 65 0 240
0 77 0 0
0 73 0 0
0 68 0 0
0 73 26 0
0 68 26 0
0 65 26 0
0 77 31 0
0 77 0 240
0 73 0 0
0 68 0 0
0 65 0 0
0 77 29 0
0 73 24 0
0 68 24 0
0 65 24 0
0 65 0 240
0 77 0 0
0 73 0 0
0 68 0 0
0 77 29 0
0 73 24 0
0 68 24 0
0 65 24 0
0 65 0 240
0 77 0 0
0 73 0 0
0 68 0 0
0 73 26 0
0 67 26 0
0 65 26 0
0 77 31 0
0 77 0 240
0 73 0 0
0 67 0 0
0 65 0 0
0 77 29 0
0 73 24 0
0 67 24 0
0 65 24 0
0 65 0 240
0 77 0 0
0 73 0 0
0 67 0 0
0 77 29 0
0 73 24 0
0 67 24 0
0 65 24 0
0 65 0 240
0 77 0 0
0 73 0 0
0 67 0 0
0 73 26 0
0 67 26 0
0 65 26 0
0 77 31 0
0 77 0 240
0 73 0 0
0 67 0 0
0 65 0 0
0 77 29 0
0 73 24 0
0 67 24 0
0 65 24 0
0 65 0 240
0 77 0 0
0 73 0 0
0 67 0 0
0 77 29 0
0 73 24 0
0 67 24 0
0 65 24 0
0 65 0 240
0 77 0 0
0 73 0 0
0 67 0 0
0 73 26 0
0 67 26 0
0 65 26 0
0 77 31 0
0 77 0 240
0 73 0 0
0 67 0 0
0 65 0 0
0 77 29 0
0 73 24 0
0 67 24 0
0 65 24 0
0 65 0 240
0 77 0 0
0 73 0 0
0 67 0 0
0 77 29 0
0 73 24 0
0 67 24 0
0 65 24 0
0 65 0 240
0 77 0 0
0 73 0 0
0 67 0 0
0 73 26 0
0 67 26 0
0 70 26 0
0 76 31 0
0 76 0 240
0 73 0 0
0 67 0 0
0 70 0 0
0 76 29 0
0 73 24 0
0 67 24 0
0 70 24 0
0 70 0 240
0 76 0 0
0 73 0 0
0 67 0 0
0 76 29 0
0 73 24 0
0 67 24 0
0 70 24 0
0 70 0 240
0 76 0 0
0 73 0 0
0 67 0 0
0 77 57 0
0 77 0 720
0 76 55 0
0 76 0 480
0 72 52 0
0 72 0 240
0 84 58 5
0 84 0 715
0 79 53 120
0 79 0 120
0 80 56 0
0 80 0 120
0 82 50 0
0 82 0 60
0 80 41 0
0 80 0 30
0 82 41 0
0 82 0 30
0 80 49 0
0 80 0 120
0 79 50 0
0 79 0 120
0 84 53 0
0 84 0 120
0 77 53 0
0 77 0 120
0 79 56 0
0 79 0 120
0 80 50 0
0 80 0 60
0 79 44 0
0 79 0 30
0 80 41 0
0 80 0 30
0 79 52 0
0 79 0 120
0 77 50 0
0 77 0 120
0 76 53 0
0 76 0 120
0 72 53 0
0 72 0 120
0 71 56 0
0 71 0 120
0 72 50 0
0 72 0 120
0 75 52 0
0 75 0 120
0 73 50 0
0 73 0 120
0 72 49 0
0 65 49 120
0 65 0 120
0 67 51 0
0 67 0 120
0 68 46 0
0 68 0 60
0 67 40 0
0 67 0 30
0 68 38 0
0 68 0 30
0 67 48 0
0 67 0 120
0 65 46 0
0 65 0 120
0 64 49 0
0 64 0 120
0 61 49 0
0 61 0 120
0 60 49 0
0 60 0 120
0 58 39 0
0 58 0 120
0 56 44 0
0 56 0 120
0 55 38 0
0 55 0 120
0 72 0 0
0 77 50 0
0 77 0 720
0 76 49 0
0 76 0 480
0 72 47 0
0 72 0 240
0 84 51 0
0 84 0 720
0 79 48 120
0 79 0 120
0 81 49 0
0 81 0 120
0 82 45 0
0 82 0 60
0 81 37 0
0 81 0 30
0 82 37 0
0 82 0 30
0 81 44 0
0 81 0 120
0 79 45 0
0 79 0 120
0 84 48 0
0 84 0 120
0 77 48 0
0 77 0 120
0 79 49 0
0 79 0 120
0 81 45 0
0 81 0 60
0 79 39 0
0 79 0 30
0 81 37 0
0 81 0 30
0 79 47 0
0 79 0 120
0 77 45 0
0 77 0 120
0 82 48 0
0 76 48 0
0 76 0 120
0 74 48 0
0 74 0 120
0 76 49 0
0 76 0 120
0 72 45 0
0 72 0 120
0 82 0 0
0 81 45 0
0 70 47 0
0 70 0 120
0 72 45 0
0 72 0 120
0 81 0 0
0 69 44 0
0 77 44 0
0 69 0 959
0 77 0 481
0 57 46 0
0 61 46 0
0 69 56 0
0 69 0 120
0 67 52 0
0 67 0 120
0 65 51 0
0 61 0 480
0 57 0 0
0 65 0 720
0 57 46 0
0 60 46 0
0 69 56 0
0 69 0 120
0 67 52 0
0 67 0 120
0 65 51 0
0 60 0 480
0 57 0 0
0 65 0 720
0 57 42 0
0 61 42 0
0 69 51 0
0 69 0 120
0 67 48 0
0 67 0 120
0 65 47 0
0 61 0 480
0 57 0 0
0 65 0 720
0 57 42 0
0 60 42 0
0 69 51 0
0 69 0 120
0 67 48 0
0 67 0 120
0 65 47 0
0 60 0 480
0 57 0 0
0 65 0 720
0 61 56 0
0 65 56 0
0 65 0 120
0 61 0 0
0 63 52 0
0 63 0 120
0 61 51 0
0 61 0 480
0 61 51 0
0 65 51 0
0 65 0 120
0 61 0 0
0 63 48 0
0 63 0 120
0 61 47 0
0 61 0 480
0 55 41 480
0 60 41 0
0 64 41 0
0 67 52 0
0 67 0 480
0 55 0 0
0 60 0 0
0 64 0 0
0 55 33 0
0 61 33 0
0 65 33 0
0 67 42 0
0 67 0 480
0 55 0 0
0 61 0 0
0 65 0 0
0 55 41 480
0 60 41 0
0 64 41 0
0 67 52 0
0 67 0 480
0 55 0 0
0 60 0 0
0 64 0 0
0 55 33 0
0 61 33 0
0 65 33 0
0 67 42 0
0 67 0 480
0 55 0 0
0 61 0 0
0 65 0 0
0 53 40 240
0 53 0 120
0 55 37 0
0 55 0 120
0 58 43 0
0 58 0 120
0 61 40 0
0 61 0 120
0 55 43 0
0 52 43 0
0 52 0 120
0 55 0 0
0 60 39 0
0 60 0 120
0 65 49 0
0 65 0 120
0 67 46 0
0 67 0 120
0 70 50 0
0 70 0 120
0 73 48 0
0 73 0 120
0 67 52 0
0 64 52 0
0 64 0 120
0 67 0 0
0 72 48 0
0 72 0 120
0 77 53 0
0 77 0 120
0 79 50 0
0 79 0 120
0 82 56 0
0 82 0 120
0 85 52 0
0 85 0 120
0 84 55 0
0 76 55 0
0 76 0 120
0 84 0 0
0 79 50 0
0 79 0 120
0 74 52 0
0 82 52 0
0 82 0 120
0 74 0 0
0 76 42 0
0 76 0 120
0 70 48 0
0 81 48 0
0 81 0 120
0 70 0 0
0 72 37 0
0 72 26 60
0 77 26 20
0 81 26 20
0 72 0 20
0 84 31 0
0 84 0 240
0 81 0 0
0 77 0 0
0 72 0 0
0 84 29 0
0 81 24 0
0 77 24 0
0 72 24 0
0 72 0 240
0 84 0 0
0 81 0 0
0 77 0 0
0 84 29 0
0 81 24 0
0 77 24 0
0 72 24 0
0 72 0 180
0 84 0 0
0 81 0 0
0 77 0 0
0 72 26 0
0 77 26 20
0 81 26 20
0 84 31 20
0 84 0 240
0 72 0 0
0 77 0 0
0 81 0 0
0 84 29 0
0 81 24 0
0 77 24 0
0 72 24 0
0 72 0 240
0 84 0 0
0 81 0 0
0 77 0 0
0 84 29 0
0 81 24 0
0 77 24 0
0 72 24 0
0 72 0 180
0 84 0 0
0 81 0 0
0 77 0 0
0 72 26 0
0 77 26 20
0 81 26 20
0 84 31 20
0 84 0 240
0 72 0 0
0 77 0 0
0 81 0 0
0 84 29 0
0 81 24 0
0 77 24 0
0 72 24 0
0 72 0 240
0 84 0 0
0 81 0 0
0 77 0 0
0 84 29 0
0 81 24 0
0 77 24 0
0 72 24 0
0 72 0 180
0 84 0 0
0 81 0 0
0 77 0 0
0 72 26 0
0 77 26 20
0 81 26 20
0 84 31 20
0 84 0 240
0 72 0 0
0 77 0 0
0 81 0 0
0 84 29 0
0 81 24 0
0 77 24 0
0 72 24 0
0 72 0 240
0 84 0 0
0 81 0 0
0 77 0 0
0 84 29 0
0 81 24 0
0 77 24 0
0 72 24 0
0 72 0 180
0 84 0 0
0 81 0 0
0 77 0 0
0 72 26 0
0 77 26 20
0 81 26 20
0 84 31 20
0 84 0 240
0 72 0 0
0 77 0 0
0 81 0 0
0 84 29 0
0 81 24 0
0 77 24 0
0 72 24 0
0 72 0 240
0 84 0 0
0 81 0 0
0 77 0 0
0 84 29 0
0 81 24 0
0 77 24 0
0 72 24 0
0 72 0 180
0 84 0 0
0 81 0 0
0 77 0 0
0 72 26 0
0 77 26 20
0 81 26 20
0 84 31 20
0 84 0 240
0 72 0 0
0 77 0 0
0 81 0 0
0 84 29 0
0 81 24 0
0 77 24 0
0 72 24 0
0 72 0 240
0 84 0 0
0 81 0 0
0 77 0 0
0 84 29 0
0 81 24 0
0 77 24 0
0 72 24 0
0 72 0 180
0 84 0 0
0 81 0 0
0 77 0 0
0 72 26 0
0 77 26 20
0 81 26 20
0 84 31 20
0 84 0 240
0 72 0 0
0 77 0 0
0 81 0 0
0 84 29 0
0 81 24 0
0 77 24 0
0 72 24 0
0 72 0 240
0 84 0 0
0 81 0 0
0 77 0 0
0 84 29 0
0 81 24 0
0 77 24 0
0 72 24 0
0 72 0 180
0 84 0 0
0 81 0 0
0 77 0 0
0 72 26 0
0 77 26 20
0 81 26 20
0 84 31 20
0 84 0 240
0 72 0 0
0 77 0 0
0 81 0 0
0 84 29 0
0 81 24 0
0 77 24 0
0 72 24 0
0 72 0 240
0 84 0 0
0 81 0 0
0 77 0 0
0 84 29 0
0 81 24 0
0 77 24 0
0 72 24 0
0 72 0 180
0 84 0 0
0 81 0 0
0 77 0 0
0 76 26 0
0 72 26 0
0 82 26 60
0 84 31 0
0 76 0 220
0 72 0 20
0 84 0 0
0 84 29 0
0 82 24 0
0 76 24 0
0 72 24 0
0 82 0 20
0 76 0 220
0 84 0 0
0 82 0 0
0 72 0 0
0 84 29 0
0 82 24 0
0 76 24 0
0 72 24 0
0 72 0 180
0 84 0 0
0 82 0 0
0 76 0 0
0 76 26 0
0 72 26 0
0 82 26 60
0 84 31 0
0 76 0 220
0 72 0 20
0 84 0 0
0 84 29 0
0 82 24 0
0 76 24 0
0 72 24 0
0 82 0 20
0 76 0 220
0 84 0 0
0 82 0 0
0 72 0 0
0 84 29 0
0 82 24 0
0 76 24 0
0 72 24 0
0 72 0 180
0 84 0 0
0 82 0 0
0 76 0 0
0 76 26 0
0 72 26 0
0 82 26 60
0 84 31 0
0 76 0 220
0 72 0 20
0 84 0 0
0 84 29 0
0 82 24 0
0 76 24 0
0 72 24 0
0 82 0 20
0 76 0 220
0 84 0 0
0 82 0 0
0 72 0 0
0 84 29 0
0 82 24 0
0 76 24 0
0 72 24 0
0 72 0 180
0 84 0 0
0 82 0 0
0 76 0 0
0 76 26 0
0 72 26 0
0 82 26 60
0 84 31 0
0 76 0 220
0 72 0 20
0 84 0 0
0 84 29 0
0 82 24 0
0 76 24 0
0 72 24 0
0 82 0 20
0 76 0 220
0 84 0 0
0 82 0 0
0 72 0 0
0 84 29 0
0 82 24 0
0 76 24 0
0 72 24 0
0 72 0 180
0 84 0 0
0 82 0 0
0 76 0 0
0 76 26 0
0 72 26 0
0 82 26 60
0 84 31 0
0 76 0 220
0 72 0 20
0 84 0 0
0 84 29 0
0 82 24 0
0 76 24 0
0 72 24 0
0 82 0 20
0 76 0 220
0 84 0 0
0 82 0 0
0 72 0 0
0 84 31 0
0 82 25 0
0 76 25 0
0 72 25 0
0 72 0 180
0 84 0 0
0 82 0 0
0 76 0 0
0 76 28 0
0 72 28 0
0 82 28 60
0 84 35 0
0 76 0 220
0 72 0 20
0 84 0 0
0 84 33 0
0 82 26 0
0 76 26 0
0 72 26 0
0 82 0 20
0 76 0 220
0 84 0 0
0 82 0 0
0 72 0 0
0 84 33 0
0 82 26 0
0 76 26 0
0 72 26 0
0 72 0 180
0 84 0 0
0 82 0 0
0 76 0 0
0 76 28 0
0 72 28 0
0 82 26 60
0 84 31 0
0 76 0 220
0 72 0 20
0 84 0 0
0 84 29 0
0 82 24 0
0 76 24 0
0 72 24 0
0 82 0 20
0 76 0 220
0 84 0 0
0 82 0 0
0 72 0 0
0 84 29 0
0 82 24 0
0 76 24 0
0 72 24 0
0 72 0 180
0 84 0 0
0 82 0 0
0 76 0 0
0 76 26 0
0 72 26 0
0 82 26 60
0 84 31 0
0 76 0 220
0 72 0 20
0 84 0 0
0 84 33 0
0 82 26 0
0 76 26 0
0 72 26 0
0 82 0 20
0 76 0 220
0 84 0 0
0 82 0 0
0 72 0 0
0 84 35 0
0 82 28 0
0 76 28 0
0 72 28 0
0 72 0 180
0 84 0 0
0 82 0 0
0 76 0 0
0 72 31 0
0 77 31 20
0 81 31 20
0 84 39 20
0 84 0 240
0 72 0 0
0 77 0 0
0 81 0 0
0 84 37 0
0 81 29 0
0 77 29 0
0 72 29 0
0 72 0 240
0 84 0 0
0 81 0 0
0 77 0 0
0 84 37 0
0 81 29 0
0 77 29 0
0 72 29 0
0 72 0 180
0 84 0 0
0 81 0 0
0 77 0 0
0 72 31 0
0 77 31 20
0 81 31 20
0 84 39 20
0 84 0 240
0 72 0 0
0 77 0 0
0 81 0 0
0 84 37 0
0 81 29 0
0 77 29 0
0 72 29 0
0 72 0 240
0 84 0 0
0 81 0 0
0 77 0 0
0 84 37 0
0 81 29 0
0 77 29 0
0 72 29 0
0 72 0 180
0 84 0 0
0 81 0 0
0 77 0 0
0 72 31 0
0 77 31 20
0 81 31 20
0 84 39 20
0 84 0 240
0 72 0 0
0 77 0 0
0 81 0 0
0 84 37 0
0 81 29 0
0 77 29 0
0 72 29 0
0 72 0 240
0 84 0 0
0 81 0 0
0 77 0 0
0 84 37 0
0 81 29 0
0 77 29 0
0 72 29 0
0 72 0 180
0 84 0 0
0 81 0 0
0 77 0 0
0 72 31 0
0 77 31 20
0 81 31 20
0 84 42 20
0 84 0 240
0 72 0 0
0 77 0 0
0 81 0 0
0 84 36 0
0 81 28 0
0 77 28 0
0 72 28 0
0 72 0 240
0 84 0 0
0 81 0 0
0 77 0 0
0 84 34 0
0 81 27 0
0 77 27 0
0 72 27 0
0 72 0 180
0 84 0 0
0 81 0 0
0 77 0 0
0 72 29 0
0 75 29 20
0 80 29 20
0 84 36 20
0 84 0 240
0 72 0 0
0 75 0 0
0 80 0 0
0 84 33 0
0 80 27 0
0 75 27 0
0 72 27 0
0 72 0 240
0 84 0 0
0 80 0 0
0 75 0 0
0 84 33 0
0 80 27 0
0 75 27 0
0 72 27 0
0 72 0 180
0 84 0 0
0 80 0 0
0 75 0 0
0 72 29 0
0 75 29 20
0 80 29 20
0 84 36 20
0 84 0 240
0 72 0 0
0 75 0 0
0 80 0 0
0 84 33 0
0 80 27 0
0 75 27 0
0 72 27 0
0 72 0 240
0 84 0 0
0 80 0 0
0 75 0 0
0 84 33 0
0 80 27 0
0 75 27 0
0 72 27 0
0 72 0 180
0 84 0 0
0 80 0 0
0 75 0 0
0 72 29 0
0 75 29 20
0 80 29 20
0 84 36 20
0 84 0 240
0 72 0 0
0 75 0 0
0 80 0 0
0 84 33 0
0 80 27 0
0 75 27 0
0 72 27 0
0 72 0 240
0 84 0 0
0 80 0 0
0 75 0 0
0 84 33 0
0 80 27 0
0 75 27 0
0 72 27 0
0 72 0 180
0 84 0 0
0 80 0 0
0 75 0 0
0 72 29 0
0 75 29 20
0 80 29 20
0 84 36 20
0 84 0 240
0 72 0 0
0 75 0 0
0 80 0 0
0 84 33 0
0 80 27 0
0 75 27 0
0 72 27 0
0 72 0 240
0 84 0 0
0 80 0 0
0 75 0 0
0 84 33 0
0 80 27 0
0 75 27 0
0 72 27 0
0 72 0 240
0 84 0 0
0 80 0 0
0 75 0 0
0 72 29 0
0 76 29 0
0 82 29 0
0 84 36 0
0 84 0 240
0 72 0 0
0 76 0 0
0 82 0 0
0 84 34 0
0 82 27 0
0 76 27 0
0 72 27 0
0 72 0 240
0 84 0 0
0 82 0 0
0 76 0 0
0 84 34 0
0 82 27 0
0 76 27 0
0 72 27 0
0 72 0 240
0 84 0 0
0 82 0 0
0 76 0 0
0 72 29 0
0 76 29 0
0 82 29 0
0 84 36 0
0 84 0 240
0 72 0 0
0 76 0 0
0 82 0 0
0 84 35 0
0 82 28 0
0 76 28 0
0 72 28 0
0 72 0 240
0 84 0 0
0 82 0 0
0 76 0 0
0 84 37 0
0 82 30 0
0 76 30 0
0 72 30 0
0 72 0 240
0 84 0 0
0 82 0 0
0 76 0 0
0 72 34 0
0 77 34 0
0 81 34 0
0 84 40 0
0 84 0 240
0 72 0 0
0 77 0 0
0 81 0 0
0 84 38 0
0 81 30 0
0 77 30 0
0 72 30 0
0 72 0 240
0 84 0 0
0 81 0 0
0 77 0 0
0 84 38 0
0 81 30 0
0 77 30 0
0 72 30 0
0 72 0 240
0 84 0 0
0 81 0 0
0 77 0 0
0 72 34 0
0 74 34 0
0 78 34 0
0 81 34 0
0 86 40 0
0 86 0 240
0 78 0 0
0 72 0 0
0 74 0 0
0 81 0 0
0 72 30 0
0 86 38 0
0 81 30 0
0 78 30 0
0 74 30 0
0 74 0 240
0 81 0 0
0 72 0 0
0 86 0 0
0 78 0 0
0 72 30 0
0 86 38 0
0 81 30 0
0 78 30 0
0 74 30 0
0 74 0 240
0 81 0 0
0 72 0 0
0 86 0 0
0 78 0 0
0 70 34 0
0 74 34 0
0 79 34 0
0 82 40 0
0 82 0 240
0 70 0 0
0 74 0 0
0 79 0 0
0 82 38 0
0 79 30 0
0 74 30 0
0 70 30 0
0 70 0 240
0 82 0 0
0 79 0 0
0 74 0 0
0 82 38 0
0 79 30 0
0 74 30 0
0 70 30 0
0 70 0 240
0 82 0 0
0 79 0 0
0 74 0 0
0 70 34 0
0 72 34 0
0 76 34 0
0 82 40 0
0 82 0 240
0 70 0 0
0 72 0 0
0 76 0 0
0 82 38 0
0 76 30 0
0 72 30 0
0 70 30 0
0 70 0 240
0 82 0 0
0 76 0 0
0 72 0 0
0 82 38 0
0 76 30 0
0 72 30 0
0 70 30 0
0 70 0 240
0 82 0 0
0 76 0 0
0 72 0 0
0 69 28 0
0 72 28 0
0 77 34 0
0 81 40 0
0 81 0 240
0 69 0 0
0 72 0 0
0 77 0 0
0 81 34 0
0 77 27 0
0 72 23 0
0 69 23 0
0 69 0 240
0 81 0 0
0 77 0 0
0 72 0 0
0 81 34 0
0 77 27 0
0 72 23 0
0 69 23 0
0 69 0 240
0 81 0 0
0 77 0 0
0 72 0 0
0 69 26 0
0 72 26 0
0 77 31 0
0 81 31 0
0 81 0 240
0 69 0 0
0 72 0 0
0 77 0 0
0 81 29 0
0 77 29 0
0 72 24 0
0 69 24 0
0 69 0 240
0 81 0 0
0 77 0 0
0 72 0 0
0 81 29 0
0 77 29 0
0 72 24 0
0 69 24 0
0 69 0 240
0 81 0 0
0 77 0 0
0 72 0 0
0 69 25 0
0 73 25 0
0 77 29 0
0 81 36 0
0 81 0 240
0 69 0 0
0 73 0 0
0 77 0 0
0 81 29 0
0 77 24 0
0 73 19 0
0 69 19 0
0 69 0 240
0 81 0 0
0 77 0 0
0 73 0 0
0 81 29 0
0 77 24 0
0 73 19 0
0 69 19 0
0 69 0 240
0 81 0 0
0 77 0 0
0 73 0 0
0 69 23 0
0 73 23 0
0 77 28 0
0 81 28 0
0 81 0 240
0 69 0 0
0 73 0 0
0 77 0 0
0 81 26 0
0 77 26 0
0 73 20 0
0 69 20 0
0 69 0 240
0 81 0 0
0 77 0 0
0 73 0 0
0 81 26 0
0 77 26 0
0 73 20 0
0 69 20 0
0 69 0 240
0 81 0 0
0 77 0 0
0 73 0 0
0 69 25 0
0 72 25 0
0 77 30 0
0 81 36 0
0 81 0 240
0 69 0 0
0 72 0 0
0 77 0 0
0 81 30 0
0 77 24 0
0 72 20 0
0 69 20 0
0 69 0 240
0 81 0 0
0 77 0 0
0 72 0 0
0 81 30 0
0 77 24 0
0 72 20 0
0 69 20 0
0 69 0 240
0 81 0 0
0 77 0 0
0 72 0 0
0 69 24 0
0 72 24 0
0 77 29 0
0 81 29 0
0 81 0 240
0 69 0 0
0 72 0 0
0 77 0 0
0 81 27 0
0 77 27 0
0 72 22 0
0 69 22 0
0 69 0 240
0 81 0 0
0 77 0 0
0 72 0 0
0 81 27 0
0 77 27 0
0 72 22 0
0 69 22 0
0 69 0 240
0 81 0 0
0 77 0 0
0 72 0 0
0 69 23 0
0 73 23 0
0 77 27 0
0 81 34 0
0 81 0 240
0 69 0 0
0 73 0 0
0 77 0 0
0 81 27 0
0 77 22 0
0 73 18 0
0 69 18 0
0 69 0 240
0 81 0 0
0 77 0 0
0 73 0 0
0 81 27 0
0 77 22 0
0 73 18 0
0 69 18 0
0 69 0 240
0 81 0 0
0 77 0 0
0 73 0 0
0 69 20 0
0 73 20 0
0 77 26 0
0 81 26 0
0 81 0 240
0 69 0 0
0 73 0 0
0 77 0 0
0 81 24 0
0 77 24 0
0 73 19 0
0 69 19 0
0 69 0 240
0 81 0 0
0 77 0 0
0 73 0 0
0 81 24 0
0 77 24 0
0 73 19 0
0 69 19 0
0 69 0 240
0 81 0 0
0 77 0 0
0 73 0 0
0 69 27 0
0 72 27 0
0 77 27 0
0 81 27 0
0 81 0 240
0 69 0 0
0 72 0 0
0 77 0 0
0 81 25 0
0 77 25 0
0 72 25 0
0 69 25 0
0 69 0 240
0 81 0 0
0 77 0 0
0 72 0 0
0 81 25 0
0 77 25 0
0 72 25 0
0 69 25 0
0 69 0 240
0 81 0 0
0 77 0 0
0 72 0 0
0 69 24 0
0 72 24 0
0 77 24 0
0 81 24 0
0 81 0 240
0 69 0 0
0 72 0 0
0 77 0 0
0 57 34 600
0 57 0 120
0 60 35 0
0 60 0 120
0 65 37 0
0 65 0 120
0 69 38 0
0 69 0 120
0 72 39 0
0 72 0 120
0 77 46 0
0 77 0 120
0 69 33 0
0 69 0 120
0 72 35 0
0 72 0 120
0 77 38 0
0 77 0 120
0 81 40 0
0 81 0 120
0 84 44 0
0 84 0 120
0 89 46 0
0 89 0 720
0 57 27 0
0 60 27 0
0 65 33 0
0 69 33 0
0 69 0 720
0 57 0 0
0 60 0 0
0 65 0 0
0 41 35 630
0 48 37 11
0 57 39 30
0 65 50 30
0 65 0 23
0 41 0 0
0 48 0 0
0 57 0 0
0 64 44 120
0 64 0 120
0 62 49 0
0 62 0 120
0 60 44 0
0 60 0 120
0 62 49 0
0 62 0 74
0 64 44 0
0 64 0 45
0 53 39 0
0 62 45 0
0 62 0 45
0 64 41 0
0 64 0 80
0 62 41 0
0 62 0 80
0 60 46 0
0 53 0 374
0 60 0 630
0 41 34 0
0 48 37 30
0 57 39 20
0 65 50 17
0 65 0 30
0 41 0 0
0 48 0 0
0 57 0 0
0 64 44 120
0 64 0 120
0 62 49 0
0 62 0 120
0 60 44 0
0 60 0 120
0 62 49 0
0 62 0 77
0 64 44 0
0 64 0 48
0 62 48 0
0 53 40 0
0 62 0 49
0 64 41 0
0 64 0 80
0 62 41 0
0 62 0 80
0 60 46 0
0 53 0 395
0 60 0 630
0 41 40 30
0 48 40 22
0 55 47 18
0 55 0 120
0 57 51 0
0 57 0 120
0 48 0 0
0 41 0 0
0 58 53 0
0 58 0 240
0 58 51 0
0 58 0 7
0 60 53 0
0 60 0 120
0 62 58 0
0 62 0 360
0 64 58 0
0 64 0 120
0 67 62 0
0 67 0 120
0 64 57 0
0 64 0 42
0 62 58 0
0 62 0 52
0 64 53 0
0 64 0 80
0 62 49 0
0 62 0 80
0 60 49 0
0 60 0 1022
0 41 40 30
0 48 40 0
0 55 47 30
0 55 0 120
0 57 51 0
0 57 0 120
0 48 0 0
0 41 0 0
0 58 53 0
0 58 0 240
0 58 51 0
0 58 0 21
0 60 53 0
0 60 0 120
0 62 58 0
0 62 0 240
0 64 62 0
0 64 0 120
0 69 56 0
0 69 0 120
0 67 62 0
0 67 0 120
0 64 57 0
0 64 0 42
0 62 58 0
0 62 0 80
0 64 53 0
0 64 0 80
0 62 49 0
0 62 0 80
0 60 49 0
0 60 0 1025
0 41 35 0
0 48 37 30
0 57 39 20
0 65 50 18
0 65 0 19
0 41 0 0
0 48 0 0
0 57 0 0
0 64 44 120
0 64 0 120
0 62 49 0
0 62 0 120
0 60 44 0
0 60 0 120
0 62 49 0
0 62 0 120
0 64 44 0
0 64 0 120
0 53 41 0
0 62 51 0
0 62 0 38
0 64 41 0
0 64 0 80
0 62 44 0
0 62 0 80
0 60 44 0
0 53 0 374
0 60 0 630
0 51 37 30
0 60 38 19
0 68 49 15
0 68 0 19
0 60 0 0
0 51 0 0
0 67 44 120
0 67 0 120
0 65 49 0
0 65 0 120
0 63 44 0
0 63 0 120
0 65 49 0
0 65 0 120
0 67 44 0
0 67 0 120
0 65 50 0
0 65 0 80
0 67 44 0
0 67 0 80
0 65 44 0
0 65 0 80
0 63 49 0
0 63 0 1094
0 48 40 0
0 55 47 0
0 55 0 109
0 57 51 0
0 57 0 120
0 48 0 0
0 58 53 0
0 58 0 155
0 60 55 0
0 60 0 106
0 62 57 0
0 62 0 113
0 67 61 0
0 67 0 303
0 64 61 0
0 64 0 240
0 62 57 0
0 53 41 0
0 62 0 34
0 64 55 0
0 64 0 80
0 62 51 0
0 62 0 80
0 60 51 0
0 60 0 392
0 53 0 0
0 50 66 0
0 57 61 162
0 57 0 240
0 62 61 0
0 62 0 240
0 50 0 0
0 55 50 0
0 62 56 0
0 62 0 70
0 55 0 0
0 64 61 0
0 64 0 120
0 65 64 0
0 65 0 176
0 62 62 0
0 62 0 120
0 55 56 0
0 55 0 80
0 48 49 0
0 55 49 10
0 62 59 8
0 55 0 60
0 62 0 20
0 48 0 0
0 64 51 0
0 64 0 80
0 62 53 0
0 62 0 80
0 60 50 0
0 60 0 166
0 48 44 0
0 41 41 200
0 48 41 10
0 48 0 20
0 57 51 0
0 48 0 100
0 57 0 20
0 41 0 0
0 55 49 0
0 55 0 120
0 53 45 0
0 41 37 990
0 49 38 9
0 53 0 20
0 57 46 0
0 49 0 100
0 57 0 20
0 41 0 0
0 55 44 0
0 55 0 120
0 53 39 0
0 41 39 1069
0 48 40 10
0 53 0 20
0 57 49 0
0 48 0 100
0 57 0 20
0 41 0 0
0 55 47 0
0 55 0 120
0 53 42 0
0 41 37 1068
0 49 38 10
0 53 0 20
0 57 46 0
0 49 0 100
0 57 0 20
0 41 0 0
0 55 44 0
0 55 0 120
0 53 39 0
0 41 33 1080
0 48 33 10
0 53 0 20
0 57 39 0
0 48 0 100
0 57 0 20
0 41 0 0
0 55 37 0
0 55 0 120
0 53 35 0
0 53 0 614
0 48 34 213
0 48 0 133
0 41 40 0
0 41 0 240
0 48 36 0
0 48 0 240
0 60 36 0
0 56 36 0
0 56 0 240
0 60 0 0
0 61 41 0
0 58 35 0
0 58 0 80
0 61 0 0
0 67 33 0
0 67 0 480
0 41 36 0
0 41 0 120
0 48 36 0
0 48 0 240
0 60 36 0
0 56 36 0
0 56 0 240
0 60 0 0
0 61 41 0
0 58 35 0
0 58 0 93
0 61 0 0
0 67 34 0
0 67 0 480
0 41 36 0
0 41 0 120
0 48 36 0
0 48 0 240
0 60 34 0
0 56 34 0
0 56 0 240
0 60 0 0
0 60 39 0
0 58 33 0
0 58 0 113
0 60 0 0
0 67 29 0
0 67 0 480
0 41 36 0
0 41 0 133
0 48 34 0
0 48 0 240
0 60 31 0
0 56 31 0
0 56 0 240
0 60 0 0
0 60 39 0
0 58 33 0
0 58 0 167
0 60 0 0
0 64 29 0
0 64 0 480
0 41 36 0
0 41 0 187
0 48 36 0
0 48 0 240
0 60 36 0
0 56 36 0
0 56 0 240
0 60 0 0
0 60 39 0
0 58 33 0
0 58 0 154
0 60 0 0
0 67 29 0
0 67 0 480
0 41 36 0
0 41 0 187
0 48 36 0
0 48 0 240
0 60 34 0
0 56 34 0
0 56 0 240
0 60 0 0
0 60 39 0
0 58 33 0
0 58 0 176
0 60 0 0
0 67 29 0
0 67 0 420
0 53 36 0
0 41 31 60
0 53 0 10
0 41 0 114
0 48 31 0
0 48 0 240
0 60 29 0
0 56 29 0
0 56 0 240
0 60 0 0
0 60 35 0
0 58 29 0
0 58 0 113
0 60 0 0
0 67 26 0
0 67 0 480
0 41 31 0
0 41 0 120
0 48 29 0
0 48 0 240
0 60 29 0
0 57 29 0
0 57 0 240
0 60 0 0
0 60 35 0
0 58 29 0
0 58 0 164
0 60 0 0
0 64 26 0
0 64 0 480
0 41 31 0
0 41 0 187
0 48 31 0
0 48 0 240
0 60 30 0
0 57 30 0
0 57 0 240
0 60 0 0
0 60 35 0
0 58 29 0
0 58 0 127
0 60 0 0
0 67 26 0
0 67 0 480
0 41 31 0
0 41 0 120
0 48 31 0
0 48 0 240
0 60 29 0
0 57 29 0
0 60 0 240
0 65 33 0
0 65 0 80
0 69 26 0
0 69 0 480
0 57 0 0
0 37 36 0
0 37 0 66
0 44 36 0
0 44 0 240
0 53 34 0
0 53 0 240
0 57 39 0
0 49 33 0
0 49 0 177
0 57 0 0
0 54 29 0
0 63 29 0
0 63 0 480
0 54 0 0
0 37 36 0
0 37 0 66
0 44 34 0
0 44 0 240
0 53 31 0
0 53 0 240
0 57 39 0
0 49 33 0
0 49 0 205
0 57 0 0
0 54 29 0
0 61 29 0
0 61 0 480
0 54 0 0
0 37 36 0
0 37 0 187
0 44 34 0
0 44 0 240
0 53 34 0
0 53 0 240
0 57 39 0
0 49 33 0
0 49 0 194
0 57 0 0
0 54 29 0
0 54 0 480
0 37 36 0
0 37 0 120
0 44 36 0
0 44 0 240
0 53 34 0
0 53 0 240
0 57 39 0
0 49 33 0
0 49 0 180
0 57 0 0
0 54 29 0
0 63 29 0
0 63 0 480
0 54 0 0
0 37 36 0
0 37 0 80
0 44 36 0
0 44 0 240
0 53 34 0
0 53 0 240
0 57 39 0
0 49 33 0
0 49 0 177
0 57 0 0
0 54 29 0
0 63 29 0
0 63 0 480
0 54 0 0
0 37 36 0
0 37 0 66
0 44 34 0
0 44 0 240
0 53 31 0
0 53 0 240
0 57 39 0
0 49 33 0
0 49 0 169
0 57 0 0
0 54 29 0
0 63 29 0
0 63 0 480
0 54 0 0
0 37 45 0
0 37 0 187
0 44 39 0
0 44 0 240
0 53 38 0
0 53 0 240
0 57 44 0
0 57 0 199
0 54 29 0
0 37 33 420
0 54 0 60
0 53 37 0
0 61 48 0
0 61 0 586
0 53 0 0
0 37 0 0
0 60 41 14
0 60 0 120
0 58 47 0
0 58 0 120
0 56 41 0
0 56 0 120
0 58 47 0
0 58 0 120
0 60 41 0
0 60 0 120
0 58 42 0
0 58 0 48
0 60 39 0
0 60 0 80
0 58 39 0
0 58 0 80
0 56 44 0
0 56 0 1076
0 37 33 0
0 53 37 0
0 61 48 0
0 61 0 586
0 53 0 0
0 37 0 0
0 60 41 35
0 60 0 120
0 58 47 0
0 58 0 120
0 56 41 0
0 56 0 120
0 58 47 0
0 58 0 120
0 60 41 0
0 60 0 120
0 58 42 0
0 58 0 41
0 60 39 0
0 60 0 80
0 58 39 0
0 58 0 80
0 56 44 0
0 56 0 1034
0 46 42 0
0 55 42 30
0 61 42 0
0 61 0 17
0 55 0 0
0 63 39 0
0 63 0 80
0 61 39 0
0 61 0 80
0 55 44 0
0 46 0 374
0 55 0 720
0 48 42 0
0 58 42 0
0 58 0 30
0 60 39 0
0 60 0 80
0 58 39 0
0 58 0 80
0 55 44 0
0 55 0 374
0 48 0 0
0 60 44 0
0 60 0 563
0 41 36 0
0 41 0 66
0 48 36 0
0 48 0 240
0 60 34 0
0 56 34 0
0 56 0 240
0 60 0 0
0 60 39 0
0 58 33 0
0 58 0 38
0 60 0 0
0 67 29 0
0 67 0 480
0 41 36 0
0 41 0 80
0 48 34 0
0 48 0 240
0 60 31 0
0 56 31 0
0 56 0 240
0 60 0 0
0 60 39 0
0 58 33 0
0 58 0 139
0 60 0 0
0 64 29 0
0 64 0 480
0 41 36 0
0 41 0 187
0 48 36 0
0 48 0 240
0 60 36 0
0 56 36 0
0 56 0 240
0 60 0 0
0 60 39 0
0 58 33 0
0 58 0 171
0 60 0 0
0 67 29 0
0 67 0 480
0 41 36 0
0 41 0 187
0 48 36 0
0 48 0 240
0 60 34 0
0 56 34 0
0 56 0 240
0 60 0 0
0 60 39 0
0 58 33 0
0 58 0 205
0 60 0 0
0 67 29 0
0 67 0 420
0 53 36 0
0 41 31 60
0 53 0 16
0 41 0 114
0 48 31 0
0 48 0 240
0 60 29 0
0 56 29 0
0 56 0 240
0 60 0 0
0 60 35 0
0 58 29 0
0 58 0 126
0 60 0 0
0 67 26 0
0 67 0 480
0 41 31 0
0 41 0 120
0 48 29 0
0 48 0 240
0 60 29 0
0 57 29 0
0 57 0 240
0 60 0 0
0 60 35 0
0 58 29 0
0 58 0 173
0 60 0 0
0 64 26 0
0 64 0 480
0 41 31 0
0 41 0 187
0 48 31 0
0 48 0 240
0 60 30 0
0 57 30 0
0 57 0 240
0 60 0 0
0 60 35 0
0 58 29 0
0 58 0 127
0 60 0 0
0 67 26 0
0 67 0 480
0 41 31 0
0 41 0 133
0 48 31 0
0 48 0 240
0 60 29 0
0 57 29 0
0 60 0 240
0 65 33 0
0 65 0 240
0 69 26 0
0 69 0 478
0 57 0 2
0 41 44 0
0 41 0 134
0 49 39 0
0 49 0 240
0 53 39 0
0 53 0 240
0 57 42 0
0 57 0 240
0 61 36 0
0 61 0 480
0 41 44 0
0 41 0 120
0 48 39 0
0 48 0 240
0 53 39 0
0 53 0 240
0 57 42 0
0 57 0 240
0 60 36 0
0 60 0 480
0 41 40 0
0 41 0 120
0 49 36 0
0 49 0 240
0 53 36 0
0 53 0 240
0 57 39 0
0 57 0 240
0 61 33 0
0 61 0 480
0 41 40 0
0 41 0 84
0 48 36 0
0 48 0 240
0 53 36 0
0 53 0 240
0 57 39 0
0 57 0 240
0 60 33 0
0 60 0 480
0 49 44 0
0 53 44 0
0 56 44 0
0 56 0 651
0 53 0 0
0 49 0 0
0 46 40 0
0 53 40 0
0 55 40 0
0 55 0 646
0 53 0 0
0 46 0 0
0 36 44 0
0 36 0 107
0 43 48 0
0 43 0 480
0 46 45 120
0 46 0 120
0 44 48 0
0 44 0 34
0 43 44 0
0 43 0 120
0 44 49 0
0 44 0 120
0 46 44 0
0 46 0 120
0 36 44 0
0 36 0 53
0 43 48 0
0 43 0 480
0 46 45 120
0 46 0 120
0 44 48 0
0 44 0 23
0 43 44 0
0 43 0 120
0 44 49 0
0 44 0 120
0 46 44 0
0 46 0 120
0 36 44 0
0 36 0 6
0 49 55 0
0 49 0 200
0 46 48 0
0 46 0 240
0 48 44 0
0 48 0 154
0 61 56 0
0 61 0 154
0 58 50 0
0 58 0 240
0 60 48 0
0 60 0 165
0 73 61 0
0 73 0 148
0 70 56 0
0 70 0 240
0 72 41 0
0 72 0 169
0 60 41 0
0 41 30 122
0 48 33 0
0 57 35 30
0 60 0 30
0 65 45 0
0 65 0 42
0 57 0 0
0 48 0 0
0 41 0 0
0 64 39 106
0 64 0 120
0 62 44 0
0 62 0 120
0 60 39 0
0 60 0 120
0 62 44 0
0 62 0 81
0 64 39 0
0 64 0 43
0 62 39 0
0 53 35 0
0 62 0 80
0 64 37 0
0 64 0 80
0 62 37 0
0 62 0 80
0 60 40 0
0 53 0 374
0 60 0 630
0 41 29 0
0 48 33 30
0 57 35 19
0 65 45 30
0 65 0 49
0 41 0 0
0 48 0 0
0 57 0 0
0 64 39 120
0 64 0 120
0 62 44 0
0 62 0 120
0 60 39 0
0 60 0 120
0 62 44 0
0 62 0 63
0 64 39 0
0 64 0 44
0 62 42 0
0 53 36 0
0 62 0 80
0 64 37 0
0 64 0 80
0 62 37 0
0 62 0 80
0 60 40 0
0 53 0 395
0 60 0 630
0 41 36 30
0 48 36 20
0 55 41 0
0 55 0 120
0 57 46 0
0 57 0 120
0 48 0 0
0 41 0 0
0 58 48 0
0 58 0 240
0 58 46 0
0 58 0 120
0 60 48 0
0 60 0 53
0 62 51 0
0 62 0 360
0 64 51 0
0 64 0 120
0 67 56 0
0 67 0 120
0 64 50 0
0 64 0 53
0 62 51 0
0 62 0 69
0 64 48 0
0 64 0 80
0 62 44 0
0 62 0 80
0 60 44 0
0 60 0 1015
0 41 36 30
0 48 36 18
0 55 41 30
0 55 0 116
0 57 46 0
0 57 0 120
0 48 0 0
0 41 0 0
0 58 48 0
0 58 0 240
0 58 46 0
0 58 0 120
0 60 48 0
0 60 0 120
0 62 51 0
0 62 0 183
0 64 56 0
0 64 0 120
0 69 49 0
0 69 0 120
0 67 56 0
0 67 0 120
0 64 50 0
0 64 0 43
0 62 51 0
0 62 0 48
0 64 48 0
0 64 0 80
0 62 44 0
0 62 0 80
0 60 44 0
0 60 0 1032
0 41 38 0
0 48 40 30
0 57 42 23
0 65 55 30
0 65 0 50
0 41 0 0
0 48 0 0
0 57 0 0
0 64 48 67
0 64 0 120
0 62 53 0
0 62 0 120
0 60 48 0
0 60 0 120
0 62 53 0
0 62 0 120
0 64 48 0
0 64 0 120
0 62 56 0
0 53 45 0
0 62 0 48
0 64 45 0
0 64 0 80
0 62 48 0
0 62 0 80
0 60 48 0
0 53 0 374
0 60 0 630
0 51 37 30
0 60 38 16
0 68 49 30
0 68 0 47
0 60 0 0
0 51 0 0
0 67 44 120
0 67 0 120
0 65 49 0
0 65 0 120
0 63 44 0
0 63 0 120
0 65 49 0
0 65 0 120
0 67 44 0
0 67 0 120
0 65 50 0
0 65 0 80
0 67 44 0
0 67 0 80
0 65 44 0
0 65 0 80
0 63 49 0
0 63 0 1094
0 48 40 0
0 55 47 0
0 55 0 35
0 57 51 0
0 57 0 120
0 48 0 0
0 58 53 0
0 58 0 240
0 60 55 0
0 60 0 7
0 62 57 0
0 62 0 120
0 67 61 0
0 67 0 480
0 64 61 0
0 64 0 240
0 53 41 0
0 62 57 0
0 62 0 30
0 64 55 0
0 64 0 80
0 62 51 0
0 62 0 80
0 60 51 0
0 60 0 381
0 53 0 0
0 50 66 0
0 57 61 162
0 57 0 240
0 62 61 0
0 62 0 240
0 50 0 0
0 55 49 0
0 62 56 0
0 62 0 56
0 55 0 0
0 64 61 0
0 64 0 120
0 65 64 0
0 65 0 176
0 62 62 0
0 62 0 120
0 55 56 0
0 55 0 80
0 48 49 0
0 55 49 20
0 62 59 0
0 55 0 60
0 62 0 20
0 48 0 0
0 64 51 0
0 64 0 80
0 62 53 0
0 62 0 80
0 60 50 0
0 60 0 169
0 48 44 0
0 41 41 200
0 48 41 20
0 48 0 20
0 57 51 0
0 48 0 50
0 57 0 20
0 41 0 0
0 55 49 0
0 55 0 120
0 53 45 0
0 41 37 1061
0 49 38 20
0 53 0 20
0 57 46 0
0 49 0 31
0 57 0 20
0 41 0 0
0 55 44 0
0 55 0 120
0 53 39 0
0 41 37 1063
0 48 38 20
0 53 0 20
0 57 46 0
0 48 0 29
0 57 0 20
0 41 0 0
0 55 44 0
0 55 0 120
0 53 40 0
0 41 35 997
0 49 36 20
0 53 0 20
0 57 42 0
0 49 0 31
0 57 0 20
0 41 0 0
0 55 41 0
0 55 0 120
0 53 37 0
0 41 30 1034
0 48 30 20
0 53 0 20
0 57 37 0
0 48 0 15
0 57 0 20
0 41 0 0
0 55 35 0
0 55 0 120
0 53 33 0
0 53 0 607
0 48 34 160
0 48 0 106
0 41 28 0
0 41 0 120
0 48 29 0
0 48 0 120
0 53 30 0
0 53 0 120
0 57 31 0
0 57 0 120
0 60 31 0
0 60 0 120
0 65 33 0
0 65 0 120
0 69 34 0
0 69 0 120
0 60 27 0
0 60 0 120
0 65 29 0
0 65 0 120
0 69 30 0
0 69 0 120
0 72 33 0
0 72 0 120
0 77 35 0
0 77 0 120
0 81 36 0
0 81 0 720
0 41 22 0
0 48 22 0
0 53 26 0
0 53 0 720
0 48 0 0
0 41 0 0
