0 68 39 240
0 65 39 80
0 68 0 20
0 61 39 60
0 65 0 20
0 56 44 60
0 61 0 20
0 56 0 100
0 56 33 120
0 68 40 0
0 61 33 0
0 65 39 0
0 65 0 480
0 56 0 0
0 68 0 0
0 61 0 0
0 56 36 0
0 59 36 0
0 68 43 0
0 65 43 0
0 65 0 240
0 56 0 0
0 59 0 0
0 68 0 0
0 68 39 240
0 66 39 80
0 68 0 20
0 60 39 60
0 66 0 20
0 56 44 60
0 60 0 20
0 56 0 100
0 66 41 120
0 68 42 0
0 60 34 0
0 56 34 0
0 56 0 480
0 66 0 0
0 68 0 0
0 60 0 0
0 56 32 0
0 68 38 0
0 64 38 0
0 64 0 240
0 68 0 0
0 56 0 0
0 68 27 240
0 65 27 80
0 68 0 20
0 61 27 60
0 65 0 20
0 56 30 60
0 61 0 20
0 56 0 100
0 65 27 120
0 68 29 0
0 61 27 0
0 56 27 0
0 56 0 480
0 65 0 0
0 68 0 0
0 61 0 0
0 56 26 0
0 68 26 0
0 65 26 0
0 59 26 0
0 59 0 240
0 56 0 0
0 68 0 0
0 65 0 0
0 68 27 240
0 66 27 80
0 68 0 20
0 60 27 60
0 66 0 20
0 56 30 60
0 60 0 20
0 56 0 100
0 60 31 120
0 68 33 0
0 66 31 0
0 56 31 0
0 56 0 480
0 60 0 0
0 68 0 0
0 66 0 0
0 68 31 0
0 64 31 0
0 56 31 0
0 56 0 220
0 64 0 0
0 68 0 0
0 77 46 20
0 65 45 0
0 65 0 240
0 77 0 0
0 65 45 240
0 77 47 0
0 77 0 720
0 65 0 0
0 77 41 0
0 65 41 0
0 65 0 240
0 77 0 0
0 65 46 0
0 77 46 0
0 77 0 360
0 65 0 0
0 80 43 0
0 68 43 0
0 68 0 120
0 80 0 0
0 80 43 0
0 68 43 0
0 68 0 960
0 80 0 0
0 78 55 240
0 66 55 0
0 80 58 240
0 68 58 0
0 66 0 20
0 78 0 0
0 70 61 220
0 82 61 0
0 80 0 20
0 68 0 0
0 73 64 220
0 85 64 0
0 70 0 20
0 82 0 0
0 72 62 220
0 84 62 0
0 73 0 20
0 85 0 0
0 75 71 220
0 87 71 0
0 72 0 20
0 84 0 0
0 70 56 220
0 82 56 0
0 75 0 20
0 87 0 0
0 80 55 220
0 68 55 0
0 70 0 20
0 82 0 0
0 80 0 940
0 68 0 0
0 77 53 0
0 65 53 0
0 65 0 240
0 77 0 0
0 77 53 240
0 65 53 0
0 65 0 720
0 77 0 0
0 77 49 0
0 65 49 0
0 65 0 240
0 77 0 0
0 65 55 0
0 77 55 0
0 77 0 360
0 65 0 0
0 80 51 0
0 68 51 0
0 68 0 120
0 80 0 0
0 68 51 0
0 80 51 0
0 80 0 960
0 68 0 0
0 78 55 240
0 66 55 0
0 68 58 240
0 80 58 0
0 66 0 20
0 78 0 0
0 82 61 220
0 70 61 0
0 68 0 20
0 80 0 0
0 73 64 220
0 85 64 0
0 82 0 20
0 70 0 0
0 84 62 220
0 72 62 0
0 73 0 20
0 85 0 0
0 78 59 220
0 90 68 0
0 84 0 20
0 72 0 0
0 70 56 220
0 82 56 0
0 78 0 20
0 90 0 0
0 68 55 220
0 80 55 0
0 70 0 20
0 82 0 0
0 68 0 940
0 80 0 0
0 85 58 0
0 73 58 0
0 73 0 240
0 85 0 0
0 73 58 240
0 85 58 0
0 85 0 720
0 73 0 0
0 84 53 0
0 72 53 0
0 72 0 240
0 84 0 0
0 84 58 0
0 72 58 0
0 72 0 480
0 84 0 0
0 82 55 0
0 70 55 0
0 70 0 240
0 82 0 0
0 77 55 0
0 65 55 0
0 65 0 240
0 77 0 0
0 68 58 0
0 80 58 0
0 80 0 240
0 68 0 0
0 82 53 0
0 70 53 0
0 70 0 240
0 82 0 0
0 80 58 0
0 68 58 0
0 68 0 480
0 80 0 0
0 66 58 0
0 78 58 0
0 78 0 240
0 66 0 0
0 71 57 0
0 74 57 0
0 74 0 180
0 71 0 0
0 71 53 0
0 78 58 60
0 78 0 240
0 71 0 0
0 71 54 0
0 77 54 0
0 77 0 180
0 71 0 0
0 66 41 0
0 77 56 60
0 77 0 480
0 75 56 0
0 75 0 960
0 66 0 0
0 67 47 0
0 73 56 0
0 65 47 0
0 65 0 240
0 73 0 0
0 67 0 0
0 67 45 0
0 63 45 0
0 72 53 0
0 72 0 240
0 63 0 0
0 67 0 0
0 61 45 0
0 72 53 0
0 67 45 0
0 67 0 480
0 72 0 0
0 61 0 0
0 61 47 0
0 67 47 0
0 70 56 0
0 70 0 180
0 67 0 0
0 61 0 0
0 61 35 0
0 67 42 30
0 75 55 30
0 75 0 240
0 67 0 0
0 61 0 0
0 63 54 0
0 68 54 0
0 68 0 240
0 63 0 0
0 65 49 0
0 70 49 0
0 70 0 240
0 65 0 0
0 73 54 0
0 68 54 0
0 68 0 240
0 73 0 0
0 67 50 0
0 72 50 0
0 72 0 180
0 67 0 0
0 68 50 0
0 75 55 60
0 75 0 240
0 68 0 0
0 72 50 0
0 67 50 0
0 67 0 180
0 72 0 0
0 61 41 0
0 67 41 30
0 73 56 30
0 73 0 480
0 67 0 0
0 61 0 0
0 67 55 0
0 65 55 0
0 73 55 0
0 73 0 480
0 65 0 0
0 67 0 0
0 61 52 0
0 72 52 0
0 67 52 0
0 67 0 480
0 72 0 0
0 61 0 0
0 68 54 0
0 63 48 0
0 63 0 240
0 68 0 0
0 65 48 0
0 70 54 0
0 70 0 240
0 65 0 0
0 72 59 0
0 66 53 0
0 66 0 240
0 72 0 0
0 72 54 0
0 78 59 0
0 78 0 240
0 72 0 0
0 72 52 0
0 77 58 0
0 77 0 240
0 72 0 0
0 72 45 0
0 76 54 0
0 76 0 240
0 72 0 0
0 65 50 0
0 77 56 0
0 77 0 240
0 65 0 0
0 65 55 240
0 77 62 0
0 77 0 720
0 65 0 0
0 77 63 0
0 65 56 0
0 65 0 240
0 77 0 0
0 65 61 0
0 77 68 0
0 77 0 360
0 65 0 0
0 68 61 0
0 80 68 0
0 80 0 120
0 68 0 0
0 68 61 0
0 80 68 0
0 80 0 960
0 68 0 0
0 78 69 240
0 66 61 0
0 68 63 240
0 80 71 0
0 66 0 20
0 78 0 0
0 82 73 220
0 70 66 0
0 68 0 20
0 80 0 0
0 73 69 220
0 85 77 0
0 82 0 20
0 70 0 0
0 84 72 220
0 72 64 0
0 73 0 20
0 85 0 0
0 87 83 220
0 75 72 0
0 84 0 20
0 72 0 0
0 70 62 220
0 82 70 0
0 87 0 20
0 75 0 0
0 80 66 220
0 68 59 0
0 70 0 20
0 82 0 0
0 80 0 940
0 68 0 0
0 77 45 0
0 65 45 0
0 65 0 240
0 77 0 0
0 65 45 240
0 77 45 0
0 77 0 720
0 65 0 0
0 65 41 0
0 77 41 0
0 77 0 240
0 65 0 0
0 65 46 0
0 77 46 0
0 77 0 360
0 65 0 0
0 68 43 0
0 80 43 0
0 80 0 120
0 68 0 0
0 80 43 0
0 68 43 0
0 68 0 960
0 80 0 0
0 78 55 240
0 66 55 0
0 80 57 240
0 68 57 0
0 66 0 20
0 78 0 0
0 82 59 220
0 70 59 0
0 80 0 20
0 68 0 0
0 73 61 220
0 85 61 0
0 82 0 20
0 70 0 0
0 84 58 220
0 72 58 0
0 73 0 20
0 85 0 0
0 78 65 220
0 90 65 0
0 84 0 20
0 72 0 0
0 70 56 220
0 82 56 0
0 78 0 20
0 90 0 0
0 68 55 220
0 80 55 0
0 70 0 20
0 82 0 0
0 68 0 460
0 80 0 0
0 69 33 0
0 75 33 0
0 80 40 0
0 75 0 240
0 69 0 0
0 79 37 0
0 80 0 20
0 79 0 220
0 68 45 0
0 80 49 0
0 80 0 240
0 68 0 0
0 68 52 240
0 80 52 0
0 80 0 720
0 68 0 0
0 80 53 0
0 68 53 0
0 68 0 240
0 80 0 0
0 71 52 0
0 83 58 0
0 83 0 240
0 71 0 0
0 69 52 0
0 81 58 0
0 81 0 240
0 69 0 0
0 85 65 0
0 73 58 0
0 73 0 240
0 85 0 0
0 75 54 0
0 87 61 0
0 87 0 240
0 75 0 0
0 80 64 0
0 92 72 0
0 92 0 240
0 80 0 0
0 78 61 0
0 90 68 0
0 90 0 240
0 78 0 0
0 80 49 0
0 68 49 0
0 68 0 240
0 80 0 0
0 68 49 240
0 80 49 0
0 80 0 720
0 68 0 0
0 80 45 0
0 68 45 0
0 68 0 240
0 80 0 0
0 83 49 0
0 71 49 0
0 71 0 240
0 83 0 0
0 81 49 0
0 69 49 0
0 69 0 240
0 81 0 0
0 73 51 0
0 85 51 0
0 85 0 240
0 73 0 0
0 75 48 0
0 87 48 0
0 87 0 180
0 75 0 0
0 80 48 0
0 92 55 60
0 92 0 240
0 80 0 0
0 90 52 0
0 78 52 0
0 78 0 240
0 90 0 0
0 80 63 0
0 68 53 0
0 68 0 480
0 80 0 0
0 80 58 0
0 68 49 0
0 78 58 0
0 78 0 480
0 68 0 0
0 80 0 0
0 68 56 0
0 76 66 0
0 80 66 0
0 76 0 480
0 77 66 0
0 77 0 240
0 80 0 0
0 68 0 0
0 72 57 0
0 66 48 0
0 75 57 0
0 75 0 240
0 66 0 0
0 72 0 0
0 65 53 0
0 73 63 0
0 73 0 240
0 65 0 0
0 72 56 0
0 69 56 0
0 63 47 0
0 63 0 240
0 69 0 0
0 72 0 0
0 61 51 0
0 70 60 0
0 70 0 240
0 61 0 0
0 68 53 0
0 65 53 0
0 65 0 240
0 68 0 0
0 66 58 0
0 66 0 240
0 68 55 0
0 68 0 240
0 69 55 0
0 69 0 240
0 70 60 0
0 70 0 240
0 73 65 0
0 73 0 240
0 66 58 0
0 66 0 180
0 60 50 0
0 66 51 30
0 70 58 30
0 70 0 420
0 66 0 0
0 60 0 0
0 66 48 0
0 77 58 60
0 77 0 720
0 72 53 0
0 72 0 240
0 66 0 0
0 68 46 240
0 65 46 80
0 68 0 20
0 61 46 60
0 65 0 20
0 56 52 60
0 61 0 20
0 56 0 100
0 61 39 120
0 68 48 0
0 65 46 0
0 56 39 0
0 56 0 480
0 61 0 0
0 68 0 0
0 65 0 0
0 65 51 0
0 68 51 0
0 59 43 0
0 56 43 0
0 56 0 240
0 65 0 0
0 68 0 0
0 59 0 0
0 68 46 240
0 66 46 80
0 68 0 20
0 60 46 60
0 66 0 20
0 56 52 60
0 60 0 20
0 56 0 100
0 56 41 120
0 60 41 0
0 66 49 0
0 68 51 0
0 68 0 480
0 56 0 0
0 60 0 0
0 66 0 0
0 64 45 0
0 56 38 0
0 68 45 0
0 68 0 240
0 56 0 0
0 64 0 0
0 68 27 240
0 65 27 80
0 68 0 20
0 61 27 60
0 65 0 20
0 56 30 60
0 61 0 20
0 56 0 100
0 56 27 120
0 61 27 0
0 65 27 0
0 68 28 0
0 68 0 480
0 56 0 0
0 61 0 0
0 65 0 0
0 59 26 0
0 68 26 0
0 65 26 0
0 56 26 0
0 56 0 240
0 59 0 0
0 68 0 0
0 65 0 0
0 68 27 240
0 66 27 80
0 68 0 20
0 60 27 60
0 66 0 20
0 56 30 60
0 60 0 20
0 56 0 100
0 56 31 120
0 60 31 0
0 68 31 0
0 66 31 0
0 66 0 480
0 56 0 0
0 60 0 0
0 68 0 0
0 56 31 0
0 64 31 0
0 68 31 0
0 68 0 240
0 64 0 0
0 56 0 0
0 64 40 0
0 68 40 0
0 68 0 120
0 64 0 0
0 64 41 120
0 68 41 0
0 68 0 120
0 64 0 0
0 64 40 120
0 68 40 0
0 68 0 120
0 64 0 0
0 64 42 120
0 68 42 0
0 68 0 120
0 64 0 0
0 64 45 120
0 68 45 0
0 68 0 120
0 64 0 0
0 64 48 120
0 68 48 0
0 68 0 120
0 64 0 0
0 64 50 120
0 68 50 0
0 68 0 120
0 64 0 0
0 64 45 120
0 68 45 0
0 68 0 120
0 64 0 0
0 64 47 120
0 68 47 0
0 68 0 120
0 64 0 0
0 64 32 120
0 68 32 0
0 68 0 120
0 64 0 0
0 64 29 120
0 68 29 0
0 68 0 120
0 64 0 0
0 64 28 120
0 68 28 0
0 68 0 120
0 64 0 0
0 76 33 120
0 64 24 0
0 68 24 0
0 68 0 120
0 64 0 0
0 64 24 120
0 68 24 0
0 68 0 120
0 64 0 0
0 64 24 120
0 68 24 0
0 68 0 120
0 64 0 0
0 64 24 120
0 68 24 0
0 68 0 120
0 64 0 0
0 64 27 120
0 68 27 0
0 68 0 120
0 64 0 0
0 64 28 120
0 68 28 0
0 68 0 120
0 64 0 0
0 64 30 120
0 68 30 0
0 68 0 120
0 64 0 0
0 64 27 120
0 68 27 0
0 68 0 120
0 64 0 0
0 64 27 120
0 68 27 0
0 68 0 120
0 64 0 0
0 64 23 120
0 68 23 0
0 68 0 120
0 64 0 0
0 64 21 120
0 68 21 0
0 68 0 120
0 64 0 0
0 64 21 120
0 68 21 0
0 68 0 120
0 64 0 0
0 76 0 120
0 69 54 0
0 76 73 0
0 76 0 240
0 75 64 0
0 76 63 80
0 75 0 20
0 75 63 60
0 76 0 20
0 75 0 60
0 73 74 0
0 73 0 240
0 75 63 0
0 75 0 240
0 69 0 0
0 64 50 0
0 76 70 0
0 76 0 240
0 73 62 0
0 73 0 240
0 64 0 0
0 69 38 0
0 76 47 0
0 76 0 240
0 75 42 0
0 76 41 80
0 75 0 20
0 75 41 60
0 76 0 20
0 75 0 60
0 73 48 0
0 73 0 240
0 75 41 0
0 75 0 240
0 69 0 0
0 64 35 0
0 76 45 0
0 76 0 240
0 73 40 0
0 73 0 240
0 64 0 0
0 64 38 0
0 71 47 0
0 71 0 240
0 69 42 0
0 71 41 80
0 69 0 20
0 69 41 60
0 71 0 20
0 69 0 60
0 64 0 0
0 63 35 0
0 68 48 0
0 63 0 240
0 63 39 0
0 63 0 240
0 68 0 0
0 64 41 0
0 69 46 0
0 69 0 240
0 64 0 0
0 66 44 0
0 71 49 0
0 71 0 240
0 66 0 0
0 68 46 0
0 73 52 0
0 73 0 240
0 68 0 0
0 66 44 0
0 71 49 0
0 71 0 240
0 66 0 0
0 64 43 0
0 69 48 0
0 69 0 240
0 64 0 0
0 66 41 0
0 71 46 0
0 71 0 240
0 66 0 0
0 63 40 0
0 68 45 0
0 68 0 480
0 63 0 0
0 64 30 0
0 68 30 0
0 68 0 120
0 64 0 0
0 64 30 120
0 68 30 0
0 68 0 120
0 64 0 0
0 64 30 120
0 68 30 0
0 68 0 120
0 64 0 0
0 64 31 120
0 68 31 0
0 68 0 120
0 64 0 0
0 64 34 120
0 68 34 0
0 68 0 120
0 64 0 0
0 64 36 120
0 68 36 0
0 68 0 120
0 64 0 0
0 64 38 120
0 68 38 0
0 68 0 120
0 64 0 0
0 64 34 120
0 68 34 0
0 68 0 120
0 64 0 0
0 64 35 120
0 68 35 0
0 68 0 120
0 64 0 0
0 64 25 120
0 68 25 0
0 68 0 120
0 64 0 0
0 64 24 120
0 68 24 0
0 68 0 120
0 64 0 0
0 64 23 120
0 68 23 0
0 68 0 120
0 64 0 0
0 76 33 120
0 64 24 0
0 68 24 0
0 68 0 120
0 64 0 0
0 64 24 120
0 68 24 0
0 68 0 120
0 64 0 0
0 64 24 120
0 68 24 0
0 68 0 120
0 64 0 0
0 64 24 120
0 68 24 0
0 68 0 120
0 64 0 0
0 64 27 120
0 68 27 0
0 68 0 120
0 64 0 0
0 64 28 120
0 68 28 0
0 68 0 120
0 64 0 0
0 64 30 120
0 68 30 0
0 68 0 120
0 64 0 0
0 64 27 120
0 68 27 0
0 68 0 120
0 64 0 0
0 64 27 120
0 68 27 0
0 68 0 120
0 64 0 0
0 64 23 120
0 68 23 0
0 68 0 120
0 64 0 0
0 64 21 120
0 68 21 0
0 68 0 120
0 64 0 0
0 64 21 120
0 68 21 0
0 68 0 120
0 64 0 0
0 76 0 120
0 69 54 0
0 76 73 0
0 76 0 240
0 75 64 0
0 76 63 80
0 75 0 20
0 75 63 60
0 76 0 20
0 75 0 60
0 73 74 0
0 73 0 240
0 75 63 0
0 75 0 240
0 69 0 0
0 64 50 0
0 76 70 0
0 76 0 240
0 73 62 0
0 73 0 240
0 64 0 0
0 69 38 0
0 76 47 0
0 76 0 240
0 75 42 0
0 76 41 80
0 75 0 20
0 75 41 60
0 76 0 20
0 75 0 60
0 73 48 0
0 73 0 240
0 75 41 0
0 75 0 240
0 69 0 0
0 64 35 0
0 76 45 0
0 76 0 240
0 73 40 0
0 73 0 240
0 64 0 0
0 61 34 0
0 64 34 0
0 64 0 240
0 61 0 0
0 61 30 0
0 64 30 0
0 64 0 240
0 61 0 0
0 60 34 0
0 64 34 0
0 64 0 240
0 60 0 0
0 61 30 0
0 64 30 0
0 64 0 240
0 61 0 0
0 63 48 0
0 68 48 0
0 68 0 240
0 63 0 0
0 61 44 0
0 66 44 0
0 66 0 120
0 61 0 0
0 57 41 60
0 60 41 30
0 64 48 30
0 64 0 240
0 63 42 0
0 64 42 80
0 63 0 20
0 63 42 60
0 64 0 20
0 57 0 60
0 60 0 0
0 56 47 0
0 61 47 0
0 63 0 20
0 61 0 220
0 56 0 0
0 57 45 0
0 57 0 180
0 56 45 0
0 61 45 60
0 61 0 480
0 56 0 0
0 60 36 0
0 63 36 0
0 63 0 240
0 60 0 0
0 60 36 0
0 63 36 0
0 63 0 240
0 60 0 0
0 63 36 0
0 61 36 0
0 61 0 240
0 63 0 0
0 61 36 0
0 63 36 0
0 63 0 240
0 61 0 0
0 61 41 0
0 63 41 0
0 63 0 240
0 61 0 0
0 61 39 0
0 63 39 0
0 63 0 240
0 61 0 0
0 60 45 0
0 63 45 0
0 63 0 240
0 60 0 0
0 61 45 0
0 63 45 0
0 61 0 240
0 60 45 0
0 60 0 240
0 63 0 0
0 73 48 0
0 75 48 0
0 73 0 240
0 72 47 0
0 72 0 240
0 75 0 0
0 80 63 0
0 80 0 240
0 69 66 0
0 72 66 0
0 80 66 0
0 80 0 480
0 78 62 0
0 78 0 240
0 72 0 0
0 69 0 0
0 69 58 0
0 72 58 0
0 72 0 240
0 69 0 0
0 69 50 0
0 72 50 0
0 76 63 0
0 76 0 240
0 75 57 0
0 75 0 240
0 72 0 0
0 69 0 0
0 68 52 0
0 73 58 0
0 75 54 80
0 73 0 20
0 73 55 60
0 75 0 20
0 68 0 60
0 66 52 0
0 71 58 0
0 73 0 20
0 64 51 100
0 69 57 0
0 71 0 20
0 66 0 0
0 63 47 100
0 68 53 0
0 64 0 20
0 69 0 0
0 63 0 220
0 64 45 0
0 64 0 240
0 68 0 0
0 63 49 0
0 68 55 0
0 68 0 480
0 63 0 0
0 60 32 0
0 63 32 0
0 63 0 240
0 60 0 0
0 60 32 0
0 63 32 0
0 63 0 240
0 60 0 0
0 63 32 0
0 61 32 0
0 61 0 240
0 63 0 0
0 61 32 0
0 63 32 0
0 63 0 240
0 61 0 0
0 61 36 0
0 63 36 0
0 63 0 240
0 61 0 0
0 61 35 0
0 63 35 0
0 63 0 240
0 61 0 0
0 60 40 0
0 63 40 0
0 63 0 240
0 60 0 0
0 61 40 0
0 63 40 0
0 61 0 240
0 60 40 0
0 60 0 240
0 63 0 0
0 73 43 0
0 75 43 0
0 73 0 240
0 72 40 0
0 72 0 240
0 75 0 0
0 71 43 0
0 75 43 0
0 75 0 240
0 71 0 0
0 71 45 0
0 76 45 0
0 76 0 240
0 75 42 0
0 76 42 80
0 75 0 20
0 75 42 60
0 76 0 20
0 71 0 60
0 73 45 0
0 75 0 20
0 73 0 340
0 73 42 0
0 73 0 120
0 71 48 0
0 75 48 0
0 75 0 120
0 78 45 0
0 78 0 120
0 75 47 0
0 75 0 120
0 71 0 0
0 71 45 0
0 71 0 120
0 73 46 0
0 73 0 120
0 73 43 120
0 75 43 80
0 73 0 20
0 73 43 60
0 75 0 20
0 71 46 60
0 73 0 20
0 71 0 100
0 76 42 0
0 76 0 120
0 73 44 0
0 73 0 120
0 75 43 0
0 75 0 120
0 71 43 0
0 71 0 480
0 61 53 0
0 63 53 0
0 61 0 480
0 60 53 0
0 60 0 480
0 63 0 0
0 63 57 0
0 61 57 0
0 61 0 480
0 60 53 0
0 63 0 230
0 60 0 10
0 87 48 0
0 87 0 120
0 88 45 0
0 88 0 120
0 90 48 0
0 90 0 120
0 92 45 0
0 92 0 120
0 90 45 0
0 90 0 120
0 87 45 0
0 87 0 120
0 84 48 0
0 84 0 120
0 88 45 0
0 88 0 120
0 87 45 0
0 87 0 120
0 81 45 0
0 81 0 120
0 80 55 0
0 80 0 240
0 63 53 240
0 60 53 0
0 60 0 480
0 63 0 0
0 63 57 0
0 61 57 0
0 61 0 480
0 60 53 0
0 63 0 230
0 60 0 10
0 87 62 0
0 87 0 120
0 88 58 0
0 88 0 120
0 90 62 0
0 90 0 120
0 92 58 0
0 92 0 120
0 90 58 0
0 90 0 120
0 87 58 0
0 87 0 120
0 84 66 0
0 84 0 120
0 88 63 0
0 88 0 120
0 87 61 0
0 87 0 120
0 81 61 0
0 81 0 120
0 80 66 0
0 80 0 240
0 78 68 0
0 78 0 120
0 80 63 0
0 80 0 120
0 81 68 0
0 81 0 120
0 85 63 0
0 85 0 120
0 83 63 0
0 83 0 120
0 80 63 0
0 80 0 120
0 78 68 0
0 78 0 120
0 81 63 0
0 81 0 120
0 80 63 0
0 80 0 120
0 76 63 0
0 76 0 120
0 75 68 0
0 75 0 120
0 76 66 0
0 76 0 120
0 78 66 0
0 78 0 120
0 80 66 0
0 80 0 120
0 78 72 0
0 78 0 120
0 75 69 0
0 75 0 120
0 76 70 0
0 76 0 120
0 73 68 0
0 73 0 120
0 75 68 0
0 75 0 120
0 71 65 0
0 71 0 120
0 73 68 0
0 73 0 120
0 69 64 0
0 69 0 120
0 68 68 0
0 68 0 240
0 61 68 0
0 66 68 0
0 66 0 80
0 68 58 0
0 68 0 80
0 69 57 0
0 69 0 80
0 61 0 0
0 63 63 0
0 68 63 0
0 68 0 80
0 69 54 0
0 69 0 80
0 68 55 0
0 68 0 80
0 63 0 0
0 61 68 0
0 66 68 0
0 66 0 80
0 68 56 0
0 68 0 80
0 69 56 0
0 69 0 80
0 61 0 0
0 63 59 0
0 68 59 0
0 68 0 80
0 69 55 0
0 69 0 80
0 68 55 0
0 68 0 80
0 63 0 0
0 61 65 0
0 66 65 0
0 66 0 80
0 68 55 0
0 68 0 80
0 69 55 0
0 69 0 80
0 61 0 0
0 63 68 0
0 68 68 0
0 68 0 240
0 63 0 0
0 68 55 1440
0 65 55 80
0 68 0 20
0 61 55 60
0 65 0 20
0 56 62 60
0 61 0 20
0 56 0 100
0 56 46 120
0 61 46 0
0 65 55 0
0 68 57 0
0 68 0 480
0 56 0 0
0 61 0 0
0 65 0 0
0 56 51 0
0 59 51 0
0 65 61 0
0 68 61 0
0 68 0 240
0 56 0 0
0 59 0 0
0 65 0 0
0 68 55 240
0 66 55 80
0 68 0 20
0 60 55 60
0 66 0 20
0 56 62 60
0 60 0 20
0 56 0 100
0 56 49 120
0 60 49 0
0 66 58 0
0 68 60 0
0 68 0 480
0 56 0 0
0 60 0 0
0 66 0 0
0 56 45 0
0 64 54 0
0 68 54 0
0 68 0 240
0 64 0 0
0 56 0 0
0 68 30 240
0 65 30 80
0 68 0 20
0 61 30 60
0 65 0 20
0 56 34 60
0 61 0 20
0 56 0 100
0 56 30 120
0 61 30 0
0 65 30 0
0 68 32 0
0 68 0 480
0 56 0 0
0 61 0 0
0 65 0 0
0 56 29 0
0 59 29 0
0 65 29 0
0 68 29 0
0 68 0 240
0 56 0 0
0 59 0 0
0 65 0 0
0 68 30 240
0 66 30 80
0 68 0 20
0 60 30 60
0 66 0 20
0 56 34 60
0 60 0 20
0 56 0 100
0 56 35 120
0 60 35 0
0 66 35 0
0 68 37 0
0 68 0 480
0 56 0 0
0 60 0 0
0 66 0 0
0 56 35 0
0 64 35 0
0 68 35 0
0 68 0 210
0 64 0 0
0 56 0 0
0 77 45 30
0 65 45 0
0 65 0 240
0 77 0 0
0 65 45 240
0 77 47 0
0 77 0 720
0 65 0 0
0 65 41 0
0 77 41 0
0 77 0 240
0 65 0 0
0 65 46 0
0 77 46 0
0 77 0 360
0 65 0 0
0 68 43 0
0 80 43 0
0 80 0 120
0 68 0 0
0 68 43 0
0 80 43 0
0 80 0 960
0 68 0 0
0 78 55 240
0 66 55 0
0 68 58 240
0 80 58 0
0 66 0 20
0 78 0 0
0 70 61 220
0 82 61 0
0 68 0 20
0 80 0 0
0 73 64 220
0 85 64 0
0 70 0 20
0 82 0 0
0 72 62 220
0 84 62 0
0 73 0 20
0 85 0 0
0 75 71 220
0 87 71 0
0 72 0 20
0 84 0 0
0 70 56 220
0 82 56 0
0 75 0 20
0 87 0 0
0 68 55 220
0 80 55 0
0 70 0 20
0 82 0 0
0 68 0 940
0 80 0 0
0 77 45 0
0 65 45 0
0 65 0 240
0 77 0 0
0 65 45 240
0 77 45 0
0 77 0 720
0 65 0 0
0 65 41 0
0 77 41 0
0 77 0 240
0 65 0 0
0 65 46 0
0 77 46 0
0 77 0 360
0 65 0 0
0 68 43 0
0 80 43 0
0 80 0 120
0 68 0 0
0 68 43 0
0 80 43 0
0 80 0 960
0 68 0 0
0 78 55 240
0 66 55 0
0 68 58 240
0 80 58 0
0 66 0 20
0 78 0 0
0 70 61 220
0 82 61 0
0 68 0 20
0 80 0 0
0 73 64 220
0 85 64 0
0 70 0 20
0 82 0 0
0 72 62 220
0 84 62 0
0 73 0 20
0 85 0 0
0 78 65 220
0 90 69 0
0 72 0 20
0 84 0 0
0 70 56 220
0 82 56 0
0 78 0 20
0 90 0 0
0 68 55 220
0 80 55 0
0 70 0 20
0 82 0 0
0 68 0 940
0 80 0 0
0 85 58 0
0 73 58 0
0 73 0 240
0 85 0 0
0 73 58 240
0 85 58 0
0 85 0 720
0 73 0 0
0 72 53 0
0 84 53 0
0 84 0 240
0 72 0 0
0 84 58 0
0 72 58 0
0 72 0 480
0 84 0 0
0 70 55 0
0 82 55 0
0 82 0 240
0 70 0 0
0 65 55 0
0 77 55 0
0 77 0 240
0 65 0 0
0 68 58 0
0 80 58 0
0 80 0 240
0 68 0 0
0 70 53 0
0 82 53 0
0 82 0 240
0 70 0 0
0 80 58 0
0 68 58 0
0 68 0 480
0 80 0 0
0 66 58 0
0 78 58 0
0 78 0 240
0 66 0 0
0 71 57 0
0 74 57 0
0 74 0 180
0 71 0 0
0 71 53 0
0 78 58 60
0 78 0 240
0 71 0 0
0 71 54 0
0 77 54 0
0 77 0 180
0 71 0 0
0 66 41 0
0 77 56 60
0 77 0 480
0 75 56 0
0 75 0 960
0 66 0 0
0 67 47 0
0 65 47 0
0 73 56 0
0 73 0 240
0 65 0 0
0 67 0 0
0 63 45 0
0 67 45 0
0 72 53 0
0 72 0 240
0 67 0 0
0 63 0 0
0 61 45 0
0 67 45 0
0 72 53 0
0 72 0 480
0 67 0 0
0 61 0 0
0 61 47 0
0 67 47 0
0 70 56 0
0 70 0 180
0 67 0 0
0 61 0 0
0 61 35 0
0 67 42 30
0 75 55 30
0 75 0 240
0 67 0 0
0 61 0 0
0 63 45 0
0 68 45 0
0 68 0 240
0 63 0 0
0 65 41 0
0 70 41 0
0 70 0 240
0 65 0 0
0 68 45 0
0 73 45 0
0 73 0 240
0 68 0 0
0 67 42 0
0 72 42 0
0 72 0 180
0 67 0 0
0 68 42 0
0 75 46 60
0 75 0 240
0 68 0 0
0 67 42 0
0 72 42 0
0 72 0 180
0 67 0 0
0 61 34 0
0 67 34 30
0 73 47 30
0 73 0 480
0 67 0 0
0 61 0 0
0 65 46 0
0 67 46 0
0 73 46 0
0 73 0 480
0 67 0 0
0 65 0 0
0 61 44 0
0 67 44 0
0 72 44 0
0 72 0 480
0 67 0 0
0 61 0 0
0 63 45 0
0 68 45 0
0 68 0 240
0 63 0 0
0 65 42 0
0 70 42 0
0 70 0 240
0 65 0 0
0 66 48 0
0 72 48 0
0 72 0 240
0 66 0 0
0 72 47 0
0 78 53 0
0 78 0 240
0 72 0 0
0 72 41 0
0 77 46 0
0 77 0 240
0 72 0 0
0 72 34 0
0 76 38 0
0 76 0 240
0 72 0 0
0 77 52 0
0 65 46 0
0 65 0 240
0 77 0 0
0 65 55 240
0 77 62 0
0 77 0 720
0 65 0 0
0 65 56 0
0 77 63 0
0 77 0 240
0 65 0 0
0 65 63 0
0 77 71 0
0 77 0 360
0 65 0 0
0 68 60 0
0 80 67 0
0 80 0 120
0 68 0 0
0 68 60 0
0 80 67 0
0 80 0 960
0 68 0 0
0 78 66 240
0 66 59 0
0 68 61 240
0 80 68 0
0 66 0 20
0 78 0 0
0 70 63 220
0 82 70 0
0 68 0 20
0 80 0 0
0 73 65 220
0 85 73 0
0 70 0 20
0 82 0 0
0 72 62 220
0 84 69 0
0 73 0 20
0 85 0 0
0 75 70 220
0 87 83 0
0 72 0 20
0 84 0 0
0 70 60 220
0 82 67 0
0 75 0 20
0 87 0 0
0 68 56 220
0 80 63 0
0 70 0 20
0 82 0 0
0 68 0 940
0 80 0 0
0 77 45 0
0 65 45 0
0 65 0 240
0 77 0 0
0 65 45 240
0 77 45 0
0 77 0 720
0 65 0 0
0 65 41 0
0 77 41 0
0 77 0 240
0 65 0 0
0 65 46 0
0 77 46 0
0 77 0 360
0 65 0 0
0 68 43 0
0 80 43 0
0 80 0 120
0 68 0 0
0 68 43 0
0 80 43 0
0 80 0 960
0 68 0 0
0 78 55 240
0 66 55 0
0 68 57 240
0 80 57 0
0 66 0 20
0 78 0 0
0 70 59 220
0 82 59 0
0 68 0 20
0 80 0 0
0 73 61 220
0 85 61 0
0 70 0 20
0 82 0 0
0 72 58 220
0 84 58 0
0 73 0 20
0 85 0 0
0 78 65 220
0 90 65 0
0 72 0 20
0 84 0 0
0 70 56 220
0 82 56 0
0 78 0 20
0 90 0 0
0 68 55 220
0 80 55 0
0 70 0 20
0 82 0 0
0 68 0 460
0 80 0 0
0 69 33 0
0 75 33 0
0 80 40 0
0 75 0 240
0 69 0 0
0 79 37 0
0 80 0 20
0 79 0 220
0 80 49 0
0 68 49 0
0 68 0 240
0 80 0 0
0 68 52 240
0 80 52 0
0 80 0 720
0 68 0 0
0 68 53 0
0 80 53 0
0 80 0 240
0 68 0 0
0 83 58 0
0 71 52 0
0 71 0 240
0 83 0 0
0 69 52 0
0 81 58 0
0 81 0 240
0 69 0 0
0 73 58 0
0 85 65 0
0 85 0 240
0 73 0 0
0 75 54 0
0 87 61 0
0 87 0 240
0 75 0 0
0 80 64 0
0 92 72 0
0 92 0 240
0 80 0 0
0 78 61 0
0 90 68 0
0 90 0 240
0 78 0 0
0 80 49 0
0 68 49 0
0 68 0 240
0 80 0 0
0 68 49 240
0 80 49 0
0 80 0 720
0 68 0 0
0 68 45 0
0 80 45 0
0 80 0 240
0 68 0 0
0 83 49 0
0 71 49 0
0 71 0 240
0 83 0 0
0 69 49 0
0 81 49 0
0 81 0 240
0 69 0 0
0 73 51 0
0 85 51 0
0 85 0 240
0 73 0 0
0 75 48 0
0 87 48 0
0 87 0 180
0 75 0 0
0 80 48 0
0 92 55 60
0 92 0 240
0 80 0 0
0 78 52 0
0 90 52 0
0 90 0 240
0 78 0 0
0 80 63 0
0 68 53 0
0 68 0 480
0 80 0 0
0 78 58 0
0 68 49 0
0 80 58 0
0 80 0 480
0 68 0 0
0 78 0 0
0 68 56 0
0 76 66 0
0 80 66 0
0 76 0 480
0 77 66 0
0 77 0 240
0 80 0 0
0 68 0 0
0 66 48 0
0 72 57 0
0 75 57 0
0 75 0 240
0 72 0 0
0 66 0 0
0 65 53 0
0 73 63 0
0 73 0 240
0 65 0 0
0 63 47 0
0 69 56 0
0 72 56 0
0 72 0 240
0 69 0 0
0 63 0 0
0 61 51 0
0 70 60 0
0 70 0 240
0 61 0 0
0 65 53 0
0 68 53 0
0 68 0 240
0 65 0 0
0 66 58 0
0 66 0 240
0 68 55 0
0 68 0 240
0 69 55 0
0 69 0 240
0 70 60 0
0 70 0 240
0 73 65 0
0 73 0 240
0 66 58 0
0 66 0 180
0 60 50 0
0 66 51 30
0 70 58 30
0 70 0 420
0 66 0 0
0 60 0 0
0 66 48 0
0 77 58 60
0 77 0 720
0 72 53 0
0 72 0 240
0 66 0 0
0 68 39 240
0 65 39 80
0 68 0 20
0 61 39 60
0 65 0 20
0 56 44 60
0 61 0 20
0 56 0 100
0 56 33 120
0 61 33 0
0 68 40 0
0 65 39 0
0 65 0 480
0 56 0 0
0 61 0 0
0 68 0 0
0 56 36 0
0 59 36 0
0 65 43 0
0 68 43 0
0 68 0 240
0 56 0 0
0 59 0 0
0 65 0 0
0 68 39 240
0 66 39 80
0 68 0 20
0 60 39 60
0 66 0 20
0 56 44 60
0 60 0 20
0 56 0 100
0 56 34 120
0 60 34 0
0 66 41 0
0 68 43 0
0 68 0 480
0 56 0 0
0 60 0 0
0 66 0 0
0 56 32 0
0 64 38 0
0 68 38 0
0 68 0 240
0 64 0 0
0 56 0 0
0 68 27 240
0 65 27 80
0 68 0 20
0 61 27 60
0 65 0 20
0 56 30 60
0 61 0 20
0 56 0 100
0 56 27 120
0 61 27 0
0 65 27 0
0 68 28 0
0 68 0 480
0 56 0 0
0 61 0 0
0 65 0 0
0 56 26 0
0 59 26 0
0 65 26 0
0 68 26 0
0 68 0 240
0 56 0 0
0 59 0 0
0 65 0 0
0 68 27 240
0 66 27 80
0 68 0 20
0 60 27 60
0 66 0 20
0 56 30 60
0 60 0 20
0 56 0 100
0 56 31 120
0 60 31 0
0 66 31 0
0 68 33 0
0 68 0 480
0 56 0 0
0 60 0 0
0 66 0 0
0 56 31 0
0 64 31 0
0 68 31 0
0 68 0 240
0 64 0 0
0 56 0 0
0 56 31 0
0 65 31 0
0 68 31 0
0 68 0 240
0 65 0 0
0 56 0 0
0 65 33 120
0 61 33 0
0 61 0 60
0 65 0 0
0 68 33 180
0 65 33 0
0 65 0 60
0 68 0 0
0 73 33 180
0 68 33 0
0 68 0 60
0 73 0 0
0 77 32 180
0 73 32 0
0 73 0 60
0 77 0 0
0 80 32 180
0 77 32 0
0 77 0 60
0 80 0 0
0 85 31 180
0 80 31 0
0 80 0 60
0 85 0 0
0 73 31 180
0 77 31 0
0 77 0 60
0 73 0 0
0 80 30 180
0 77 30 0
0 77 0 60
0 80 0 0
0 85 30 180
0 80 30 0
0 80 0 60
0 85 0 0
0 89 30 180
0 85 30 0
0 85 0 60
0 89 0 0
0 92 29 180
0 89 29 0
0 89 0 60
0 92 0 0
0 85 29 30
0 89 35 15
0 97 35 15
0 97 0 1440
0 89 0 0
0 85 0 0
0 65 26 0
0 61 20 0
0 53 20 0
0 53 0 1440
0 61 0 0
0 65 0 0
0 49 34 0
0 49 0 219
0 44 34 0
0 44 0 240
0 50 39 0
0 50 0 226
0 51 49 0
0 51 0 194
0 44 39 0
0 44 0 240
0 48 35 0
0 48 0 222
0 49 27 0
0 49 0 219
0 44 27 0
0 44 0 240
0 50 31 0
0 50 0 233
0 51 36 0
0 51 0 194
0 44 31 0
0 44 0 240
0 48 34 0
0 48 0 206
0 49 39 20
0 49 0 120
0 55 32 120
0 56 32 80
0 55 0 20
0 61 31 60
0 56 0 20
0 61 0 60
0 68 42 137
0 68 0 240
0 44 38 0
0 44 0 120
0 61 34 0
0 68 34 0
0 56 34 0
0 56 0 120
0 68 0 0
0 61 0 0
0 49 39 120
0 49 0 100
0 55 32 120
0 56 32 80
0 55 0 20
0 61 31 60
0 56 0 20
0 65 38 60
0 61 0 14
0 65 0 100
0 56 40 94
0 65 40 0
0 61 40 0
0 61 0 240
0 65 0 0
0 56 0 0
0 44 38 0
0 44 0 120
0 61 30 77
0 65 30 0
0 56 30 0
0 56 0 120
0 65 0 0
0 61 0 0
0 51 46 120
0 51 0 74
0 55 38 120
0 56 38 80
0 55 0 20
0 60 37 60
0 56 0 20
0 66 45 60
0 60 0 3
0 66 0 28
0 56 49 120
0 66 49 0
0 60 49 0
0 60 0 240
0 66 0 0
0 56 0 0
0 44 47 0
0 44 0 31
0 66 38 120
0 56 38 0
0 60 38 0
0 60 0 120
0 56 0 0
0 66 0 0
0 51 53 120
0 51 0 43
0 55 38 120
0 56 38 80
0 55 0 20
0 60 37 60
0 56 0 20
0 66 45 60
0 60 0 20
0 66 0 93
0 56 43 103
0 66 43 0
0 60 43 0
0 60 0 240
0 66 0 0
0 56 0 0
0 44 37 0
0 44 0 120
0 60 36 120
0 56 36 0
0 66 36 0
0 66 0 120
0 56 0 0
0 60 0 0
0 49 46 120
0 49 0 57
0 55 38 120
0 56 38 80
0 55 0 20
0 61 37 60
0 56 0 20
0 61 0 60
0 68 50 137
0 68 0 240
0 44 45 0
0 44 0 120
0 68 40 120
0 61 40 0
0 56 40 0
0 56 0 114
0 61 0 0
0 68 0 0
0 49 46 120
0 49 0 65
0 55 38 120
0 56 38 80
0 55 0 20
0 61 37 60
0 56 0 20
0 65 45 60
0 61 0 13
0 65 0 40
0 61 48 120
0 65 48 0
0 56 48 0
0 56 0 240
0 65 0 0
0 61 0 0
0 44 45 0
0 44 0 120
0 65 36 111
0 56 36 0
0 61 36 0
0 61 0 120
0 56 0 0
0 65 0 0
0 51 46 120
0 51 0 74
0 55 38 120
0 56 38 80
0 55 0 20
0 60 37 60
0 56 0 20
0 66 45 60
0 60 0 5
0 66 0 34
0 60 49 120
0 66 49 0
0 56 49 0
0 56 0 240
0 66 0 0
0 60 0 0
0 44 47 0
0 44 0 23
0 60 38 120
0 66 38 0
0 56 38 0
0 56 0 120
0 66 0 0
0 60 0 0
0 51 53 0
0 51 0 66
0 55 38 120
0 56 38 80
0 55 0 20
0 60 37 60
0 56 0 20
0 66 45 60
0 60 0 20
0 66 0 93
0 60 43 103
0 56 43 0
0 66 43 0
0 66 0 240
0 56 0 0
0 60 0 0
0 44 37 0
0 44 0 120
0 64 36 117
0 56 36 0
0 60 36 0
0 60 0 120
0 56 0 0
0 64 0 0
0 53 50 120
0 53 0 57
0 57 41 120
0 61 41 80
0 57 0 20
0 65 40 60
0 61 0 20
0 65 0 60
0 69 55 0
0 69 0 106
0 65 49 77
0 61 49 0
0 61 0 240
0 65 0 0
0 53 49 0
0 53 0 120
0 57 44 120
0 63 44 0
0 63 0 105
0 57 0 0
0 54 50 120
0 54 0 57
0 60 41 120
0 61 41 80
0 60 0 20
0 66 40 60
0 61 0 20
0 66 0 60
0 62 55 137
0 62 0 240
0 50 49 0
0 50 0 120
0 65 44 120
0 58 44 0
0 58 0 120
0 65 0 0
0 51 50 0
0 51 0 45
0 57 41 120
0 58 41 80
0 57 0 20
0 63 40 60
0 58 0 20
0 63 0 60
0 58 50 222
0 70 46 168
0 70 0 240
0 68 43 0
0 68 0 237
0 58 0 0
0 51 46 0
0 51 0 57
0 57 38 120
0 58 38 80
0 57 0 20
0 59 37 60
0 58 0 20
0 58 50 54
0 59 0 6
0 58 0 228
0 62 50 9
0 62 0 191
0 65 55 0
0 65 0 240
0 63 51 0
0 39 46 237
0 63 0 3
0 39 0 25
0 50 38 120
0 51 38 80
0 50 0 20
0 53 37 60
0 51 0 20
0 53 0 60
0 51 50 0
0 51 0 112
0 51 50 120
0 51 0 411
0 51 46 0
0 51 0 232
0 60 49 0
0 51 49 0
0 60 0 123
0 61 46 0
0 61 0 240
0 65 49 0
0 65 0 155
0 63 45 0
0 63 0 240
0 67 48 0
0 67 0 113
0 63 45 0
0 63 0 240
0 51 0 0
0 51 46 0
0 51 0 14
0 62 38 120
0 63 38 80
0 62 0 20
0 65 37 60
0 63 0 20
0 65 0 60
0 63 43 0
0 63 0 110
0 63 50 0
0 63 0 480
0 63 46 0
0 63 0 240
0 60 49 0
0 56 49 0
0 60 0 91
0 61 46 0
0 61 0 240
0 63 49 0
0 63 0 80
0 70 50 0
0 70 0 240
0 68 50 0
0 68 0 148
0 66 47 0
0 66 0 240
0 56 0 0
0 49 55 0
0 49 0 57
0 55 49 120
0 56 49 80
0 55 0 20
0 61 48 60
0 56 0 20
0 61 0 60
0 68 61 137
0 68 0 240
0 44 59 0
0 44 0 120
0 61 52 0
0 56 52 0
0 68 52 0
0 68 0 120
0 56 0 0
0 61 0 0
0 49 60 120
0 49 0 100
0 55 49 120
0 56 49 80
0 55 0 20
0 61 48 60
0 56 0 20
0 65 60 60
0 61 0 7
0 65 0 45
0 56 57 120
0 65 57 0
0 61 57 0
0 61 0 240
0 65 0 0
0 56 0 0
0 44 61 0
0 44 0 120
0 61 49 120
0 56 49 0
0 65 49 0
0 65 0 117
0 56 0 0
0 61 0 0
0 51 57 120
0 51 0 68
0 55 47 120
0 56 47 80
0 55 0 20
0 60 46 60
0 56 0 20
0 66 56 60
0 60 0 3
0 66 0 25
0 56 59 120
0 66 59 0
0 60 59 0
0 60 0 240
0 66 0 0
0 56 0 0
0 44 56 0
0 44 0 28
0 66 44 120
0 56 44 0
0 60 44 0
0 60 0 120
0 56 0 0
0 66 0 0
0 51 60 120
0 51 0 66
0 55 47 120
0 56 47 80
0 55 0 20
0 60 44 60
0 56 0 20
0 66 55 60
0 60 0 20
0 66 0 94
0 56 51 103
0 66 51 0
0 60 51 0
0 60 0 240
0 66 0 0
0 56 0 0
0 44 42 0
0 44 0 120
0 60 40 108
0 66 40 0
0 56 40 0
0 56 0 120
0 66 0 0
0 60 0 0
0 49 39 120
0 49 0 57
0 55 32 120
0 56 32 80
0 55 0 20
0 61 31 60
0 56 0 20
0 61 0 60
0 68 42 137
0 68 0 240
0 44 38 0
0 44 0 120
0 68 34 120
0 56 34 0
0 61 34 0
0 61 0 110
0 56 0 0
0 68 0 0
0 49 39 120
0 49 0 65
0 55 32 120
0 56 32 80
0 55 0 20
0 61 31 60
0 56 0 20
0 65 38 60
0 61 0 5
0 65 0 34
0 61 40 120
0 56 40 0
0 65 40 0
0 65 0 240
0 56 0 0
0 61 0 0
0 44 38 0
0 44 0 120
0 65 30 114
0 56 30 0
0 61 30 0
0 61 0 120
0 56 0 0
0 65 0 0
0 51 46 120
0 51 0 68
0 55 38 120
0 56 38 80
0 55 0 20
0 60 37 60
0 56 0 20
0 66 45 60
0 60 0 9
0 66 0 28
0 60 48 120
0 56 48 0
0 66 48 0
0 66 0 240
0 56 0 0
0 60 0 0
0 44 45 0
0 44 0 8
0 60 36 120
0 56 36 0
0 66 36 0
0 66 0 120
0 56 0 0
0 60 0 0
0 51 49 0
0 51 0 60
0 55 38 120
0 56 38 80
0 55 0 20
0 60 37 60
0 56 0 20
0 66 45 60
0 60 0 20
0 66 0 99
0 60 43 103
0 66 43 0
0 56 43 0
0 56 0 240
0 66 0 0
0 60 0 0
0 47 33 0
0 58 23 65
0 58 0 60
0 59 28 0
0 59 0 120
0 47 0 120
0 52 42 0
0 52 0 57
0 58 36 120
0 59 36 80
0 58 0 20
0 61 36 60
0 59 0 20
0 61 0 60
0 59 49 0
0 59 0 17
0 59 44 120
0 59 0 240
0 47 44 0
0 47 0 120
0 59 44 120
0 53 44 0
0 62 44 0
0 62 0 120
0 53 0 0
0 59 0 0
0 54 50 120
0 54 0 20
0 58 41 120
0 59 41 80
0 58 0 20
0 61 40 60
0 59 0 20
0 61 0 60
0 59 55 0
0 59 0 17
0 59 56 120
0 59 0 240
0 47 51 0
0 47 0 120
0 63 47 120
0 59 47 0
0 69 47 0
0 69 0 120
0 59 0 0
0 63 0 0
0 52 42 120
0 52 0 110
0 58 34 120
0 59 34 80
0 58 0 20
0 61 34 60
0 59 0 20
0 61 0 60
0 59 46 0
0 59 0 17
0 59 41 120
0 59 0 240
0 47 41 0
0 47 0 120
0 59 37 120
0 53 37 0
0 62 37 0
0 62 0 120
0 53 0 0
0 59 0 0
0 54 42 120
0 54 0 57
0 58 34 120
0 59 34 80
0 58 0 20
0 61 34 60
0 59 0 20
0 61 0 60
0 59 46 0
0 59 0 17
0 59 46 120
0 59 0 240
0 47 48 0
0 47 0 120
0 63 43 120
0 59 43 0
0 69 43 0
0 69 0 120
0 59 0 0
0 63 0 0
0 64 69 0
0 64 0 88
0 63 56 0
0 64 56 80
0 63 0 20
0 63 56 60
0 64 0 20
0 63 0 60
0 62 66 0
0 62 0 137
0 63 53 0
0 63 0 240
0 60 60 0
0 60 0 159
0 56 55 0
0 56 0 240
0 61 60 0
0 61 0 232
0 57 55 0
0 57 0 183
0 58 58 0
0 58 0 137
0 53 54 0
0 53 0 149
0 54 57 0
0 54 0 148
0 50 53 0
0 59 53 0
0 59 0 137
0 50 0 0
0 58 49 0
0 51 49 0
0 51 0 384
0 58 0 0
0 44 50 0
0 44 0 131
0 55 41 0
0 56 41 80
0 55 0 20
0 58 40 60
0 56 0 20
0 58 0 60
0 56 50 0
0 56 0 232
0 56 50 0
0 56 0 231
0 44 46 0
0 56 43 240
0 56 0 240
0 44 0 0
0 49 40 0
0 49 0 219
0 44 40 0
0 44 0 240
0 50 47 0
0 50 0 226
0 51 58 0
0 51 0 194
0 44 47 0
0 44 0 240
0 48 42 0
0 48 0 227
0 49 27 0
0 49 0 148
0 44 27 0
0 44 0 240
0 50 31 0
0 50 0 226
0 51 36 0
0 51 0 194
0 44 31 0
0 44 0 240
0 48 34 0
0 48 0 240
0 61 63 0
0 61 0 177
0 59 56 0
0 61 56 80
0 59 0 20
0 59 56 60
0 61 0 20
0 59 0 60
0 57 62 0
0 57 0 137
0 59 56 0
0 59 0 240
0 61 63 0
0 61 0 155
0 63 58 0
0 63 0 240
0 61 68 0
0 61 0 177
0 60 52 0
0 61 52 80
0 60 0 20
0 60 52 60
0 61 0 20
0 60 0 60
0 56 57 0
0 56 0 857
0 61 34 0
0 61 0 134
0 59 30 0
0 61 30 80
0 59 0 20
0 59 30 60
0 61 0 20
0 59 0 60
0 57 33 0
0 57 0 137
0 59 30 0
0 59 0 240
0 61 34 0
0 61 0 141
0 63 31 0
0 63 0 240
0 61 39 0
0 61 0 177
0 60 28 0
0 61 28 80
0 60 0 20
0 60 28 60
0 61 0 20
0 60 0 60
0 56 30 0
0 56 0 857
0 54 46 0
0 61 52 0
0 61 0 346
0 54 0 0
0 49 47 0
0 56 47 0
0 56 0 384
0 49 0 0
0 54 37 0
0 61 37 0
0 61 0 346
0 54 0 0
0 49 33 0
0 56 33 0
0 56 0 360
0 49 0 0
0 56 37 0
0 63 41 0
0 63 0 67
0 61 37 0
0 61 0 240
0 60 41 0
0 60 0 346
0 61 34 0
0 61 0 134
0 63 36 0
0 63 0 240
0 64 39 0
0 64 0 80
0 63 36 0
0 63 0 240
0 61 39 0
0 61 0 125
0 63 34 0
0 63 0 240
0 60 37 0
0 60 0 80
0 56 0 0
0 56 34 0
0 56 0 240
0 61 48 0
0 61 0 141
0 59 41 0
0 61 41 80
0 59 0 20
0 59 41 60
0 61 0 20
0 59 0 60
0 57 47 0
0 57 0 137
0 59 41 0
0 59 0 240
0 61 48 0
0 61 0 144
0 63 43 0
0 63 0 240
0 61 53 0
0 61 0 177
0 60 39 0
0 61 39 80
0 60 0 20
0 60 39 60
0 61 0 20
0 60 0 60
0 56 42 0
0 56 0 857
0 61 34 0
0 61 0 113
0 59 30 0
0 61 30 80
0 59 0 20
0 59 30 60
0 61 0 20
0 59 0 60
0 57 33 0
0 57 0 137
0 59 30 0
0 59 0 240
0 61 34 0
0 61 0 159
0 63 31 0
0 63 0 240
0 61 39 0
0 61 0 140
0 60 28 0
0 61 28 80
0 60 0 20
0 60 28 60
0 61 0 20
0 60 0 60
0 56 30 0
0 56 0 857
0 54 47 0
0 61 52 0
0 61 0 346
0 54 0 0
0 49 47 0
0 56 47 0
0 56 0 399
0 49 0 0
0 54 37 0
0 61 37 0
0 61 0 346
0 54 0 0
0 49 33 0
0 56 33 0
0 56 0 392
0 49 0 0
0 59 51 0
0 59 0 134
0 57 46 0
0 59 45 80
0 57 0 20
0 57 45 60
0 59 0 20
0 57 0 60
0 56 52 0
0 56 0 377
0 59 41 0
0 59 0 137
0 57 39 0
0 57 0 120
0 44 37 0
0 54 45 30
0 54 0 360
0 44 0 0
0 49 40 0
0 52 40 0
0 52 0 166
0 54 39 0
0 54 0 240
0 52 40 0
0 52 0 357
0 49 0 0
0 56 50 0
0 56 0 127
0 54 50 0
0 54 0 120
0 56 48 0
0 56 0 120
0 57 52 0
0 57 0 120
0 59 50 0
0 59 0 120
0 57 50 0
0 57 0 120
0 54 46 0
0 54 0 120
0 56 52 0
0 56 0 134
0 57 47 0
0 59 47 80
0 57 0 20
0 57 47 60
0 59 0 20
0 56 52 60
0 57 0 1
0 56 0 134
0 69 54 0
0 71 54 80
0 69 0 20
0 69 55 60
0 71 0 20
0 68 65 60
0 69 0 1
0 68 0 134
0 44 57 240
0 44 0 7
0 63 51 120
0 64 51 80
0 63 0 20
0 63 51 60
0 64 0 20
0 56 60 60
0 63 0 7
0 63 50 155
0 63 0 240
0 68 53 0
0 68 0 137
0 66 50 0
0 66 0 240
0 64 56 0
0 64 0 166
0 63 52 0
0 63 0 120
0 61 52 0
0 61 0 120
0 60 55 0
0 60 0 152
0 61 53 0
0 61 0 240
0 60 53 0
0 60 0 346
0 56 0 0
0 56 45 0
0 56 0 92
0 54 45 0
0 54 0 120
0 56 43 0
0 56 0 120
0 57 46 0
0 57 0 120
0 59 45 0
0 59 0 120
0 57 45 0
0 57 0 120
0 54 41 0
0 54 0 120
0 56 46 0
0 56 0 127
0 57 42 0
0 59 42 80
0 57 0 20
0 57 42 60
0 59 0 20
0 56 46 60
0 57 0 6
0 56 0 106
0 69 48 0
0 71 48 80
0 69 0 20
0 69 48 60
0 71 0 20
0 68 50 60
0 69 0 10
0 68 0 184
0 59 30 0
0 69 39 0
0 69 0 173
0 59 0 0
0 64 40 0
0 68 40 0
0 68 0 374
0 69 40 0
0 69 0 321
0 66 42 0
0 66 0 152
0 69 39 0
0 69 0 240
0 64 0 0
0 69 41 0
0 64 41 0
0 69 0 399
0 68 41 0
0 68 0 134
0 69 39 0
0 69 0 240
0 68 39 0
0 68 0 371
0 64 0 0
0 57 62 0
0 57 0 180
0 57 56 0
0 59 56 80
0 57 0 20
0 57 56 60
0 59 0 20
0 56 62 60
0 57 0 6
0 56 0 127
0 51 58 0
0 51 0 100
0 56 58 20
0 56 0 100
0 57 62 20
0 57 0 81
0 57 56 0
0 59 56 80
0 57 0 20
0 57 56 60
0 59 0 20
0 56 62 60
0 57 0 14
0 56 0 137
0 63 38 0
0 63 0 51
0 64 35 0
0 64 0 120
0 66 38 0
0 66 0 120
0 68 35 0
0 68 0 120
0 66 35 0
0 66 0 120
0 63 35 0
0 63 0 120
0 60 38 0
0 60 0 120
0 64 35 0
0 64 0 120
0 63 35 0
0 63 0 120
0 57 35 0
0 57 0 120
0 56 57 0
0 56 0 120
0 57 56 0
0 59 56 80
0 57 0 20
0 57 56 60
0 59 0 20
0 56 62 60
0 57 0 20
0 56 0 120
0 51 58 0
0 51 0 100
0 56 58 20
0 56 0 100
0 57 62 20
0 57 0 184
0 57 56 0
0 59 56 80
0 57 0 20
0 57 56 60
0 59 0 20
0 56 62 0
0 57 0 20
0 56 0 149
0 63 49 0
0 63 0 51
0 64 46 0
0 64 0 120
0 66 49 0
0 66 0 120
0 68 46 0
0 68 0 120
0 66 46 0
0 66 0 120
0 63 46 0
0 63 0 120
0 60 54 0
0 60 0 120
0 64 48 0
0 64 0 120
0 63 48 0
0 63 0 120
0 57 48 0
0 57 0 120
0 56 62 0
0 56 0 240
0 54 54 0
0 54 0 28
0 56 50 0
0 56 0 120
0 57 54 0
0 57 0 120
0 61 50 0
0 61 0 120
0 59 50 0
0 59 0 120
0 56 50 0
0 56 0 120
0 54 54 0
0 54 0 120
0 57 50 0
0 57 0 120
0 56 50 0
0 56 0 120
0 52 50 0
0 52 0 120
0 51 54 0
0 51 0 28
0 52 52 0
0 52 0 120
0 54 52 0
0 54 0 120
0 56 52 0
0 56 0 120
0 54 57 0
0 54 0 35
0 51 55 0
0 51 0 120
0 52 56 0
0 52 0 120
0 49 54 0
0 49 0 120
0 51 54 0
0 51 0 7
0 47 52 0
0 47 0 120
0 49 54 0
0 49 0 120
0 45 51 0
0 45 0 120
0 44 68 0
0 44 0 127
0 51 49 0
0 57 58 0
0 57 0 197
0 51 0 0
0 56 44 0
0 60 52 0
0 60 0 176
0 56 0 0
0 51 48 0
0 57 57 0
0 57 0 180
0 51 0 0
0 56 42 0
0 60 50 0
0 60 0 191
0 56 0 0
0 51 46 0
0 57 55 0
0 57 0 21
0 51 0 0
0 56 42 0
0 60 50 0
0 60 0 91
0 56 0 0
0 56 57 0
0 56 0 480
0 56 65 0
0 56 0 480
0 56 68 0
0 56 0 240
0 49 48 0
0 49 0 166
0 44 48 0
0 44 0 240
0 50 56 0
0 50 0 240
0 51 69 0
0 51 0 194
0 44 56 0
0 44 0 240
0 48 50 0
0 48 0 233
0 49 30 0
0 49 0 219
0 44 30 0
0 44 0 240
0 50 35 0
0 50 0 229
0 51 40 0
0 51 0 194
0 44 35 0
0 44 0 240
0 48 39 0
0 48 0 196
0 49 39 30
0 49 0 57
0 55 32 120
0 56 32 80
0 55 0 20
0 61 31 60
0 56 0 20
0 61 0 60
0 68 42 137
0 68 0 240
0 44 38 0
0 44 0 120
0 68 34 120
0 61 34 0
0 56 34 0
0 56 0 108
0 61 0 0
0 68 0 0
0 49 39 120
0 49 0 40
0 55 32 120
0 56 32 80
0 55 0 20
0 61 31 60
0 56 0 20
0 65 38 60
0 61 0 4
0 65 0 40
0 56 40 120
0 61 40 0
0 65 40 0
0 65 0 240
0 61 0 0
0 56 0 0
0 44 38 0
0 44 0 120
0 65 30 108
0 61 30 0
0 56 30 0
0 56 0 120
0 61 0 0
0 65 0 0
0 51 46 120
0 51 0 63
0 55 38 120
0 56 38 80
0 55 0 20
0 60 37 60
0 56 0 20
0 66 45 60
0 60 0 20
0 66 0 37
0 56 49 120
0 60 49 0
0 66 49 0
0 66 0 240
0 60 0 0
0 56 0 0
0 44 47 0
0 44 0 113
0 66 38 74
0 60 38 0
0 56 38 0
0 56 0 120
0 60 0 0
0 66 0 0
0 51 53 0
0 51 0 63
0 55 38 120
0 56 38 80
0 55 0 20
0 60 37 60
0 56 0 20
0 66 45 60
0 60 0 20
0 66 0 94
0 56 43 103
0 60 43 0
0 66 43 0
0 66 0 240
0 60 0 0
0 56 0 0
0 44 37 0
0 44 0 120
0 66 36 114
0 60 36 0
0 56 36 0
0 56 0 120
0 60 0 0
0 66 0 0
0 49 39 120
0 49 0 57
0 55 32 120
0 56 32 80
0 55 0 20
0 61 31 60
0 56 0 20
0 61 0 60
0 68 42 137
0 68 0 240
0 44 38 0
0 44 0 120
0 68 34 120
0 61 34 0
0 56 34 0
0 56 0 112
0 61 0 0
0 68 0 0
0 49 39 120
0 49 0 63
0 55 32 120
0 56 32 80
0 55 0 20
0 61 31 60
0 56 0 20
0 65 38 60
0 61 0 11
0 65 0 34
0 56 40 120
0 61 40 0
0 65 40 0
0 65 0 240
0 61 0 0
0 56 0 0
0 44 38 0
0 44 0 120
0 65 30 114
0 61 30 0
0 56 30 0
0 56 0 120
0 61 0 0
0 65 0 0
0 51 46 120
0 51 0 68
0 55 38 120
0 56 38 80
0 55 0 20
0 60 37 60
0 56 0 20
0 66 45 60
0 60 0 3
0 66 0 34
0 56 49 120
0 60 49 0
0 66 49 0
0 66 0 240
0 60 0 0
0 56 0 0
0 44 47 0
0 44 0 3
0 66 38 120
0 60 38 0
0 56 38 0
0 56 0 120
0 60 0 0
0 66 0 0
0 51 53 0
0 51 0 80
0 55 38 120
0 56 38 80
0 55 0 20
0 60 37 60
0 56 0 20
0 66 45 60
0 60 0 20
0 66 0 92
0 56 43 103
0 60 43 0
0 66 43 0
0 66 0 240
0 60 0 0
0 56 0 0
0 44 37 0
0 44 0 120
0 64 36 77
0 60 36 0
0 56 36 0
0 56 0 120
0 60 0 0
0 64 0 0
0 53 50 120
0 53 0 57
0 57 41 120
0 61 41 80
0 57 0 20
0 65 40 60
0 61 0 20
0 65 0 60
0 69 55 0
0 69 0 17
0 61 49 120
0 65 49 0
0 65 0 240
0 61 0 0
0 53 49 0
0 53 0 120
0 63 44 120
0 57 44 0
0 57 0 118
0 63 0 0
0 54 50 120
0 54 0 57
0 60 41 120
0 61 41 80
0 60 0 20
0 66 40 60
0 61 0 20
0 66 0 60
0 62 55 137
0 62 0 240
0 50 49 0
0 50 0 120
0 65 44 120
0 58 44 0
0 58 0 120
0 65 0 0
0 51 50 120
0 51 0 57
0 57 41 120
0 58 41 80
0 57 0 20
0 63 40 60
0 58 0 20
0 63 0 60
0 58 50 225
0 70 46 177
0 70 0 240
0 68 43 0
0 68 0 226
0 58 0 0
0 51 46 0
0 51 0 57
0 57 38 120
0 58 38 80
0 57 0 20
0 59 37 60
0 58 0 20
0 59 0 60
0 58 50 0
0 58 0 108
0 62 50 0
0 62 0 240
0 65 55 0
0 65 0 240
0 63 51 0
0 63 0 240
0 39 46 0
0 39 0 57
0 50 38 120
0 51 38 80
0 50 0 20
0 53 37 60
0 51 0 20
0 53 0 60
0 51 50 0
0 51 0 103
0 51 50 120
0 51 0 434
0 51 46 0
0 51 0 240
0 51 41 0
0 60 41 0
0 60 0 123
0 61 39 0
0 61 0 240
0 65 41 0
0 65 0 155
0 63 38 0
0 63 0 240
0 67 40 0
0 67 0 134
0 63 38 0
0 63 0 240
0 51 0 0
0 51 39 0
0 51 0 20
0 62 32 120
0 63 32 80
0 62 0 20
0 65 31 60
0 63 0 20
0 65 0 60
0 63 36 0
0 63 0 105
0 63 42 120
0 63 0 425
0 63 39 0
0 63 0 240
0 56 41 0
0 60 41 0
0 60 0 45
0 61 40 0
0 61 0 240
0 63 44 0
0 63 0 137
0 70 47 0
0 70 0 240
0 68 44 0
0 68 0 103
0 66 36 0
0 66 0 240
0 56 0 0
0 49 54 0
0 49 0 57
0 55 49 120
0 56 49 80
0 55 0 20
0 61 48 60
0 56 0 20
0 61 0 60
0 68 59 137
0 68 0 240
0 44 58 0
0 44 0 120
0 68 52 120
0 61 52 0
0 56 52 0
0 56 0 106
0 61 0 0
0 68 0 0
0 49 59 120
0 49 0 100
0 55 49 120
0 56 49 80
0 55 0 20
0 61 48 60
0 56 0 20
0 65 59 60
0 61 0 12
0 65 0 40
0 56 56 120
0 61 56 0
0 65 56 0
0 65 0 240
0 61 0 0
0 56 0 0
0 44 61 0
0 44 0 120
0 65 49 111
0 61 49 0
0 56 49 0
0 56 0 120
0 61 0 0
0 65 0 0
0 51 55 120
0 51 0 63
0 55 45 120
0 56 45 80
0 55 0 20
0 60 44 60
0 56 0 20
0 66 53 60
0 60 0 8
0 66 0 40
0 56 57 120
0 60 57 0
0 66 57 0
0 66 0 3
0 60 0 0
0 56 0 0
0 44 53 4
0 44 0 120
0 66 42 111
0 60 42 0
0 56 42 0
0 56 0 120
0 60 0 0
0 66 0 0
0 51 58 120
0 51 0 57
0 55 45 120
0 56 45 80
0 55 0 20
0 60 42 60
0 56 0 20
0 66 52 60
0 60 0 20
0 66 0 92
0 56 49 103
0 60 49 0
0 66 49 0
0 66 0 240
0 60 0 0
0 56 0 0
0 44 41 0
0 44 0 120
0 66 39 117
0 60 39 0
0 56 39 0
0 56 0 120
0 60 0 0
0 66 0 0
0 49 39 120
0 49 0 57
0 55 32 120
0 56 32 80
0 55 0 20
0 61 31 60
0 56 0 20
0 61 0 60
0 68 42 137
0 68 0 240
0 44 38 0
0 44 0 120
0 68 34 120
0 61 34 0
0 56 34 0
0 56 0 110
0 61 0 0
0 68 0 0
0 49 39 120
0 49 0 74
0 55 32 120
0 56 32 80
0 55 0 20
0 61 31 60
0 56 0 20
0 65 38 60
0 61 0 3
0 65 0 25
0 56 40 120
0 61 40 0
0 65 40 0
0 65 0 240
0 61 0 0
0 56 0 0
0 44 38 0
0 44 0 120
0 65 30 77
0 61 30 0
0 56 30 0
0 56 0 120
0 61 0 0
0 65 0 0
0 51 46 120
0 51 0 71
0 55 38 120
0 56 38 80
0 55 0 20
0 60 37 60
0 56 0 20
0 66 45 60
0 60 0 5
0 66 0 43
0 56 48 120
0 60 48 0
0 66 48 0
0 66 0 240
0 60 0 0
0 56 0 0
0 44 45 0
0 44 0 114
0 66 36 103
0 60 36 0
0 56 36 0
0 56 0 120
0 60 0 0
0 66 0 0
0 51 49 120
0 51 0 66
0 55 38 120
0 56 38 80
0 55 0 20
0 60 37 60
0 56 0 20
0 66 45 60
0 60 0 20
0 66 0 92
0 56 43 103
0 60 43 0
0 66 43 0
0 66 0 240
0 60 0 0
0 56 0 0
0 47 33 0
0 58 23 31
0 58 0 60
0 59 28 0
0 59 0 120
0 47 0 120
0 52 42 0
0 52 0 57
0 58 36 120
0 59 36 80
0 58 0 20
0 61 36 60
0 59 0 20
0 61 0 60
0 59 49 0
0 59 0 17
0 59 44 120
0 59 0 240
0 47 44 0
0 47 0 120
0 59 44 120
0 62 44 0
0 53 44 0
0 53 0 120
0 62 0 0
0 59 0 0
0 54 50 120
0 54 0 57
0 58 41 120
0 59 41 80
0 58 0 20
0 61 40 60
0 59 0 20
0 61 0 60
0 59 55 0
0 59 0 17
0 59 56 120
0 59 0 240
0 47 51 0
0 47 0 120
0 63 47 120
0 69 47 0
0 59 47 0
0 59 0 120
0 69 0 0
0 63 0 0
0 52 42 120
0 52 0 5
0 58 34 120
0 59 34 80
0 58 0 20
0 61 34 60
0 59 0 20
0 61 0 60
0 59 46 0
0 59 0 17
0 59 41 120
0 59 0 240
0 47 41 0
0 47 0 120
0 59 37 120
0 62 37 0
0 53 37 0
0 53 0 120
0 62 0 0
0 59 0 0
0 54 42 120
0 54 0 23
0 58 34 120
0 59 34 80
0 58 0 20
0 61 34 60
0 59 0 20
0 61 0 60
0 59 46 0
0 59 0 17
0 59 46 120
0 59 0 240
0 47 48 0
0 47 0 120
0 63 43 120
0 69 43 0
0 59 43 0
0 59 0 120
0 69 0 0
0 63 0 0
0 64 69 0
0 64 0 134
0 63 56 0
0 64 56 80
0 63 0 20
0 63 56 60
0 64 0 20
0 63 0 60
0 62 66 0
0 62 0 137
0 63 53 0
0 63 0 240
0 60 60 0
0 60 0 148
0 56 55 0
0 56 0 28
0 61 60 0
0 61 0 240
0 57 55 0
0 57 0 180
0 58 58 0
0 58 0 171
0 53 54 0
0 53 0 137
0 54 57 0
0 54 0 137
0 50 53 0
0 59 53 0
0 59 0 126
0 50 0 0
0 51 49 0
0 58 49 0
0 58 0 388
0 51 0 0
0 44 50 0
0 44 0 177
0 55 41 0
0 56 41 80
0 55 0 20
0 58 40 60
0 56 0 20
0 58 0 60
0 56 50 0
0 56 0 131
0 56 50 0
0 56 0 240
0 44 46 0
0 56 43 240
0 56 0 240
0 44 0 0
0 49 34 0
0 49 0 219
0 44 34 0
0 44 0 240
0 50 39 0
0 50 0 229
0 51 49 0
0 51 0 155
0 44 39 0
0 44 0 240
0 48 35 0
0 48 0 226
0 49 27 0
0 49 0 219
0 44 27 0
0 44 0 240
0 50 31 0
0 50 0 221
0 51 36 0
0 51 0 194
0 44 31 0
0 44 0 240
0 48 34 0
0 48 0 225
0 49 31 0
0 49 0 162
0 56 32 0
0 56 0 60
0 61 32 180
0 61 0 60
0 65 31 180
0 65 0 60
0 68 31 180
0 68 0 60
0 73 30 180
0 73 0 60
0 77 30 180
0 77 0 60
0 68 29 180
0 68 0 60
0 73 29 180
0 73 0 60
0 77 29 180
0 77 0 60
0 80 28 180
0 80 0 60
0 85 28 180
0 85 0 60
0 73 28 120
0 80 28 25
0 73 0 1475
0 37 17 0
0 44 17 0
0 49 22 0
0 80 0 10
0 37 0 1430
0 44 0 0
0 49 0 0
