0 69 46 0
0 77 56 0
0 77 0 240
0 69 0 0
0 69 46 0
0 76 50 0
0 76 0 80
0 77 47 0
0 77 0 80
0 76 47 0
0 76 0 80
0 69 0 0
0 74 50 0
0 69 33 0
0 74 0 120
0 76 47 0
0 76 0 120
0 69 0 0
0 69 34 0
0 77 53 0
0 77 0 120
0 74 49 0
0 74 0 120
0 69 0 0
0 69 43 0
0 76 51 0
0 76 0 90
0 69 0 0
0 69 38 150
0 72 44 0
0 72 0 90
0 69 0 0
0 77 56 150
0 69 46 0
0 69 0 240
0 77 0 0
0 69 46 0
0 76 50 0
0 76 0 80
0 77 47 0
0 77 0 80
0 76 47 0
0 76 0 80
0 69 0 0
0 69 32 0
0 74 50 0
0 74 0 120
0 76 47 0
0 76 0 120
0 69 0 0
0 77 53 0
0 69 33 0
0 77 0 120
0 74 49 0
0 74 0 120
0 69 0 0
0 69 43 0
0 76 51 0
0 76 0 90
0 69 0 0
0 72 44 150
0 69 38 0
0 69 0 90
0 72 0 0
0 69 43 150
0 74 58 0
0 74 0 120
0 76 52 0
0 76 0 120
0 69 0 0
0 72 54 0
0 69 38 0
0 69 0 210
0 72 0 0
0 69 43 30
0 74 58 0
0 74 0 120
0 76 60 0
0 76 0 120
0 69 0 0
0 77 64 0
0 69 45 0
0 69 0 210
0 77 0 0
0 69 43 30
0 74 58 0
0 74 0 120
0 76 52 0
0 76 0 120
0 69 0 0
0 72 48 0
0 69 34 0
0 69 0 210
0 72 0 0
0 69 41 30
0 74 56 0
0 74 0 120
0 76 51 0
0 76 0 120
0 69 0 0
0 72 47 0
0 69 32 0
0 69 0 210
0 72 0 0
0 69 46 30
0 74 52 0
0 74 0 120
0 76 54 0
0 76 0 120
0 69 0 0
0 79 57 0
0 69 43 0
0 79 0 120
0 77 51 0
0 77 0 120
0 69 0 0
0 69 43 0
0 74 55 0
0 74 0 120
0 76 54 0
0 76 0 120
0 69 0 0
0 72 49 0
0 69 40 0
0 69 0 240
0 72 0 0
0 73 43 0
0 81 52 0
0 81 0 240
0 73 0 0
0 80 47 0
0 73 43 0
0 80 0 80
0 81 44 0
0 81 0 80
0 80 44 0
0 80 0 80
0 73 0 0
0 73 37 0
0 78 47 0
0 78 0 120
0 80 44 0
0 80 0 120
0 73 0 0
0 73 36 0
0 81 49 0
0 81 0 120
0 78 46 0
0 78 0 120
0 73 0 0
0 80 47 0
0 73 39 0
0 73 0 90
0 80 0 0
0 73 39 150
0 76 46 0
0 76 0 90
0 73 0 0
0 73 43 150
0 81 52 0
0 81 0 240
0 73 0 0
0 73 43 0
0 80 47 0
0 80 0 80
0 81 44 0
0 81 0 80
0 80 44 0
0 80 0 80
0 73 0 0
0 73 37 0
0 78 47 0
0 78 0 120
0 80 44 0
0 80 0 120
0 73 0 0
0 73 36 0
0 81 49 0
0 81 0 120
0 78 46 0
0 78 0 120
0 73 0 0
0 80 47 0
0 73 39 0
0 73 0 90
0 80 0 0
0 73 39 150
0 76 46 0
0 76 0 90
0 73 0 0
0 73 45 150
0 78 54 0
0 78 0 120
0 80 48 0
0 80 0 120
0 73 0 0
0 73 40 0
0 76 50 0
0 76 0 210
0 73 0 0
0 73 45 30
0 78 54 0
0 78 0 120
0 80 56 0
0 80 0 120
0 73 0 0
0 73 47 0
0 81 59 0
0 81 0 210
0 73 0 0
0 73 45 30
0 78 54 0
0 78 0 120
0 80 48 0
0 80 0 120
0 73 0 0
0 73 36 0
0 76 45 0
0 76 0 210
0 73 0 0
0 73 43 30
0 78 52 0
0 78 0 120
0 80 47 0
0 80 0 120
0 73 0 0
0 73 34 0
0 76 44 0
0 76 0 210
0 73 0 0
0 73 48 30
0 78 48 0
0 78 0 120
0 80 50 0
0 80 0 120
0 73 0 0
0 73 45 0
0 83 53 0
0 83 0 120
0 81 47 0
0 81 0 120
0 73 0 0
0 78 51 0
0 73 45 0
0 78 0 120
0 80 50 0
0 80 0 120
0 73 0 0
0 73 42 0
0 76 46 0
0 76 0 240
0 73 0 0
0 84 84 0
0 76 56 0
0 76 0 240
0 84 0 0
0 76 56 0
0 83 76 0
0 83 0 80
0 84 66 0
0 84 0 80
0 83 66 0
0 83 0 80
0 76 0 0
0 81 72 0
0 76 41 0
0 81 0 120
0 83 66 0
0 83 0 120
0 76 0 0
0 77 42 0
0 84 76 0
0 84 0 120
0 81 67 0
0 81 0 120
0 77 0 0
0 77 51 0
0 83 77 0
0 83 0 90
0 77 0 0
0 77 51 150
0 79 73 0
0 79 0 90
0 77 0 0
0 84 84 150
0 76 56 0
0 76 0 240
0 84 0 0
0 76 56 0
0 83 76 0
0 83 0 80
0 84 67 0
0 84 0 80
0 83 67 0
0 83 0 80
0 76 0 0
0 76 41 0
0 81 73 0
0 81 0 120
0 83 68 0
0 83 0 120
0 76 0 0
0 84 77 0
0 77 40 0
0 84 0 120
0 81 67 0
0 81 0 120
0 77 0 0
0 77 51 0
0 83 77 0
0 83 0 90
0 77 0 0
0 79 73 150
0 77 51 0
0 77 0 90
0 79 0 0
0 60 54 150
0 64 61 0
0 64 0 120
0 60 0 0
0 62 51 0
0 65 57 0
0 65 0 120
0 62 0 0
0 64 55 0
0 67 62 0
0 67 0 240
0 64 0 0
0 64 51 0
0 67 57 0
0 67 0 120
0 64 0 0
0 62 51 0
0 65 57 0
0 65 0 120
0 62 0 0
0 64 54 0
0 60 48 0
0 60 0 120
0 64 0 0
0 62 48 0
0 65 54 0
0 65 0 120
0 62 0 0
0 67 55 0
0 64 49 0
0 64 0 120
0 67 0 0
0 65 51 0
0 68 57 0
0 68 0 120
0 65 0 0
0 67 52 0
0 70 58 0
0 70 0 120
0 67 0 0
0 72 60 0
0 68 54 0
0 68 0 120
0 72 0 0
0 67 53 0
0 70 59 0
0 70 0 120
0 67 0 0
0 73 62 0
0 70 55 0
0 70 0 120
0 73 0 0
0 68 55 0
0 72 62 0
0 72 0 120
0 68 0 0
0 65 51 0
0 68 57 0
0 68 0 120
0 65 0 0
0 70 60 0
0 67 54 0
0 67 0 120
0 70 0 0
0 64 51 0
0 67 57 0
0 67 0 120
0 64 0 0
0 65 57 0
0 60 51 0
0 60 0 120
0 65 0 0
0 61 45 0
0 67 51 0
0 67 0 120
0 61 0 0
0 58 49 0
0 64 55 0
0 64 0 120
0 58 0 0
0 65 50 0
0 60 45 0
0 60 0 120
0 65 0 0
0 56 47 0
0 61 53 0
0 61 0 120
0 56 0 0
0 63 50 0
0 58 45 0
0 58 0 120
0 63 0 0
0 76 56 0
0 84 84 0
0 84 0 240
0 76 0 0
0 76 56 0
0 83 76 0
0 83 0 80
0 84 66 0
0 84 0 80
0 83 66 0
0 83 0 80
0 76 0 0
0 76 42 0
0 81 73 0
0 81 0 120
0 83 69 0
0 83 0 120
0 76 0 0
0 84 75 0
0 77 41 0
0 84 0 120
0 81 66 0
0 81 0 120
0 77 0 0
0 77 51 0
0 83 77 0
0 83 0 90
0 77 0 0
0 79 73 150
0 77 51 0
0 77 0 90
0 79 0 0
0 76 56 150
0 84 84 0
0 84 0 240
0 76 0 0
0 83 76 0
0 76 56 0
0 83 0 80
0 84 67 0
0 84 0 80
0 83 67 0
0 83 0 80
0 76 0 0
0 76 39 0
0 81 72 0
0 81 0 120
0 83 68 0
0 83 0 120
0 76 0 0
0 77 41 0
0 84 75 0
0 84 0 120
0 81 65 0
0 81 0 120
0 77 0 0
0 83 77 0
0 77 51 0
0 77 0 90
0 83 0 0
0 77 51 150
0 79 73 0
0 79 0 90
0 77 0 0
0 72 48 150
0 76 54 0
0 76 0 120
0 72 0 0
0 77 51 0
0 74 45 0
0 74 0 120
0 77 0 0
0 76 49 0
0 79 55 0
0 79 0 240
0 76 0 0
0 79 51 0
0 76 45 0
0 76 0 120
0 79 0 0
0 77 51 0
0 74 45 0
0 74 0 120
0 77 0 0
0 72 43 0
0 76 48 0
0 76 0 120
0 72 0 0
0 77 48 0
0 74 43 0
0 74 0 120
0 77 0 0
0 76 44 0
0 79 49 0
0 79 0 120
0 76 0 0
0 77 45 0
0 80 51 0
0 80 0 120
0 77 0 0
0 82 52 0
0 79 46 0
0 79 0 120
0 82 0 0
0 80 48 0
0 84 53 0
0 84 0 120
0 80 0 0
0 82 52 0
0 79 47 0
0 79 0 120
0 82 0 0
0 82 49 0
0 85 55 0
0 85 0 120
0 82 0 0
0 80 49 0
0 84 55 0
0 84 0 120
0 80 0 0
0 80 51 0
0 77 45 0
0 77 0 120
0 80 0 0
0 79 48 0
0 82 53 0
0 82 0 120
0 79 0 0
0 79 51 0
0 76 45 0
0 76 0 120
0 79 0 0
0 72 45 0
0 77 51 0
0 77 0 120
0 72 0 0
0 73 40 0
0 79 45 0
0 79 0 120
0 73 0 0
0 76 49 0
0 70 44 0
0 70 0 120
0 76 0 0
0 72 40 0
0 77 44 0
0 77 0 120
0 72 0 0
0 73 47 0
0 68 42 0
0 68 0 120
0 73 0 0
0 70 40 0
0 75 44 0
0 75 0 120
0 70 0 0
0 64 45 0
0 72 67 0
0 72 0 240
0 64 0 0
0 71 60 0
0 64 45 0
0 71 0 80
0 72 54 0
0 72 0 80
0 71 54 0
0 71 0 80
0 64 0 0
0 69 60 0
0 64 33 0
0 69 0 120
0 71 56 0
0 71 0 120
0 64 0 0
0 65 33 0
0 72 59 0
0 72 0 120
0 69 58 0
0 69 0 120
0 65 0 0
0 71 61 0
0 65 41 0
0 65 0 90
0 71 0 0
0 65 41 150
0 67 58 0
0 67 0 90
0 65 0 0
0 72 67 150
0 64 45 0
0 64 0 240
0 72 0 0
0 64 45 0
0 71 60 0
0 71 0 80
0 72 56 0
0 72 0 80
0 71 52 0
0 71 0 80
0 64 0 0
0 69 60 0
0 64 30 0
0 69 0 120
0 71 56 0
0 71 0 120
0 64 0 0
0 65 32 0
0 72 59 0
0 72 0 120
0 69 58 0
0 69 0 120
0 65 0 0
0 65 41 0
0 71 61 0
0 71 0 90
0 65 0 0
0 65 41 150
0 67 58 0
0 67 0 90
0 65 0 0
0 72 67 150
0 67 45 0
0 67 0 90
0 72 0 0
0 67 43 150
0 70 45 0
0 74 60 0
0 74 0 80
0 76 53 0
0 76 0 80
0 74 53 0
0 74 0 80
0 70 0 0
0 67 0 0
0 67 57 0
0 72 57 0
0 72 0 90
0 67 0 0
0 86 66 150
0 82 49 0
0 79 47 0
0 86 0 80
0 88 58 0
0 88 0 80
0 86 58 0
0 86 0 80
0 79 0 0
0 82 0 0
0 79 62 0
0 84 62 0
0 84 0 90
0 79 0 0
0 98 66 150
0 91 47 0
0 94 49 0
0 98 0 80
0 100 58 0
0 100 0 80
0 98 58 0
0 98 0 80
0 94 0 0
0 91 0 0
0 96 65 0
0 91 65 0
0 91 0 90
0 96 0 0
0 79 53 150
0 82 55 0
0 86 75 0
0 86 0 80
0 88 66 0
0 88 0 80
0 86 66 0
0 86 0 80
0 82 0 0
0 79 0 0
0 79 71 0
0 84 71 0
0 84 0 90
0 79 0 0
0 67 60 150
0 74 85 0
0 70 62 0
0 74 0 80
0 76 73 0
0 76 0 80
0 74 69 0
0 74 0 80
0 70 0 0
0 67 0 0
0 67 81 0
0 72 81 0
0 72 0 90
0 67 0 0
0 76 88 150
0 82 88 0
0 84 88 0
0 72 88 0
0 72 0 240
0 76 0 0
0 82 0 0
0 84 0 0
0 77 87 0
0 69 71 0
0 69 0 240
0 77 0 0
0 69 71 0
0 76 78 0
0 76 0 80
0 77 69 0
0 77 0 80
0 76 69 0
0 76 0 80
0 69 0 0
0 74 74 0
0 69 54 0
0 74 0 120
0 76 71 0
0 76 0 120
0 69 0 0
0 69 55 0
0 77 76 0
0 77 0 120
0 74 72 0
0 74 0 120
0 69 0 0
0 69 67 0
0 76 79 0
0 76 0 90
0 69 0 0
0 69 60 150
0 72 68 0
0 72 0 90
0 69 0 0
0 77 83 150
0 69 68 0
0 69 0 240
0 77 0 0
0 69 68 0
0 76 75 0
0 76 0 80
0 77 69 0
0 77 0 80
0 76 69 0
0 76 0 80
0 69 0 0
0 69 54 0
0 74 75 0
0 74 0 120
0 76 69 0
0 76 0 120
0 69 0 0
0 77 77 0
0 69 51 0
0 77 0 120
0 74 70 0
0 74 0 120
0 69 0 0
0 69 64 0
0 76 76 0
0 76 0 90
0 69 0 0
0 72 64 150
0 69 57 0
0 69 0 90
0 72 0 0
0 69 53 150
0 74 78 0
0 74 0 120
0 76 72 0
0 76 0 120
0 69 0 0
0 72 76 0
0 69 43 0
0 69 0 210
0 72 0 0
0 69 51 30
0 74 72 0
0 74 0 120
0 76 73 0
0 76 0 120
0 69 0 0
0 77 77 0
0 69 53 0
0 69 0 210
0 77 0 0
0 69 53 30
0 74 78 0
0 74 0 120
0 76 72 0
0 76 0 120
0 69 0 0
0 72 73 0
0 69 43 0
0 69 0 210
0 72 0 0
0 69 45 30
0 74 79 0
0 74 0 120
0 76 71 0
0 76 0 120
0 69 0 0
0 72 72 0
0 69 40 0
0 69 0 210
0 72 0 0
0 74 71 30
0 69 50 0
0 74 0 120
0 76 73 0
0 76 0 120
0 69 0 0
0 69 53 0
0 79 78 0
0 79 0 120
0 77 71 0
0 77 0 120
0 74 77 0
0 74 0 120
0 76 72 0
0 76 0 120
0 69 0 0
0 72 68 0
0 72 0 240
0 80 83 0
0 72 68 0
0 72 0 240
0 80 0 0
0 72 68 0
0 79 75 0
0 79 0 80
0 80 67 0
0 80 0 80
0 79 67 0
0 79 0 80
0 72 0 0
0 77 75 0
0 72 57 0
0 77 0 120
0 79 69 0
0 79 0 120
0 72 0 0
0 72 54 0
0 80 79 0
0 80 0 120
0 77 72 0
0 77 0 120
0 72 0 0
0 73 64 0
0 79 76 0
0 79 0 90
0 73 0 0
0 73 64 150
0 75 72 0
0 75 0 90
0 73 0 0
0 80 83 150
0 72 68 0
0 72 0 240
0 80 0 0
0 72 68 0
0 79 75 0
0 79 0 80
0 80 67 0
0 80 0 80
0 79 69 0
0 79 0 80
0 72 0 0
0 72 58 0
0 77 75 0
0 77 0 120
0 79 69 0
0 79 0 120
0 72 0 0
0 80 79 0
0 72 53 0
0 80 0 120
0 77 72 0
0 77 0 120
0 72 0 0
0 73 64 0
0 79 76 0
0 79 0 90
0 73 0 0
0 75 72 150
0 73 64 0
0 73 0 90
0 75 0 0
0 72 53 150
0 77 78 0
0 77 0 120
0 79 72 0
0 79 0 120
0 72 0 0
0 75 76 0
0 72 43 0
0 72 0 210
0 75 0 0
0 72 51 30
0 77 72 0
0 77 0 120
0 79 73 0
0 79 0 120
0 72 0 0
0 80 77 0
0 72 53 0
0 72 0 210
0 80 0 0
0 72 53 30
0 77 78 0
0 77 0 120
0 79 72 0
0 79 0 120
0 72 0 0
0 75 72 0
0 72 40 0
0 72 0 210
0 75 0 0
0 72 45 30
0 77 79 0
0 77 0 120
0 79 71 0
0 79 0 120
0 72 0 0
0 75 71 0
0 72 37 0
0 72 0 210
0 75 0 0
0 72 50 30
0 77 71 0
0 77 0 120
0 79 73 0
0 79 0 120
0 72 0 0
0 82 78 0
0 72 53 0
0 82 0 120
0 80 71 0
0 80 0 120
0 72 0 0
0 72 49 0
0 77 77 0
0 77 0 120
0 79 72 0
0 79 0 120
0 72 0 0
0 75 68 0
0 72 44 0
0 72 0 240
0 75 0 0
0 58 53 240
0 61 60 0
0 65 68 0
0 65 0 120
0 61 0 0
0 58 0 0
0 53 58 0
0 53 0 120
0 70 60 240
0 73 60 0
0 77 68 0
0 77 0 120
0 73 0 0
0 70 0 0
0 65 57 0
0 65 0 120
0 79 60 240
0 82 60 0
0 85 68 0
0 85 0 120
0 82 0 0
0 79 0 0
0 77 61 0
0 77 0 120
0 82 75 240
0 77 67 0
0 77 0 60
0 82 0 0
0 77 67 60
0 82 75 0
0 82 0 60
0 77 0 0
0 89 80 60
0 82 72 0
0 82 0 120
0 89 0 0
0 77 69 120
0 82 77 0
0 82 0 120
0 77 0 0
0 89 81 120
0 82 72 0
0 82 0 120
0 89 0 0
0 82 78 120
0 77 70 0
0 77 0 120
0 82 0 0
0 61 60 360
0 58 60 0
0 65 68 0
0 65 0 120
0 58 0 0
0 61 0 0
0 53 56 0
0 53 0 120
0 77 68 240
0 70 60 0
0 73 60 0
0 73 0 120
0 70 0 0
0 77 0 0
0 65 57 0
0 65 0 120
0 85 68 240
0 79 60 0
0 82 60 0
0 82 0 120
0 79 0 0
0 85 0 0
0 77 57 0
0 77 0 120
0 82 75 240
0 77 67 0
0 77 0 60
0 82 0 0
0 77 67 60
0 82 75 0
0 82 0 60
0 77 0 0
0 89 80 60
0 82 72 0
0 82 0 120
0 89 0 0
0 82 77 120
0 77 69 0
0 77 0 120
0 82 0 0
0 82 72 120
0 89 81 0
0 89 0 120
0 82 0 0
0 82 78 120
0 77 70 0
0 77 0 120
0 82 0 0
0 88 75 120
0 84 63 0
0 88 0 240
0 86 70 0
0 86 0 80
0 88 65 0
0 88 0 80
0 86 65 0
0 86 0 80
0 84 0 0
0 84 70 0
0 86 65 120
0 86 0 120
0 88 74 0
0 88 0 120
0 84 64 0
0 84 0 120
0 84 0 0
0 80 48 0
0 85 68 0
0 85 0 90
0 84 62 30
0 84 0 90
0 80 0 30
0 80 52 0
0 85 67 0
0 85 0 90
0 89 62 30
0 89 0 90
0 80 0 30
0 88 75 0
0 84 63 0
0 88 0 240
0 86 70 0
0 86 0 80
0 88 65 0
0 88 0 80
0 86 65 0
0 86 0 80
0 84 0 0
0 84 70 0
0 86 65 120
0 86 0 120
0 88 74 0
0 88 0 120
0 84 64 0
0 84 0 120
0 84 0 0
0 80 51 0
0 85 68 0
0 85 0 90
0 84 62 30
0 84 0 90
0 80 0 30
0 80 49 0
0 85 67 0
0 85 0 90
0 89 62 30
0 89 0 90
0 80 0 30
0 76 75 0
0 72 63 0
0 76 0 240
0 74 70 0
0 74 0 80
0 76 65 0
0 76 0 80
0 74 65 0
0 74 0 80
0 72 0 0
0 72 70 0
0 72 0 60
0 74 65 60
0 74 0 60
0 76 66 60
0 76 0 60
0 77 67 60
0 77 0 60
0 79 69 60
0 79 0 60
0 80 71 60
0 80 0 60
0 82 73 60
0 82 0 60
0 84 74 60
0 84 0 60
0 82 72 60
0 82 0 80
0 84 68 0
0 84 0 80
0 82 68 0
0 82 0 80
0 80 70 0
0 80 0 80
0 82 65 0
0 82 0 80
0 80 69 0
0 80 0 80
0 79 68 0
0 79 0 80
0 80 65 0
0 80 0 80
0 79 64 0
0 79 0 80
0 77 66 0
0 77 0 80
0 79 61 0
0 79 0 80
0 77 61 0
0 77 0 80
0 75 64 0
0 75 0 80
0 77 60 0
0 77 0 80
0 75 60 0
0 75 0 80
0 73 62 0
0 73 0 80
0 75 57 0
0 75 0 80
0 73 57 0
0 73 0 80
0 77 57 240
0 70 51 0
0 73 51 0
0 73 0 120
0 70 0 0
0 77 0 0
0 67 53 0
0 67 0 120
0 82 51 240
0 89 57 0
0 85 51 0
0 85 0 120
0 89 0 0
0 82 0 0
0 79 52 0
0 79 0 120
0 77 57 240
0 73 51 0
0 70 51 0
0 70 0 120
0 73 0 0
0 77 0 0
0 67 53 0
0 67 0 120
0 82 69 240
0 77 61 0
0 77 0 60
0 82 0 0
0 82 69 60
0 77 61 0
0 77 0 60
0 82 0 0
0 82 66 60
0 89 73 0
0 89 0 120
0 82 0 0
0 82 70 120
0 77 63 0
0 77 0 120
0 82 0 0
0 82 66 120
0 89 74 0
0 89 0 120
0 82 0 0
0 82 71 120
0 77 64 0
0 77 0 120
0 82 0 0
0 70 48 360
0 77 53 0
0 73 48 0
0 73 0 120
0 77 0 0
0 70 0 0
0 67 51 0
0 67 0 120
0 82 46 240
0 85 46 0
0 89 52 0
0 89 0 120
0 85 0 0
0 82 0 0
0 79 49 0
0 79 0 120
0 77 51 240
0 73 45 0
0 70 45 0
0 70 0 120
0 73 0 0
0 77 0 0
0 67 46 0
0 67 0 120
0 65 54 240
0 70 62 0
0 70 0 60
0 65 0 0
0 70 61 60
0 65 54 0
0 65 0 60
0 70 0 0
0 70 58 60
0 77 64 0
0 77 0 120
0 70 0 0
0 70 61 120
0 65 55 0
0 65 0 120
0 70 0 0
0 77 64 120
0 70 57 0
0 70 0 120
0 77 0 0
0 65 55 120
0 70 61 0
0 70 0 120
0 65 0 0
0 70 45 360
0 73 45 0
0 77 50 0
0 77 0 120
0 73 0 0
0 70 0 0
0 67 50 0
0 67 0 120
0 70 41 240
0 73 41 0
0 77 44 0
0 77 0 120
0 73 0 0
0 70 0 0
0 67 44 0
0 67 0 120
0 73 36 240
0 70 36 0
0 77 40 0
0 77 0 120
0 70 0 0
0 73 0 0
0 67 39 0
0 67 0 120
0 70 59 2160
0 74 59 0
0 74 0 240
0 70 0 0
0 70 56 0
0 74 56 0
0 74 0 120
0 70 0 0
0 70 56 0
0 74 56 0
0 74 0 120
0 70 0 0
0 79 59 0
0 76 59 0
0 76 0 840
0 79 0 0
0 74 54 0
0 77 54 0
0 77 0 120
0 74 0 0
0 72 45 0
0 76 45 0
0 76 0 80
0 77 45 0
0 77 0 80
0 76 45 0
0 76 0 80
0 72 0 0
0 69 45 0
0 72 51 0
0 72 0 240
0 69 0 0
0 65 27 120
0 69 27 0
0 72 33 0
0 72 0 60
0 69 0 0
0 65 0 0
0 72 29 180
0 69 25 0
0 65 25 0
0 65 0 60
0 69 0 0
0 72 0 0
0 72 33 180
0 69 27 0
0 65 27 0
0 65 0 60
0 69 0 0
0 72 0 0
0 72 27 180
0 69 22 0
0 65 22 0
0 65 0 60
0 69 0 0
0 72 0 0
0 77 59 60
0 81 59 0
0 81 0 240
0 77 0 0
0 76 53 0
0 79 53 0
0 79 0 120
0 76 0 0
0 74 53 0
0 77 53 0
0 77 0 120
0 74 0 0
0 77 57 0
0 74 57 0
0 74 0 480
0 77 0 0
0 75 50 0
0 72 45 0
0 72 0 120
0 75 0 0
0 78 39 0
0 74 35 0
0 74 0 120
0 78 0 0
0 70 45 0
0 74 50 0
0 74 0 120
0 70 0 0
0 72 37 0
0 75 42 0
0 75 0 120
0 72 0 0
0 69 45 0
0 72 45 0
0 72 0 80
0 74 45 0
0 74 0 80
0 72 45 0
0 72 0 80
0 69 0 0
0 67 46 0
0 70 51 0
0 70 0 240
0 67 0 0
0 62 27 120
0 67 27 0
0 70 33 0
0 70 0 60
0 67 0 0
0 62 0 0
0 70 29 180
0 67 25 0
0 62 25 0
0 62 0 60
0 67 0 0
0 70 0 0
0 70 33 180
0 67 27 0
0 62 27 0
0 62 0 60
0 67 0 0
0 70 0 0
0 70 27 180
0 67 22 0
0 62 22 0
0 62 0 60
0 67 0 0
0 70 0 0
0 70 64 60
0 74 64 0
0 74 0 240
0 70 0 0
0 70 61 0
0 74 61 0
0 74 0 120
0 70 0 0
0 70 61 0
0 74 61 0
0 74 0 120
0 70 0 0
0 79 64 0
0 76 64 0
0 76 0 840
0 79 0 0
0 74 54 0
0 77 54 0
0 77 0 120
0 74 0 0
0 72 45 0
0 76 45 0
0 76 0 80
0 77 45 0
0 77 0 80
0 76 45 0
0 76 0 80
0 72 0 0
0 69 41 0
0 72 46 0
0 72 0 240
0 69 0 0
0 65 27 120
0 69 27 0
0 72 33 0
0 72 0 60
0 69 0 0
0 65 0 0
0 72 29 180
0 69 25 0
0 65 25 0
0 65 0 60
0 69 0 0
0 72 0 0
0 72 33 180
0 69 27 0
0 65 27 0
0 65 0 60
0 69 0 0
0 72 0 0
0 72 27 180
0 69 22 0
0 65 22 0
0 65 0 60
0 69 0 0
0 72 0 0
0 72 52 0
0 72 0 60
0 81 64 0
0 84 64 0
0 84 0 240
0 81 0 0
0 79 58 0
0 82 58 0
0 82 0 120
0 79 0 0
0 77 58 0
0 81 58 0
0 81 0 120
0 77 0 0
0 81 62 0
0 77 62 0
0 77 0 240
0 81 0 0
0 76 58 0
0 79 58 0
0 79 0 120
0 76 0 0
0 74 58 0
0 77 58 0
0 77 0 120
0 74 0 0
0 77 58 0
0 81 58 0
0 81 0 120
0 77 0 0
0 76 50 120
0 79 50 0
0 79 0 120
0 76 0 0
0 72 45 0
0 76 45 0
0 76 0 120
0 72 0 0
0 70 45 0
0 74 45 0
0 74 0 240
0 70 0 0
0 70 40 0
0 67 40 0
0 70 0 80
0 72 40 0
0 72 0 80
0 70 40 0
0 70 0 80
0 67 0 0
0 67 43 0
0 64 38 0
0 64 0 240
0 67 0 0
0 70 27 120
0 72 27 0
0 64 27 0
0 64 0 60
0 72 0 0
0 70 0 0
0 70 31 180
0 72 31 0
0 64 31 0
0 64 0 60
0 72 0 0
0 70 0 0
0 64 25 180
0 72 25 0
0 70 25 0
0 70 0 60
0 72 0 0
0 64 0 0
0 67 59 60
0 70 59 0
0 70 0 240
0 67 0 0
0 69 56 0
0 72 56 0
0 72 0 120
0 69 0 0
0 70 56 0
0 74 56 0
0 74 0 120
0 70 0 0
0 79 59 0
0 76 59 0
0 76 0 840
0 79 0 0
0 74 54 0
0 77 54 0
0 77 0 120
0 74 0 0
0 72 45 0
0 76 45 0
0 76 0 80
0 77 45 0
0 77 0 80
0 76 45 0
0 76 0 80
0 72 0 0
0 69 41 0
0 72 46 0
0 72 0 240
0 69 0 0
0 65 27 120
0 69 27 0
0 72 33 0
0 72 0 60
0 69 0 0
0 65 0 0
0 72 29 180
0 69 25 0
0 65 25 0
0 65 0 60
0 69 0 0
0 72 0 0
0 72 33 180
0 69 27 0
0 65 27 0
0 65 0 60
0 69 0 0
0 72 0 0
0 72 27 180
0 69 22 0
0 65 22 0
0 65 0 60
0 69 0 0
0 72 0 0
0 77 59 60
0 81 59 0
0 81 0 240
0 77 0 0
0 76 53 0
0 79 53 0
0 79 0 120
0 76 0 0
0 74 53 0
0 77 53 0
0 77 0 120
0 74 0 0
0 77 57 0
0 74 57 0
0 74 0 480
0 77 0 0
0 75 51 0
0 72 45 0
0 72 0 120
0 75 0 0
0 78 40 0
0 74 36 0
0 74 0 120
0 78 0 0
0 70 45 0
0 74 51 0
0 74 0 120
0 70 0 0
0 72 36 0
0 75 41 0
0 75 0 120
0 72 0 0
0 69 45 0
0 72 45 0
0 72 0 80
0 74 45 0
0 74 0 80
0 72 45 0
0 72 0 80
0 69 0 0
0 67 44 0
0 70 51 0
0 70 0 240
0 67 0 0
0 62 27 120
0 67 27 0
0 70 33 0
0 70 0 60
0 67 0 0
0 62 0 0
0 70 29 180
0 67 25 0
0 62 25 0
0 62 0 60
0 67 0 0
0 70 0 0
0 70 33 180
0 67 27 0
0 62 27 0
0 62 0 60
0 67 0 0
0 70 0 0
0 70 27 180
0 67 22 0
0 62 22 0
0 62 0 60
0 67 0 0
0 70 0 0
0 79 59 60
0 82 59 0
0 82 0 120
0 79 0 0
0 76 56 120
0 79 56 0
0 79 0 120
0 76 0 0
0 72 56 0
0 76 56 0
0 76 0 120
0 72 0 0
0 72 59 0
0 69 59 0
0 69 0 720
0 72 0 0
0 70 46 0
0 74 51 0
0 74 0 240
0 70 0 0
0 67 45 0
0 70 45 0
0 70 0 80
0 72 45 0
0 72 0 80
0 70 45 0
0 70 0 80
0 67 0 0
0 65 43 0
0 69 45 0
0 69 0 240
0 65 0 0
0 57 46 480
0 65 50 0
0 65 0 80
0 67 47 0
0 67 0 80
0 65 47 0
0 65 0 80
0 57 0 0
0 57 43 0
0 64 50 0
0 64 0 120
0 62 47 0
0 62 0 120
0 57 0 0
0 57 39 0
0 65 53 0
0 65 0 240
0 57 0 0
0 57 43 0
0 64 51 0
0 64 0 90
0 57 0 0
0 62 48 30
0 62 0 90
0 57 43 30
0 60 49 0
0 60 0 90
0 57 0 0
0 64 46 30
0 64 0 90
0 57 39 30
0 62 51 0
0 62 0 90
0 64 48 30
0 64 0 90
0 57 0 30
0 57 46 0
0 65 50 0
0 65 0 80
0 67 47 0
0 67 0 80
0 65 47 0
0 65 0 80
0 57 0 0
0 57 43 0
0 64 50 0
0 64 0 120
0 62 47 0
0 62 0 120
0 57 0 0
0 57 39 0
0 65 53 0
0 65 0 240
0 57 0 0
0 57 43 0
0 64 51 0
0 64 0 90
0 57 0 0
0 62 48 30
0 62 0 90
0 57 43 30
0 60 49 0
0 60 0 90
0 57 0 0
0 64 46 30
0 64 0 90
0 57 39 30
0 62 51 0
0 62 0 90
0 64 48 30
0 64 0 90
0 57 0 30
0 57 46 0
0 65 50 0
0 65 0 80
0 67 47 0
0 67 0 80
0 65 47 0
0 65 0 80
0 57 0 0
0 57 43 0
0 64 50 0
0 64 0 120
0 62 47 0
0 62 0 120
0 57 0 0
0 57 51 0
0 65 60 0
0 65 0 120
0 64 48 0
0 64 0 90
0 57 0 30
0 57 48 0
0 62 57 0
0 62 0 90
0 57 0 0
0 64 48 30
0 64 0 90
0 57 45 30
0 60 54 0
0 60 0 90
0 57 0 0
0 64 46 30
0 64 0 90
0 57 39 30
0 62 51 0
0 62 0 90
0 64 48 30
0 64 0 90
0 57 0 30
0 57 46 0
0 65 50 0
0 65 0 80
0 67 47 0
0 67 0 80
0 65 47 0
0 65 0 80
0 57 0 0
0 57 43 0
0 64 50 0
0 64 0 120
0 62 47 0
0 62 0 120
0 57 0 0
0 58 51 0
0 65 57 0
0 65 0 120
0 64 48 0
0 64 0 90
0 58 0 30
0 58 48 0
0 62 53 0
0 62 0 90
0 58 0 0
0 65 48 30
0 65 0 90
0 58 45 30
0 64 54 0
0 64 0 240
0 58 0 0
0 79 67 240
0 82 67 0
0 82 0 80
0 84 57 0
0 84 0 80
0 82 57 0
0 82 0 80
0 79 0 0
0 78 65 0
0 81 65 0
0 81 0 80
0 82 57 0
0 82 0 80
0 81 57 0
0 81 0 80
0 78 0 0
0 77 66 0
0 80 66 0
0 80 0 240
0 77 0 0
0 89 78 0
0 89 0 60
0 77 70 60
0 80 70 0
0 80 0 60
0 77 0 0
0 95 76 60
0 95 0 120
0 77 67 360
0 80 67 0
0 80 0 80
0 82 57 0
0 82 0 80
0 80 57 0
0 80 0 80
0 77 0 0
0 76 65 0
0 79 65 0
0 79 0 80
0 80 57 0
0 80 0 80
0 79 57 0
0 79 0 80
0 76 0 0
0 75 66 0
0 78 66 0
0 78 0 240
0 75 0 0
0 87 78 0
0 87 0 60
0 75 70 60
0 78 70 0
0 78 0 60
0 75 0 0
0 93 76 60
0 93 0 120
0 75 58 360
0 78 74 0
0 78 0 80
0 80 63 0
0 75 0 40
0 80 0 40
0 78 63 0
0 78 0 80
0 74 56 0
0 77 72 0
0 77 0 80
0 78 63 0
0 74 0 40
0 78 0 40
0 77 63 0
0 77 0 80
0 73 54 0
0 76 71 0
0 76 0 80
0 78 61 0
0 73 0 40
0 78 0 40
0 76 60 0
0 76 0 80
0 72 54 0
0 75 69 0
0 75 0 80
0 77 59 0
0 72 0 40
0 77 0 40
0 75 59 0
0 75 0 80
0 71 52 0
0 74 67 0
0 74 0 80
0 75 55 0
0 71 0 40
0 75 0 40
0 74 55 0
0 74 0 80
0 70 51 0
0 73 65 0
0 73 0 80
0 75 56 0
0 70 0 40
0 75 0 40
0 73 55 0
0 73 0 80
0 70 49 0
0 72 63 0
0 72 0 80
0 74 54 0
0 70 0 40
0 74 0 40
0 72 54 0
0 72 0 80
0 82 68 0
0 74 68 0
0 74 0 80
0 72 56 0
0 72 0 80
0 74 56 0
0 74 0 80
0 82 0 0
0 72 61 0
0 81 69 0
0 81 0 120
0 72 0 0
0 77 48 0
0 77 0 60
0 79 48 0
0 79 0 60
0 69 57 0
0 77 57 0
0 77 0 120
0 74 57 0
0 74 0 120
0 69 0 0
0 72 63 0
0 72 0 240
0 57 46 240
0 65 50 0
0 65 0 80
0 67 47 0
0 67 0 80
0 65 47 0
0 65 0 80
0 57 0 0
0 57 43 0
0 64 50 0
0 64 0 120
0 62 47 0
0 62 0 120
0 57 0 0
0 57 39 0
0 65 53 0
0 65 0 240
0 57 0 0
0 57 43 0
0 64 51 0
0 64 0 90
0 57 0 0
0 62 48 30
0 62 0 90
0 57 43 30
0 60 49 0
0 60 0 90
0 57 0 0
0 64 46 30
0 64 0 90
0 57 39 30
0 62 51 0
0 62 0 90
0 64 48 30
0 64 0 90
0 57 0 30
0 57 46 0
0 65 50 0
0 65 0 80
0 67 47 0
0 67 0 80
0 65 47 0
0 65 0 80
0 57 0 0
0 57 43 0
0 64 50 0
0 64 0 120
0 62 47 0
0 62 0 120
0 57 0 0
0 57 39 0
0 65 53 0
0 65 0 240
0 57 0 0
0 57 43 0
0 64 51 0
0 64 0 90
0 57 0 0
0 62 48 30
0 62 0 90
0 57 43 30
0 60 49 0
0 60 0 90
0 57 0 0
0 64 46 30
0 64 0 90
0 57 39 30
0 62 51 0
0 62 0 90
0 64 48 30
0 64 0 90
0 57 0 30
0 57 46 0
0 65 50 0
0 65 0 80
0 67 47 0
0 67 0 80
0 65 47 0
0 65 0 80
0 57 0 0
0 57 43 0
0 64 50 0
0 64 0 120
0 62 47 0
0 62 0 120
0 57 0 0
0 57 51 0
0 65 60 0
0 65 0 120
0 64 48 0
0 64 0 90
0 57 0 30
0 57 48 0
0 62 57 0
0 62 0 90
0 57 0 0
0 64 48 30
0 64 0 90
0 57 45 30
0 60 54 0
0 60 0 90
0 57 0 0
0 64 46 30
0 64 0 90
0 57 39 30
0 62 51 0
0 62 0 90
0 64 48 30
0 64 0 90
0 57 0 30
0 57 46 0
0 65 50 0
0 65 0 80
0 67 47 0
0 67 0 80
0 65 47 0
0 65 0 80
0 57 0 0
0 57 43 0
0 64 50 0
0 64 0 120
0 62 47 0
0 62 0 120
0 57 0 0
0 58 51 0
0 65 57 0
0 65 0 120
0 64 48 0
0 64 0 90
0 58 0 30
0 58 48 0
0 62 53 0
0 62 0 90
0 58 0 0
0 65 48 30
0 65 0 90
0 58 45 30
0 64 54 0
0 64 0 240
0 58 0 0
0 79 69 240
0 82 69 0
0 82 0 80
0 84 58 0
0 84 0 80
0 82 58 0
0 82 0 80
0 79 0 0
0 79 67 0
0 79 0 80
0 81 58 0
0 81 0 80
0 79 58 0
0 79 0 80
0 76 68 0
0 76 0 240
0 86 71 0
0 88 76 0
0 88 0 120
0 86 0 0
0 79 68 0
0 79 0 120
0 91 74 0
0 91 0 240
0 76 69 240
0 79 69 0
0 79 0 80
0 81 58 0
0 81 0 80
0 79 58 0
0 79 0 80
0 76 0 0
0 76 67 0
0 76 0 80
0 77 58 0
0 77 0 80
0 76 58 0
0 76 0 80
0 73 68 0
0 73 0 240
0 81 69 0
0 88 73 0
0 88 0 120
0 81 0 0
0 79 65 0
0 79 0 120
0 85 48 0
0 93 70 0
0 93 0 240
0 85 0 0
0 70 59 240
0 76 76 0
0 76 0 80
0 77 65 0
0 70 0 40
0 77 0 40
0 76 65 0
0 76 0 80
0 69 57 0
0 74 75 0
0 74 0 80
0 76 65 0
0 69 0 40
0 76 0 40
0 74 65 0
0 74 0 80
0 67 56 0
0 73 74 0
0 73 0 80
0 74 63 0
0 67 0 40
0 74 0 40
0 73 62 0
0 73 0 80
0 65 56 0
0 70 71 0
0 70 0 80
0 72 60 0
0 65 0 40
0 72 0 40
0 70 60 0
0 70 0 80
0 64 54 0
0 69 69 0
0 69 0 80
0 70 57 0
0 64 0 40
0 70 0 40
0 69 57 0
0 69 0 80
0 61 53 0
0 67 67 0
0 67 0 80
0 69 57 0
0 69 0 80
0 67 57 0
0 67 0 80
0 65 65 0
0 65 0 80
0 67 56 0
0 67 0 80
0 65 56 0
0 65 0 80
0 64 63 0
0 64 0 80
0 65 54 0
0 65 0 80
0 64 54 0
0 64 0 80
0 61 0 0
0 74 68 240
0 77 68 0
0 81 68 0
0 81 0 120
0 77 0 0
0 74 0 0
0 69 60 0
0 69 0 120
0 75 39 480
0 81 50 0
0 81 0 80
0 82 47 0
0 82 0 80
0 81 47 0
0 81 0 80
0 79 50 0
0 79 0 120
0 78 47 0
0 78 0 120
0 75 0 0
0 74 39 0
0 81 53 0
0 81 0 240
0 74 0 0
0 74 39 0
0 79 51 0
0 79 0 90
0 77 48 30
0 77 0 90
0 76 49 30
0 76 0 90
0 77 46 30
0 77 0 90
0 74 0 30
0 73 39 0
0 76 51 0
0 76 0 90
0 77 48 30
0 77 0 90
0 73 0 30
0 73 46 0
0 79 50 0
0 79 0 80
0 81 47 0
0 81 0 80
0 79 47 0
0 79 0 80
0 73 0 0
0 73 43 0
0 77 50 0
0 77 0 120
0 76 47 0
0 76 0 120
0 73 0 0
0 73 39 0
0 79 53 0
0 79 0 240
0 76 51 0
0 76 0 90
0 77 48 30
0 77 0 90
0 73 0 30
0 69 43 0
0 74 49 0
0 74 0 240
0 69 0 0
0 75 39 240
0 81 50 0
0 81 0 80
0 82 47 0
0 82 0 80
0 81 47 0
0 81 0 80
0 79 50 0
0 79 0 120
0 78 47 0
0 78 0 120
0 75 0 0
0 74 39 0
0 81 53 0
0 81 0 240
0 74 0 0
0 74 39 0
0 79 51 0
0 79 0 90
0 77 48 30
0 77 0 90
0 76 49 30
0 76 0 90
0 77 46 30
0 77 0 90
0 74 0 30
0 73 39 0
0 76 51 0
0 76 0 90
0 77 48 30
0 77 0 90
0 73 0 30
0 73 46 0
0 79 50 0
0 79 0 80
0 81 47 0
0 81 0 80
0 79 47 0
0 79 0 80
0 73 0 0
0 73 43 0
0 77 50 0
0 77 0 120
0 76 47 0
0 76 0 120
0 73 0 0
0 73 39 0
0 79 53 0
0 79 0 240
0 76 51 0
0 76 0 90
0 77 48 30
0 77 0 90
0 73 0 30
0 69 43 0
0 74 49 0
0 74 0 240
0 69 0 0
0 75 57 240
0 81 57 0
0 81 0 80
0 82 48 0
0 82 0 80
0 81 48 0
0 81 0 80
0 75 0 0
0 79 55 0
0 79 0 120
0 78 48 0
0 78 0 120
0 75 56 0
0 81 56 0
0 81 0 120
0 75 0 0
0 81 59 120
0 87 59 0
0 87 0 120
0 81 0 0
0 75 57 0
0 75 0 120
0 93 63 0
0 93 0 120
0 75 60 360
0 81 60 0
0 81 0 80
0 82 51 0
0 82 0 80
0 81 51 0
0 81 0 80
0 75 0 0
0 79 58 0
0 79 0 120
0 78 51 0
0 78 0 120
0 75 59 0
0 81 59 0
0 81 0 120
0 75 0 0
0 81 63 120
0 87 63 0
0 87 0 120
0 81 0 0
0 75 57 0
0 75 0 120
0 93 65 0
0 93 0 120
0 75 63 360
0 81 63 0
0 81 0 80
0 82 53 0
0 82 0 80
0 81 53 0
0 81 0 80
0 75 0 0
0 79 60 0
0 79 0 120
0 78 53 0
0 78 0 120
0 75 60 0
0 81 60 0
0 81 0 120
0 75 0 0
0 75 64 120
0 81 64 0
0 81 0 80
0 82 54 0
0 82 0 80
0 81 53 0
0 81 0 80
0 75 0 0
0 79 60 0
0 79 0 120
0 78 52 0
0 78 0 120
0 75 60 0
0 81 60 0
0 81 0 120
0 75 0 0
0 75 74 120
0 81 74 0
0 81 0 80
0 83 65 0
0 83 0 80
0 81 66 0
0 81 0 80
0 75 0 0
0 80 72 0
0 80 0 120
0 81 67 0
0 81 0 120
0 75 83 0
0 81 83 0
0 87 83 0
0 87 0 120
0 81 0 0
0 75 0 0
0 87 81 120
0 93 81 0
0 93 0 80
0 95 71 0
0 95 0 80
0 93 72 0
0 93 0 80
0 87 0 0
0 92 79 0
0 92 0 120
0 93 73 0
0 93 0 90
0 93 74 0
0 97 78 15
0 100 95 15
0 100 0 210
0 97 0 0
0 93 0 0
0 81 38 0
0 85 39 15
0 88 45 15
0 88 0 210
0 85 0 0
0 81 0 0
0 81 40 0
0 85 41 15
0 88 45 15
0 88 0 210
0 85 0 0
0 81 0 0
0 81 41 0
0 85 41 15
0 88 45 15
0 88 0 210
0 85 0 0
0 81 0 0
0 81 40 0
0 85 40 15
0 88 45 15
0 88 0 210
0 85 0 0
0 81 0 0
0 81 39 0
0 85 40 15
0 88 45 15
0 76 34 195
0 88 0 15
0 81 0 0
0 85 0 0
0 80 34 0
0 86 39 15
0 88 45 15
0 88 0 195
0 76 0 0
0 80 0 0
0 86 0 0
0 76 34 0
0 80 34 15
0 86 39 15
0 88 45 15
0 88 0 195
0 76 0 0
0 80 0 0
0 86 0 0
0 76 34 0
0 80 34 15
0 86 39 15
0 88 45 15
0 88 0 195
0 76 0 0
0 80 0 0
0 86 0 0
0 76 34 0
0 80 34 15
0 86 39 15
0 88 45 15
0 88 0 195
0 76 0 0
0 80 0 0
0 86 0 0
0 76 34 0
0 80 34 15
0 86 39 15
0 88 45 15
0 88 0 195
0 76 0 0
0 80 0 0
0 86 0 0
0 76 34 0
0 80 34 15
0 86 39 15
0 88 45 15
0 88 0 210
0 76 0 0
0 80 0 0
0 86 0 0
0 80 34 0
0 86 39 15
0 88 45 15
0 88 0 210
0 86 0 0
0 80 0 0
0 80 34 0
0 86 39 15
0 88 45 15
0 88 0 210
0 86 0 0
0 80 0 0
0 80 34 0
0 86 39 15
0 88 45 15
0 88 0 210
0 86 0 0
0 80 0 0
0 80 34 0
0 86 39 15
0 88 45 15
0 88 0 210
0 86 0 0
0 80 0 0
0 80 34 0
0 86 39 15
0 88 45 15
0 88 0 210
0 86 0 0
0 80 0 0
0 80 34 0
0 86 39 15
0 88 45 15
0 88 0 210
0 86 0 0
0 80 0 0
0 81 41 0
0 85 41 15
0 88 45 15
0 88 0 210
0 85 0 0
0 81 0 0
0 81 40 0
0 85 40 15
0 88 45 15
0 88 0 210
0 85 0 0
0 81 0 0
0 81 39 0
0 85 40 15
0 88 45 15
0 88 0 210
0 85 0 0
0 81 0 0
0 81 41 0
0 85 41 15
0 88 45 15
0 88 0 210
0 85 0 0
0 81 0 0
0 81 40 0
0 85 40 15
0 88 45 15
0 88 0 210
0 85 0 0
0 81 0 0
0 81 39 0
0 85 40 15
0 88 45 15
0 88 0 210
0 85 0 0
0 81 0 0
0 80 41 0
0 86 41 15
0 88 45 15
0 88 0 210
0 86 0 0
0 80 0 0
0 80 40 0
0 86 40 15
0 88 45 15
0 88 0 210
0 86 0 0
0 80 0 0
0 80 39 0
0 86 40 15
0 88 45 15
0 88 0 210
0 86 0 0
0 80 0 0
0 80 34 0
0 86 39 15
0 88 45 15
0 88 0 210
0 86 0 0
0 80 0 0
0 80 34 0
0 86 39 15
0 88 45 15
0 88 0 210
0 86 0 0
0 80 0 0
0 80 34 0
0 86 39 15
0 88 45 15
0 88 0 210
0 86 0 0
0 80 0 0
0 80 34 0
0 86 39 15
0 88 45 15
0 88 0 210
0 86 0 0
0 80 0 0
0 80 34 0
0 86 39 15
0 88 45 15
0 88 0 210
0 86 0 0
0 80 0 0
0 80 34 0
0 86 39 15
0 88 45 15
0 88 0 210
0 86 0 0
0 80 0 0
0 80 34 0
0 86 39 15
0 88 45 15
0 88 0 210
0 86 0 0
0 80 0 0
0 80 34 0
0 86 39 15
0 88 45 15
0 88 0 210
0 86 0 0
0 80 0 0
0 80 34 0
0 86 39 15
0 88 45 15
0 88 0 210
0 86 0 0
0 80 0 0
0 81 34 0
0 85 39 15
0 88 45 15
0 88 0 210
0 85 0 0
0 81 0 0
0 81 34 0
0 85 39 15
0 88 45 15
0 88 0 210
0 85 0 0
0 81 0 0
0 81 34 0
0 85 39 15
0 88 45 15
0 88 0 210
0 85 0 0
0 81 0 0
0 81 34 0
0 85 39 15
0 88 45 15
0 88 0 210
0 85 0 0
0 81 0 0
0 81 34 0
0 85 39 15
0 88 45 15
0 88 0 210
0 85 0 0
0 81 0 0
0 81 34 0
0 85 39 15
0 88 45 15
0 88 0 210
0 85 0 0
0 81 0 0
0 81 41 0
0 85 41 15
0 88 45 15
0 88 0 210
0 85 0 0
0 81 0 0
0 81 41 0
0 85 41 15
0 88 46 15
0 88 0 210
0 85 0 0
0 81 0 0
0 81 41 0
0 85 42 15
0 88 48 15
0 88 0 210
0 85 0 0
0 81 0 0
0 81 41 0
0 85 41 15
0 88 45 15
0 88 0 210
0 85 0 0
0 81 0 0
0 81 40 0
0 85 40 15
0 88 45 15
0 88 0 210
0 85 0 0
0 81 0 0
0 81 39 0
0 85 40 15
0 88 45 15
0 88 0 195
0 85 0 0
0 81 0 0
0 76 34 0
0 80 34 15
0 86 39 15
0 88 45 15
0 88 0 195
0 76 0 0
0 80 0 0
0 86 0 0
0 76 34 0
0 80 34 15
0 86 39 15
0 88 45 15
0 88 0 195
0 76 0 0
0 80 0 0
0 86 0 0
0 76 34 0
0 80 34 15
0 86 39 15
0 88 45 15
0 88 0 195
0 76 0 0
0 80 0 0
0 86 0 0
0 76 34 0
0 80 34 15
0 86 39 15
0 88 45 15
0 88 0 195
0 76 0 0
0 80 0 0
0 86 0 0
0 76 34 0
0 80 34 15
0 86 39 15
0 88 45 15
0 88 0 195
0 76 0 0
0 80 0 0
0 86 0 0
0 76 34 0
0 80 34 15
0 86 39 15
0 88 45 15
0 88 0 195
0 76 0 0
0 80 0 0
0 86 0 0
0 76 34 0
0 80 34 15
0 86 39 15
0 88 45 15
0 88 0 195
0 76 0 0
0 80 0 0
0 86 0 0
0 76 34 0
0 80 34 15
0 86 39 15
0 88 45 15
0 88 0 195
0 76 0 0
0 80 0 0
0 86 0 0
0 76 34 0
0 80 34 15
0 86 39 15
0 88 45 15
0 88 0 195
0 76 0 0
0 80 0 0
0 86 0 0
0 76 34 0
0 80 34 15
0 86 39 15
0 88 45 15
0 88 0 195
0 76 0 0
0 80 0 0
0 86 0 0
0 76 34 0
0 80 34 15
0 86 39 15
0 88 45 15
0 88 0 195
0 76 0 0
0 80 0 0
0 86 0 0
0 76 34 0
0 80 34 15
0 86 39 15
0 88 45 15
0 88 0 195
0 76 0 0
0 80 0 0
0 86 0 0
0 76 34 0
0 81 34 15
0 85 39 15
0 88 45 15
0 88 0 195
0 76 0 0
0 81 0 0
0 85 0 0
0 76 34 0
0 81 34 15
0 85 39 15
0 88 45 15
0 88 0 195
0 76 0 0
0 81 0 0
0 85 0 0
0 76 34 0
0 81 34 15
0 85 39 15
0 88 45 15
0 88 0 195
0 76 0 0
0 81 0 0
0 85 0 0
0 76 34 0
0 81 34 15
0 85 39 15
0 88 44 15
0 88 0 195
0 76 0 0
0 81 0 0
0 85 0 0
0 76 31 0
0 81 31 15
0 85 36 15
0 88 41 15
0 88 0 195
0 76 0 0
0 81 0 0
0 85 0 0
0 76 29 0
0 81 29 15
0 85 33 15
0 88 38 15
0 88 0 195
0 76 0 0
0 81 0 0
0 85 0 0
0 76 27 0
0 81 27 15
0 84 31 15
0 88 36 15
0 88 0 195
0 76 0 0
0 81 0 0
0 84 0 0
0 76 27 0
0 81 27 15
0 84 31 15
0 88 36 15
0 88 0 195
0 76 0 0
0 81 0 0
0 84 0 0
0 76 27 0
0 81 27 15
0 84 31 15
0 88 36 15
0 88 0 195
0 76 0 0
0 81 0 0
0 84 0 0
0 76 27 0
0 81 27 15
0 84 31 15
0 88 36 15
0 88 0 195
0 76 0 0
0 81 0 0
0 84 0 0
0 76 27 0
0 81 27 15
0 84 31 15
0 88 36 15
0 88 0 195
0 76 0 0
0 81 0 0
0 84 0 0
0 76 27 0
0 81 27 15
0 84 31 15
0 88 36 15
0 88 0 195
0 76 0 0
0 81 0 0
0 84 0 0
0 68 51 285
0 71 54 0
0 74 72 0
0 74 0 80
0 76 60 0
0 76 0 80
0 74 59 0
0 74 0 80
0 71 0 0
0 68 0 0
0 71 54 0
0 68 68 0
0 73 68 0
0 73 0 90
0 68 0 0
0 71 0 30
0 80 51 120
0 83 53 0
0 86 72 0
0 86 0 80
0 88 61 0
0 88 0 80
0 86 61 0
0 86 0 80
0 83 0 0
0 80 0 0
0 83 61 0
0 80 62 0
0 85 68 0
0 85 0 90
0 80 0 0
0 83 0 0
0 92 51 150
0 95 53 0
0 98 72 0
0 98 0 80
0 100 60 0
0 100 0 80
0 98 61 0
0 98 0 80
0 95 0 0
0 92 0 0
0 95 62 0
0 92 64 0
0 97 71 0
0 97 0 90
0 92 0 0
0 95 0 0
0 80 53 150
0 83 55 0
0 86 75 0
0 86 0 80
0 88 65 0
0 88 0 80
0 86 67 0
0 86 0 80
0 83 0 0
0 80 0 0
0 83 59 0
0 80 59 0
0 85 71 0
0 85 0 90
0 80 0 0
0 83 0 0
0 67 57 150
0 70 59 0
0 74 81 0
0 74 0 80
0 76 72 0
0 76 0 80
0 74 72 0
0 74 0 80
0 70 0 0
0 67 0 0
0 70 70 0
0 67 70 0
0 72 77 0
0 72 0 90
0 67 0 0
0 70 0 0
0 84 84 150
0 88 84 0
0 96 84 0
0 94 84 0
0 94 0 240
0 84 0 0
0 88 0 0
0 96 0 0
0 69 71 0
0 77 87 0
0 77 0 240
0 69 0 0
0 69 71 0
0 76 77 0
0 76 0 80
0 77 66 0
0 77 0 80
0 76 67 0
0 76 0 80
0 69 0 0
0 69 67 0
0 74 77 0
0 74 0 120
0 76 70 0
0 76 0 120
0 69 0 0
0 69 58 0
0 77 79 0
0 77 0 120
0 74 71 0
0 74 0 120
0 69 0 0
0 69 67 0
0 76 78 0
0 76 0 90
0 69 0 0
0 69 67 150
0 72 75 0
0 72 0 90
0 69 0 0
0 69 68 150
0 77 83 0
0 77 0 240
0 69 0 0
0 69 68 0
0 76 74 0
0 76 0 80
0 77 67 0
0 77 0 80
0 76 67 0
0 76 0 80
0 69 0 0
0 69 64 0
0 74 74 0
0 74 0 120
0 76 69 0
0 76 0 120
0 69 0 0
0 69 56 0
0 77 76 0
0 77 0 120
0 74 67 0
0 74 0 120
0 69 0 0
0 69 64 0
0 76 75 0
0 76 0 90
0 69 0 0
0 69 64 150
0 72 72 0
0 72 0 90
0 69 0 0
0 69 59 150
0 74 77 0
0 74 0 120
0 76 72 0
0 76 0 120
0 69 0 0
0 69 48 0
0 72 75 0
0 72 0 210
0 69 0 0
0 69 56 30
0 74 72 0
0 74 0 120
0 76 73 0
0 76 0 120
0 69 0 0
0 69 59 0
0 77 76 0
0 77 0 210
0 69 0 0
0 69 59 30
0 74 77 0
0 74 0 120
0 76 72 0
0 76 0 120
0 69 0 0
0 69 48 0
0 72 68 0
0 72 0 210
0 69 0 0
0 69 50 30
0 74 78 0
0 74 0 120
0 76 71 0
0 76 0 120
0 69 0 0
0 69 45 0
0 72 74 0
0 72 0 210
0 69 0 0
0 69 55 30
0 74 71 0
0 74 0 120
0 76 73 0
0 76 0 120
0 69 0 0
0 69 59 0
0 79 77 0
0 79 0 120
0 77 71 0
0 77 0 120
0 69 0 0
0 69 59 0
0 74 76 0
0 74 0 120
0 76 72 0
0 76 0 120
0 69 0 0
0 69 49 0
0 72 68 0
0 72 0 240
0 69 0 0
0 58 35 240
0 62 41 0
0 65 46 0
0 65 0 120
0 62 0 0
0 58 0 0
0 55 40 0
0 55 0 120
0 70 41 240
0 74 41 0
0 77 46 0
0 77 0 120
0 74 0 0
0 70 0 0
0 67 38 0
0 67 0 120
0 89 46 240
0 86 41 0
0 82 41 0
0 82 0 120
0 86 0 0
0 89 0 0
0 79 43 0
0 79 0 120
0 82 48 240
0 77 42 0
0 77 0 60
0 82 0 0
0 82 48 60
0 77 42 0
0 77 0 60
0 82 0 0
0 89 51 60
0 82 46 0
0 82 0 120
0 89 0 0
0 82 49 120
0 77 44 0
0 77 0 120
0 82 0 0
0 89 51 120
0 82 46 0
0 82 0 120
0 89 0 0
0 82 49 120
0 77 44 0
0 77 0 120
0 82 0 0
0 58 41 360
0 62 41 0
0 65 46 0
0 65 0 120
0 62 0 0
0 58 0 0
0 55 38 0
0 55 0 120
0 70 41 240
0 74 41 0
0 77 46 0
0 77 0 120
0 74 0 0
0 70 0 0
0 67 39 0
0 67 0 120
0 89 46 240
0 86 41 0
0 82 41 0
0 82 0 120
0 86 0 0
0 89 0 0
0 79 38 0
0 79 0 120
0 79 42 240
0 86 48 0
0 82 42 0
0 82 0 60
0 86 0 0
0 79 0 0
0 79 42 60
0 86 48 0
0 82 42 0
0 82 0 60
0 86 0 0
0 79 0 0
0 79 46 60
0 91 51 0
0 82 46 0
0 82 0 120
0 91 0 0
0 79 0 0
0 86 48 120
0 82 42 0
0 79 42 0
0 79 0 60
0 82 0 0
0 86 0 0
0 82 42 60
0 79 42 0
0 86 48 0
0 86 0 60
0 79 0 0
0 82 0 0
0 79 46 60
0 82 46 0
0 91 51 0
0 91 0 120
0 82 0 0
0 79 0 0
0 79 44 120
0 82 44 0
0 84 49 0
0 84 0 120
0 82 0 0
0 79 0 0
0 69 73 120
0 77 89 0
0 77 0 240
0 69 0 0
0 69 73 0
0 76 79 0
0 76 0 80
0 77 69 0
0 77 0 80
0 76 69 0
0 76 0 80
0 69 0 0
0 69 69 0
0 74 79 0
0 74 0 120
0 76 69 0
0 76 0 120
0 69 0 0
0 69 60 0
0 77 81 0
0 77 0 120
0 74 72 0
0 74 0 120
0 69 0 0
0 69 69 0
0 76 80 0
0 76 0 90
0 69 0 0
0 69 69 150
0 72 77 0
0 72 0 90
0 69 0 0
0 69 70 150
0 77 85 0
0 77 0 240
0 69 0 0
0 69 70 0
0 76 76 0
0 76 0 80
0 77 68 0
0 77 0 80
0 76 68 0
0 76 0 80
0 69 0 0
0 69 66 0
0 74 76 0
0 74 0 120
0 76 69 0
0 76 0 120
0 69 0 0
0 69 58 0
0 77 78 0
0 77 0 120
0 74 71 0
0 74 0 120
0 69 0 0
0 69 66 0
0 76 77 0
0 76 0 90
0 69 0 0
0 69 66 150
0 72 74 0
0 72 0 90
0 69 0 0
0 69 61 150
0 74 79 0
0 74 0 120
0 76 74 0
0 76 0 120
0 69 0 0
0 69 49 0
0 72 77 0
0 72 0 210
0 69 0 0
0 69 58 30
0 74 74 0
0 74 0 120
0 76 75 0
0 76 0 120
0 69 0 0
0 69 61 0
0 77 78 0
0 77 0 210
0 69 0 0
0 69 61 30
0 74 79 0
0 74 0 120
0 76 74 0
0 76 0 120
0 69 0 0
0 69 49 0
0 72 77 0
0 72 0 210
0 69 0 0
0 69 52 30
0 74 80 0
0 74 0 120
0 76 73 0
0 76 0 120
0 69 0 0
0 69 46 0
0 72 76 0
0 72 0 210
0 69 0 0
0 69 57 30
0 74 73 0
0 74 0 120
0 76 75 0
0 76 0 120
0 69 0 0
0 69 61 0
0 79 79 0
0 79 0 120
0 77 73 0
0 77 0 120
0 69 0 0
0 69 61 0
0 74 78 0
0 74 0 120
0 76 74 0
0 76 0 120
0 69 0 0
0 69 51 0
0 72 70 0
0 72 0 240
0 69 0 0
0 58 56 240
0 62 66 0
0 65 74 0
0 65 0 120
0 62 0 0
0 58 0 0
0 55 69 0
0 55 0 120
0 70 66 240
0 74 66 0
0 77 74 0
0 77 0 120
0 74 0 0
0 70 0 0
0 67 65 0
0 67 0 120
0 89 74 240
0 86 66 0
0 82 66 0
0 82 0 120
0 86 0 0
0 89 0 0
0 79 67 0
0 79 0 120
0 82 82 240
0 77 72 0
0 77 0 60
0 82 0 0
0 82 82 60
0 77 72 0
0 77 0 60
0 82 0 0
0 89 87 60
0 82 78 0
0 82 0 120
0 89 0 0
0 82 84 120
0 77 75 0
0 77 0 120
0 82 0 0
0 89 87 120
0 82 78 0
0 82 0 120
0 89 0 0
0 82 84 120
0 77 75 0
0 77 0 120
0 82 0 0
0 58 66 360
0 62 66 0
0 65 74 0
0 65 0 120
0 62 0 0
0 58 0 0
0 55 67 0
0 55 0 120
0 70 66 240
0 74 66 0
0 77 74 0
0 77 0 120
0 74 0 0
0 70 0 0
0 67 69 0
0 67 0 120
0 89 72 240
0 86 66 0
0 82 66 0
0 82 0 120
0 86 0 0
0 89 0 0
0 79 68 0
0 79 0 120
0 79 72 240
0 86 82 0
0 82 72 0
0 82 0 60
0 86 0 0
0 79 0 0
0 79 72 60
0 86 82 0
0 82 72 0
0 82 0 60
0 86 0 0
0 79 0 0
0 79 78 60
0 91 87 0
0 82 78 0
0 82 0 120
0 91 0 0
0 79 0 0
0 86 82 120
0 82 72 0
0 79 72 0
0 79 0 60
0 82 0 0
0 86 0 0
0 82 72 60
0 79 72 0
0 86 82 0
0 86 0 60
0 79 0 0
0 82 0 0
0 79 78 60
0 82 78 0
0 91 87 0
0 91 0 120
0 82 0 0
0 79 0 0
0 79 75 120
0 82 75 0
0 84 84 0
0 84 0 120
0 82 0 0
0 79 0 0
0 69 54 120
0 77 54 0
0 81 54 0
0 79 45 120
0 79 0 60
0 69 0 0
0 77 0 0
0 81 0 0
0 81 45 0
0 81 0 60
0 79 53 0
0 79 0 120
0 77 49 0
0 77 0 120
0 69 46 0
0 69 0 120
0 77 46 0
0 77 0 120
0 81 51 0
0 81 0 120
0 79 47 0
0 79 0 120
0 77 53 0
0 77 0 120
0 69 45 0
0 69 0 120
0 65 48 0
0 65 0 120
0 69 44 0
0 69 0 120
0 77 57 0
0 81 57 0
0 79 51 120
0 79 0 60
0 81 0 0
0 77 0 0
0 81 51 0
0 81 0 60
0 79 57 0
0 79 0 120
0 77 55 0
0 77 0 120
0 69 51 0
0 69 0 120
0 77 53 0
0 77 0 120
0 81 60 0
0 81 0 120
0 79 56 0
0 79 0 120
0 77 62 0
0 77 0 120
0 69 49 0
0 69 0 120
0 65 57 0
0 65 0 120
0 69 51 0
0 69 0 120
0 69 66 0
0 77 66 0
0 81 66 0
0 79 58 120
0 79 0 60
0 69 0 0
0 77 0 0
0 81 0 0
0 81 59 0
0 81 0 60
0 79 67 0
0 79 0 120
0 77 64 0
0 77 0 120
0 69 59 0
0 69 0 120
0 77 61 0
0 77 0 120
0 74 70 0
0 77 70 0
0 81 70 0
0 79 61 120
0 79 0 60
0 74 0 0
0 77 0 0
0 81 0 0
0 81 61 0
0 81 0 60
0 79 71 0
0 79 0 120
0 77 60 0
0 77 0 120
0 69 63 0
0 69 0 120
0 67 58 0
0 67 0 120
0 65 57 0
0 69 57 0
0 74 78 0
0 74 0 120
0 72 70 0
0 72 0 120
0 69 0 0
0 65 0 0
0 69 61 0
0 72 61 0
0 79 82 0
0 79 0 120
0 77 75 0
0 77 0 120
0 72 0 0
0 69 0 0
0 77 63 0
0 81 63 0
0 86 85 0
0 86 0 120
0 84 75 0
0 84 0 120
0 81 0 0
0 77 0 0
0 76 75 0
0 82 75 0
0 86 100 0
0 86 0 120
0 84 83 0
0 84 0 120
0 82 0 0
0 76 0 0
0 94 74 0
0 88 74 0
0 98 99 0
0 98 0 120
0 96 80 0
0 96 0 120
0 88 0 0
0 94 0 0
0 82 74 0
0 76 74 0
0 86 99 0
0 86 0 120
0 84 79 0
0 84 0 120
0 76 0 0
0 82 0 0
0 69 54 0
0 77 54 0
0 81 54 0
0 79 48 120
0 79 0 60
0 69 0 0
0 77 0 0
0 81 0 0
0 81 48 0
0 81 0 60
0 79 53 0
0 79 0 120
0 77 49 0
0 77 0 120
0 69 46 0
0 69 0 120
0 77 46 0
0 77 0 120
0 81 51 0
0 81 0 120
0 79 47 0
0 79 0 120
0 77 53 0
0 77 0 120
0 69 45 0
0 69 0 120
0 65 48 0
0 65 0 120
0 69 43 0
0 69 0 120
0 77 57 0
0 81 57 0
0 79 51 120
0 79 0 60
0 81 0 0
0 77 0 0
0 81 51 0
0 81 0 60
0 79 57 0
0 79 0 120
0 77 55 0
0 77 0 120
0 69 51 0
0 69 0 120
0 77 53 0
0 77 0 120
0 81 60 0
0 81 0 120
0 79 56 0
0 79 0 120
0 77 62 0
0 77 0 120
0 69 52 0
0 69 0 120
0 65 57 0
0 65 0 120
0 69 50 0
0 69 0 120
0 69 66 0
0 77 66 0
0 81 66 0
0 79 58 120
0 79 0 60
0 69 0 0
0 77 0 0
0 81 0 0
0 81 56 0
0 81 0 60
0 79 67 0
0 79 0 120
0 77 64 0
0 77 0 120
0 69 59 0
0 69 0 120
0 77 61 0
0 77 0 120
0 74 70 0
0 77 70 0
0 81 70 0
0 79 63 120
0 79 0 60
0 74 0 0
0 77 0 0
0 81 0 0
0 81 63 0
0 81 0 60
0 79 71 0
0 79 0 120
0 77 63 0
0 77 0 120
0 69 63 0
0 69 0 120
0 67 57 0
0 67 0 120
0 65 57 0
0 69 57 0
0 74 78 0
0 74 0 120
0 72 69 0
0 72 0 120
0 69 0 0
0 65 0 0
0 69 61 0
0 72 61 0
0 79 82 0
0 79 0 120
0 77 73 0
0 77 0 120
0 72 0 0
0 69 0 0
0 77 63 0
0 81 63 0
0 86 85 0
0 86 0 120
0 84 76 0
0 84 0 120
0 81 0 0
0 77 0 0
0 76 75 0
0 82 75 0
0 86 100 0
0 86 0 120
0 84 77 0
0 84 0 120
0 82 0 0
0 76 0 0
0 94 74 0
0 88 74 0
0 98 99 0
0 98 0 120
0 96 80 0
0 96 0 120
0 88 0 0
0 94 0 0
0 82 74 0
0 76 74 0
0 86 99 0
0 86 0 120
0 84 76 0
0 84 0 120
0 76 0 0
0 82 0 0
0 56 60 240
0 61 73 0
0 65 80 0
0 65 0 120
0 61 0 0
0 56 0 0
0 53 71 0
0 53 0 120
0 68 73 240
0 73 73 0
0 77 80 0
0 77 0 120
0 73 0 0
0 68 0 0
0 65 71 0
0 65 0 120
0 89 79 240
0 85 72 0
0 80 72 0
0 80 0 120
0 85 0 0
0 89 0 0
0 77 72 0
0 77 0 120
0 89 81 240
0 83 71 0
0 83 0 60
0 89 0 0
0 89 81 60
0 83 71 0
0 83 0 60
0 89 0 0
0 95 85 60
0 89 76 0
0 89 0 120
0 95 0 0
0 89 82 120
0 83 73 0
0 83 0 120
0 89 0 0
0 95 85 120
0 89 76 0
0 89 0 120
0 95 0 0
0 89 82 120
0 83 73 0
0 83 0 120
0 89 0 0
0 56 60 360
0 61 73 0
0 65 80 0
0 65 0 120
0 61 0 0
0 56 0 0
0 53 71 0
0 53 0 120
0 68 73 240
0 73 73 0
0 77 80 0
0 77 0 120
0 73 0 0
0 68 0 0
0 65 71 0
0 65 0 120
0 89 80 240
0 85 73 0
0 80 73 0
0 80 0 120
0 85 0 0
0 89 0 0
0 77 73 0
0 77 0 120
0 89 90 240
0 83 79 0
0 83 0 60
0 89 0 0
0 89 81 60
0 83 71 0
0 83 0 60
0 89 0 0
0 95 85 60
0 89 76 0
0 89 0 120
0 95 0 0
0 89 82 120
0 83 73 0
0 83 0 120
0 89 0 0
0 95 85 120
0 89 76 0
0 89 0 120
0 95 0 0
0 89 82 120
0 83 73 0
0 83 0 120
0 89 0 0
0 89 76 120
0 96 78 0
0 101 90 0
0 101 0 60
0 96 0 0
0 89 0 0
0 91 69 60
0 91 0 60
0 93 70 0
0 93 0 60
0 91 75 0
0 91 0 120
0 89 68 0
0 89 0 120
0 86 72 0
0 86 0 120
0 79 62 240
0 79 0 60
0 81 63 0
0 81 0 60
0 79 69 0
0 79 0 120
0 77 68 0
0 77 0 120
0 74 72 0
0 74 0 120
0 67 62 240
0 67 0 60
0 69 63 0
0 69 0 60
0 67 69 0
0 67 0 120
0 65 68 0
0 65 0 120
0 62 72 0
0 62 0 120
0 55 63 240
0 55 0 60
0 57 63 0
0 57 0 60
0 55 70 0
0 55 0 120
0 53 67 0
0 53 0 120
0 48 73 0
0 48 0 120
0 65 68 795
0 70 74 15
0 73 79 15
0 77 87 15
0 77 0 720
0 65 0 0
0 70 0 0
0 73 0 0
0 89 101 0
0 84 85 0
0 81 85 0
0 77 85 0
0 77 0 720
0 89 0 0
0 84 0 0
0 81 0 0
0 93 107 240
0 89 107 0
0 84 91 0
0 81 91 0
0 81 0 120
0 93 0 0
0 89 0 0
0 84 0 0
0 53 107 120
0 53 0 240
0 53 42 0
0 60 42 0
0 65 42 0
0 65 0 233
0 60 0 0
0 53 0 0
0 64 37 0
0 64 0 34
0 65 35 0
0 65 0 80
0 64 35 0
0 64 0 80
0 62 37 0
0 62 0 81
0 64 35 0
0 64 0 120
0 65 40 0
0 65 0 35
0 62 36 0
0 62 0 120
0 64 38 0
0 64 0 81
0 60 32 150
0 60 0 90
0 60 42 150
0 53 42 0
0 65 42 0
0 65 0 187
0 53 0 0
0 60 0 0
0 64 37 0
0 64 0 34
0 65 35 0
0 65 0 80
0 64 35 0
0 64 0 80
0 62 37 0
0 62 0 81
0 64 35 0
0 64 0 120
0 65 40 0
0 65 0 35
0 62 36 0
0 62 0 120
0 64 38 0
0 64 0 69
0 60 32 150
0 60 0 90
0 62 44 150
0 62 0 56
0 64 39 0
0 64 0 120
0 60 36 0
0 60 0 205
0 62 44 30
0 62 0 49
0 64 45 0
0 64 0 120
0 65 48 0
0 65 0 204
0 62 44 30
0 62 0 49
0 64 39 0
0 64 0 120
0 60 32 0
0 60 0 185
0 62 42 30
0 62 0 56
0 64 38 0
0 64 0 120
0 60 31 0
0 60 0 201
0 62 36 30
0 62 0 49
0 64 38 0
0 64 0 120
0 67 43 0
0 67 0 56
0 65 38 0
0 65 0 120
0 62 42 0
0 62 0 28
0 64 40 0
0 64 0 120
0 60 36 0
0 60 0 113
0 64 38 0
0 57 38 0
0 69 44 0
0 69 0 176
0 57 0 0
0 64 0 0
0 68 38 0
0 68 0 34
0 69 36 0
0 69 0 80
0 68 36 0
0 68 0 80
0 66 38 0
0 66 0 81
0 68 36 0
0 68 0 120
0 69 42 0
0 69 0 35
0 66 37 0
0 66 0 120
0 68 39 0
0 68 0 76
0 64 37 150
0 64 0 90
0 64 38 150
0 57 38 0
0 69 44 0
0 69 0 194
0 57 0 0
0 64 0 0
0 68 38 0
0 68 0 34
0 69 36 0
0 69 0 80
0 68 36 0
0 68 0 80
0 66 38 0
0 66 0 81
0 68 36 0
0 68 0 120
0 69 42 0
0 69 0 35
0 66 37 0
0 66 0 120
0 68 39 0
0 68 0 74
0 64 37 150
0 64 0 90
0 66 46 150
0 66 0 77
0 68 40 0
0 68 0 120
0 64 37 0
0 64 0 199
0 66 46 30
0 66 0 49
0 68 47 0
0 68 0 120
0 69 50 0
0 69 0 118
0 66 46 30
0 66 0 21
0 68 40 0
0 68 0 120
0 64 33 0
0 64 0 196
0 66 44 30
0 66 0 70
0 68 39 0
0 68 0 120
0 64 32 0
0 64 0 90
0 66 37 30
0 66 0 14
0 68 39 0
0 68 0 120
0 71 45 0
0 71 0 49
0 69 39 0
0 69 0 120
0 66 44 0
0 66 0 7
0 68 42 0
0 68 0 120
0 64 37 0
0 64 0 106
0 48 55 0
0 55 62 0
0 55 0 63
0 48 0 0
0 55 56 120
0 43 50 0
0 43 0 74
0 55 0 0
0 55 49 120
0 48 43 0
0 48 0 49
0 55 0 0
0 50 55 120
0 55 62 0
0 55 0 35
0 50 0 0
0 55 56 120
0 43 50 0
0 43 0 72
0 55 0 0
0 55 56 150
0 50 50 0
0 50 0 90
0 55 0 0
0 55 62 150
0 48 55 0
0 48 0 74
0 55 0 0
0 55 56 120
0 43 50 0
0 43 0 74
0 55 0 0
0 55 49 120
0 48 42 0
0 48 0 70
0 55 0 0
0 50 55 120
0 55 62 0
0 55 0 35
0 50 0 0
0 43 50 120
0 55 56 0
0 55 0 70
0 43 0 0
0 55 56 150
0 50 50 0
0 50 0 90
0 55 0 0
0 48 45 150
0 55 48 0
0 55 0 120
0 56 45 0
0 56 0 120
0 48 0 0
0 58 49 0
0 58 0 240
0 58 45 0
0 58 0 120
0 56 45 0
0 56 0 120
0 55 43 0
0 55 0 120
0 56 43 0
0 56 0 120
0 58 44 0
0 58 0 120
0 60 45 0
0 60 0 120
0 61 46 0
0 61 0 120
0 63 48 0
0 63 0 120
0 61 47 0
0 61 0 120
0 65 49 0
0 65 0 120
0 64 49 0
0 64 0 120
0 60 45 0
0 60 0 120
0 61 48 0
0 61 0 120
0 58 45 0
0 58 0 120
0 56 45 0
0 56 0 120
0 58 40 0
0 58 0 120
0 55 44 0
0 55 0 120
0 56 40 0
0 56 0 120
0 53 42 0
0 53 0 120
0 55 40 0
0 55 0 120
0 55 62 0
0 48 55 0
0 48 0 60
0 55 0 0
0 55 56 120
0 43 50 0
0 43 0 74
0 55 0 0
0 55 48 120
0 48 43 0
0 48 0 81
0 55 0 0
0 55 62 120
0 50 55 0
0 50 0 35
0 55 0 0
0 55 56 120
0 43 50 0
0 43 0 71
0 55 0 0
0 55 56 150
0 50 50 0
0 50 0 90
0 55 0 0
0 55 62 150
0 48 55 0
0 48 0 88
0 55 0 0
0 55 56 120
0 43 50 0
0 43 0 74
0 55 0 0
0 55 49 120
0 48 41 0
0 48 0 81
0 55 0 0
0 55 62 120
0 50 55 0
0 50 0 35
0 55 0 0
0 55 56 120
0 43 50 0
0 43 0 71
0 55 0 0
0 55 56 150
0 50 50 0
0 50 0 90
0 55 0 0
0 67 43 150
0 60 40 0
0 67 0 120
0 68 40 0
0 68 0 120
0 60 0 0
0 70 44 0
0 70 0 240
0 70 40 0
0 70 0 120
0 68 40 0
0 68 0 120
0 67 38 0
0 67 0 120
0 68 38 0
0 68 0 120
0 70 39 0
0 70 0 120
0 72 40 0
0 72 0 120
0 73 41 0
0 73 0 120
0 75 43 0
0 75 0 120
0 73 42 0
0 73 0 120
0 77 44 0
0 77 0 120
0 76 44 0
0 76 0 120
0 72 40 0
0 72 0 120
0 73 43 0
0 73 0 120
0 70 40 0
0 70 0 120
0 68 40 0
0 68 0 120
0 70 36 0
0 70 0 120
0 67 39 0
0 67 0 120
0 68 36 0
0 68 0 120
0 65 37 0
0 65 0 120
0 67 36 0
0 67 0 120
0 60 45 0
0 60 0 60
0 79 65 120
0 79 0 74
0 55 41 120
0 55 0 81
0 62 45 120
0 62 0 35
0 79 65 120
0 79 0 71
0 55 41 150
0 55 0 90
0 60 45 150
0 60 0 60
0 79 64 120
0 79 0 74
0 55 41 120
0 55 0 81
0 62 45 120
0 62 0 35
0 79 65 120
0 79 0 77
0 55 41 150
0 55 0 90
0 64 45 150
0 60 43 0
0 60 0 180
0 64 0 0
0 65 50 0
0 60 41 0
0 60 0 194
0 65 0 0
0 64 38 0
0 60 36 0
0 60 0 106
0 64 0 0
0 77 55 120
0 72 45 0
0 72 0 194
0 77 0 0
0 76 41 0
0 72 39 0
0 72 0 106
0 76 0 0
0 84 45 120
0 89 55 0
0 89 0 194
0 84 0 0
0 88 43 0
0 84 40 0
0 84 0 106
0 88 0 0
0 77 63 120
0 72 51 0
0 72 0 194
0 77 0 0
0 72 44 0
0 76 47 0
0 76 0 106
0 72 0 0
0 60 58 120
0 65 72 0
0 65 0 194
0 60 0 0
0 64 53 0
0 60 50 0
0 60 0 106
0 64 0 0
0 48 61 120
0 36 61 0
0 36 0 95
0 48 0 0
0 53 64 120
0 65 64 0
0 60 64 0
0 60 0 169
0 65 0 0
0 53 0 0
0 64 57 0
0 64 0 34
0 65 50 0
0 65 0 80
0 64 50 0
0 64 0 80
0 62 57 0
0 62 0 81
0 64 53 0
0 64 0 120
0 65 61 0
0 65 0 35
0 62 56 0
0 62 0 120
0 64 59 0
0 64 0 76
0 60 50 150
0 60 0 90
0 60 61 150
0 53 61 0
0 65 61 0
0 65 0 197
0 53 0 0
0 60 0 0
0 64 55 0
0 64 0 34
0 65 50 0
0 65 0 80
0 64 50 0
0 64 0 80
0 62 55 0
0 62 0 81
0 64 50 0
0 64 0 120
0 65 56 0
0 65 0 35
0 62 54 0
0 62 0 120
0 64 57 0
0 64 0 74
0 60 49 150
0 60 0 90
0 62 54 150
0 62 0 84
0 64 48 0
0 64 0 120
0 60 45 0
0 60 0 200
0 62 48 30
0 62 0 49
0 64 51 0
0 64 0 120
0 65 55 0
0 65 0 154
0 62 54 30
0 62 0 35
0 64 48 0
0 64 0 120
0 60 42 0
0 60 0 111
0 62 51 30
0 62 0 64
0 64 48 0
0 64 0 120
0 60 39 0
0 60 0 97
0 62 43 30
0 62 0 49
0 64 44 0
0 64 0 120
0 67 48 0
0 67 0 56
0 65 44 0
0 65 0 120
0 62 49 0
0 62 0 28
0 64 46 0
0 64 0 120
0 60 46 0
0 60 0 134
0 56 61 0
0 68 61 0
0 63 61 0
0 63 0 176
0 68 0 0
0 56 0 0
0 67 55 0
0 67 0 34
0 68 50 0
0 68 0 80
0 67 50 0
0 67 0 80
0 65 55 0
0 65 0 81
0 67 50 0
0 67 0 120
0 68 59 0
0 68 0 35
0 65 54 0
0 65 0 120
0 67 57 0
0 67 0 72
0 63 54 150
0 63 0 90
0 63 61 150
0 56 61 0
0 68 61 0
0 68 0 183
0 56 0 0
0 63 0 0
0 67 55 0
0 67 0 34
0 68 50 0
0 68 0 80
0 67 50 0
0 67 0 80
0 65 55 0
0 65 0 49
0 67 50 0
0 67 0 120
0 68 59 0
0 68 0 35
0 65 54 0
0 65 0 120
0 67 57 0
0 67 0 76
0 63 54 150
0 63 0 90
0 56 44 150
0 65 54 0
0 65 0 92
0 67 48 0
0 67 0 120
0 56 0 0
0 63 45 0
0 63 0 118
0 65 48 30
0 65 0 14
0 67 51 0
0 67 0 120
0 68 55 0
0 68 0 132
0 65 54 30
0 65 0 21
0 67 48 0
0 67 0 120
0 63 42 0
0 63 0 194
0 56 41 30
0 65 51 0
0 65 0 70
0 67 48 0
0 67 0 120
0 56 0 0
0 63 40 0
0 63 0 97
0 65 43 30
0 65 0 49
0 67 44 0
0 67 0 120
0 70 48 0
0 70 0 56
0 68 44 0
0 68 0 120
0 65 49 0
0 65 0 28
0 67 46 0
0 67 0 120
0 63 46 0
0 63 0 141
0 36 92 0
0 36 0 120
0 60 53 339
0 60 0 120
0 72 54 360
0 72 0 120
0 84 55 360
0 84 0 60
0 67 51 120
0 73 56 0
0 73 0 60
0 67 0 0
0 67 51 60
0 73 56 0
0 73 0 60
0 67 0 0
0 79 63 60
0 79 0 120
0 67 45 120
0 73 52 0
0 73 0 120
0 67 0 0
0 79 54 120
0 79 0 120
0 73 52 120
0 67 45 0
0 67 0 120
0 73 0 0
0 36 92 120
0 36 0 71
0 60 54 360
0 60 0 120
0 72 54 360
0 72 0 120
0 84 54 360
0 84 0 78
0 73 56 120
0 67 51 0
0 67 0 60
0 73 0 0
0 73 56 60
0 67 51 0
0 67 0 60
0 73 0 0
0 79 63 60
0 79 0 120
0 67 45 120
0 73 52 0
0 73 0 120
0 67 0 0
0 79 54 120
0 79 0 120
0 67 45 120
0 73 52 0
0 73 0 120
0 67 0 0
0 72 44 120
0 79 58 0
0 79 0 176
0 77 52 0
0 77 0 34
0 79 48 0
0 79 0 80
0 77 48 0
0 77 0 80
0 76 52 0
0 76 0 81
0 77 48 0
0 77 0 120
0 79 56 0
0 79 0 35
0 76 46 0
0 76 0 120
0 77 50 0
0 77 0 27
0 76 45 30
0 76 0 90
0 77 49 30
0 77 0 27
0 80 45 30
0 80 0 90
0 72 0 30
0 72 44 0
0 79 58 0
0 79 0 176
0 77 52 0
0 77 0 34
0 79 48 0
0 79 0 80
0 77 48 0
0 77 0 80
0 76 52 0
0 76 0 81
0 77 48 0
0 77 0 120
0 79 56 0
0 79 0 35
0 76 46 0
0 76 0 120
0 77 50 0
0 77 0 27
0 76 45 30
0 76 0 90
0 77 49 30
0 77 0 27
0 80 45 30
0 80 0 90
0 72 0 30
0 67 58 0
0 60 44 0
0 67 0 176
0 65 52 0
0 65 0 34
0 67 48 0
0 67 0 80
0 65 48 0
0 65 0 80
0 64 52 0
0 64 0 46
0 65 48 60
0 65 0 60
0 60 0 60
0 67 46 0
0 67 0 60
0 68 48 60
0 68 0 60
0 70 50 60
0 70 0 60
0 72 52 60
0 72 0 60
0 73 54 60
0 73 0 60
0 75 55 60
0 75 0 60
0 73 54 60
0 73 0 62
0 75 51 0
0 75 0 80
0 73 51 0
0 73 0 80
0 72 53 0
0 72 0 52
0 73 49 0
0 73 0 80
0 72 52 0
0 72 0 80
0 70 51 0
0 70 0 30
0 72 49 0
0 72 0 80
0 70 48 0
0 70 0 80
0 68 50 0
0 68 0 30
0 70 45 0
0 70 0 80
0 68 45 0
0 68 0 80
0 67 48 0
0 67 0 45
0 68 45 0
0 68 0 80
0 67 45 0
0 67 0 80
0 65 46 0
0 65 0 37
0 67 43 0
0 67 0 80
0 65 43 0
0 65 0 80
0 36 77 0
0 36 0 120
0 72 50 324
0 72 0 120
0 84 52 360
0 84 0 120
0 72 51 360
0 72 0 53
0 73 52 120
0 67 46 0
0 67 0 60
0 73 0 0
0 67 46 60
0 73 52 0
0 73 0 60
0 67 0 0
0 79 57 60
0 79 0 120
0 73 47 120
0 67 42 0
0 67 0 120
0 73 0 0
0 79 49 120
0 79 0 120
0 67 42 120
0 73 47 0
0 73 0 120
0 67 0 0
0 36 73 120
0 36 0 71
0 72 45 360
0 72 0 120
0 84 46 360
0 84 0 120
0 72 44 360
0 72 0 120
0 61 46 120
0 55 41 0
0 55 0 60
0 61 0 0
0 61 45 60
0 55 41 0
0 55 0 60
0 61 0 0
0 67 50 60
0 67 0 120
0 61 41 120
0 55 36 0
0 55 0 120
0 61 0 0
0 67 42 120
0 67 0 120
0 61 40 120
0 55 36 0
0 55 0 120
0 61 0 0
0 48 56 120
0 48 0 71
0 72 38 360
0 72 0 120
0 72 34 360
0 72 0 120
0 72 32 360
0 72 0 85
0 48 38 120
0 48 0 113
0 48 38 0
0 48 0 120
0 48 38 0
0 48 0 120
0 48 38 0
0 48 0 120
0 48 37 0
0 48 0 120
0 48 37 0
0 48 0 120
0 48 37 0
0 48 0 120
0 48 36 0
0 48 0 120
0 48 36 0
0 48 0 120
0 48 36 0
0 48 0 120
0 48 36 0
0 48 0 720
0 36 49 0
0 36 0 579
0 48 47 0
0 48 0 113
0 72 37 120
0 72 0 120
0 60 37 120
0 60 0 120
0 41 46 0
0 69 43 162
0 69 0 42
0 41 0 180
0 64 41 0
0 64 0 60
0 65 44 180
0 65 0 60
0 60 41 180
0 60 0 60
0 37 51 180
0 37 0 40
0 69 45 120
0 69 0 120
0 57 47 120
0 57 0 120
0 38 47 120
0 38 0 42
0 50 37 120
0 50 0 120
0 66 38 120
0 66 0 120
0 43 46 120
0 43 0 201
0 66 43 0
0 66 0 54
0 61 41 180
0 61 0 60
0 63 44 180
0 63 0 60
0 62 41 180
0 62 0 60
0 36 52 180
0 36 0 628
0 48 51 0
0 48 0 42
0 72 40 120
0 72 0 120
0 60 38 120
0 60 0 120
0 41 46 0
0 69 43 155
0 69 0 49
0 41 0 180
0 64 41 0
0 64 0 60
0 65 44 180
0 65 0 60
0 60 41 180
0 60 0 60
0 48 44 120
0 48 0 60
0 33 56 0
0 33 0 205
0 40 49 0
0 40 0 480
0 48 51 0
0 48 0 120
0 60 40 0
0 60 0 155
0 51 35 0
0 51 0 81
0 52 31 0
0 52 0 120
0 60 41 0
0 60 0 78
0 60 41 120
0 60 0 42
0 65 38 0
0 65 0 60
0 64 41 180
0 64 0 60
0 62 38 180
0 62 0 60
0 36 49 180
0 36 0 607
0 48 47 0
0 48 0 7
0 72 37 120
0 72 0 120
0 60 37 120
0 60 0 120
0 41 46 120
0 41 0 169
0 69 43 0
0 69 0 50
0 64 41 180
0 64 0 60
0 65 44 180
0 65 0 60
0 60 41 180
0 60 0 60
0 37 51 180
0 37 0 85
0 69 45 120
0 69 0 120
0 57 47 120
0 57 0 120
0 38 47 120
0 38 0 42
0 50 37 120
0 50 0 120
0 66 38 120
0 66 0 120
0 43 46 120
0 43 0 201
0 66 43 0
0 66 0 51
0 61 41 180
0 61 0 60
0 63 44 180
0 63 0 60
0 62 41 180
0 62 0 60
0 36 51 180
0 36 0 621
0 60 47 0
0 60 0 21
0 72 37 120
0 72 0 120
0 48 39 120
0 48 0 120
0 41 46 120
0 41 0 198
0 47 31 0
0 47 0 85
0 48 29 0
0 48 0 120
0 57 30 0
0 57 0 152
0 36 42 0
0 36 0 32
0 53 37 120
0 53 0 16
0 55 35 0
0 55 0 80
0 53 35 0
0 53 0 80
0 52 37 0
0 52 0 81
0 50 35 0
0 50 0 120
0 41 40 0
0 53 40 0
0 53 0 155
0 41 0 0
0 52 43 0
0 52 0 69
0 50 40 14
0 50 0 90
0 48 41 30
0 48 0 26
0 52 39 30
0 52 0 90
0 50 43 0
0 50 0 51
0 52 40 30
0 52 0 90
0 53 37 30
0 53 0 34
0 55 35 0
0 55 0 80
0 53 35 0
0 53 0 80
0 52 37 0
0 52 0 81
0 50 35 0
0 50 0 120
0 41 40 0
0 53 40 0
0 53 0 155
0 41 0 0
0 52 43 0
0 52 0 69
0 50 40 21
0 50 0 90
0 48 41 30
0 48 0 77
0 52 39 0
0 52 0 90
0 50 43 0
0 50 0 51
0 52 40 30
0 52 0 90
0 53 37 30
0 53 0 34
0 55 35 0
0 55 0 80
0 53 35 0
0 53 0 80
0 52 37 0
0 52 0 81
0 50 35 0
0 50 0 120
0 53 40 0
0 53 0 35
0 52 40 0
0 52 0 90
0 50 43 30
0 50 0 69
0 52 40 21
0 52 0 90
0 48 41 30
0 48 0 12
0 52 39 30
0 52 0 90
0 50 43 0
0 50 0 51
0 52 40 30
0 52 0 90
0 53 37 30
0 53 0 34
0 55 35 0
0 55 0 80
0 53 35 0
0 53 0 80
0 52 37 0
0 52 0 81
0 50 35 0
0 50 0 120
0 43 40 0
0 53 40 0
0 53 0 35
0 52 40 0
0 52 0 90
0 50 43 30
0 50 0 69
0 53 40 21
0 53 0 90
0 52 41 30
0 52 0 148
0 43 0 0
0 36 54 0
0 36 0 148
0 73 57 0
0 73 0 88
0 76 52 0
0 76 0 120
0 72 57 0
0 72 0 39
0 75 52 0
0 75 0 28
0 71 57 0
0 71 0 120
0 71 65 120
0 71 0 60
0 74 56 60
0 74 0 60
0 68 65 60
0 68 0 120
0 35 54 120
0 35 0 226
0 71 57 0
0 71 0 88
0 74 52 0
0 74 0 120
0 70 57 0
0 70 0 77
0 73 52 0
0 73 0 28
0 69 57 0
0 69 0 120
0 71 65 120
0 71 0 60
0 72 56 60
0 72 0 60
0 66 65 60
0 66 0 120
0 54 54 120
0 54 0 94
0 69 63 120
0 69 0 54
0 72 58 0
0 72 0 120
0 68 61 0
0 68 0 65
0 71 57 0
0 71 0 120
0 67 59 0
0 67 0 77
0 70 53 0
0 70 0 120
0 66 59 0
0 66 0 71
0 69 52 0
0 69 0 120
0 65 57 0
0 65 0 51
0 68 50 0
0 68 0 120
0 65 56 0
0 65 0 77
0 67 49 0
0 67 0 120
0 64 53 0
0 64 0 80
0 67 48 0
0 67 0 120
0 48 52 0
0 48 0 177
0 41 56 0
0 41 0 194
0 59 49 0
0 59 0 56
0 60 49 0
0 60 0 120
0 69 54 0
0 69 0 166
0 36 42 0
0 36 0 32
0 53 37 120
0 53 0 16
0 55 35 0
0 55 0 80
0 53 35 0
0 53 0 80
0 52 37 0
0 52 0 81
0 50 35 0
0 50 0 120
0 53 40 0
0 41 40 0
0 41 0 155
0 53 0 0
0 52 43 0
0 52 0 69
0 50 40 14
0 50 0 90
0 48 41 30
0 48 0 26
0 52 39 30
0 52 0 90
0 50 43 30
0 50 0 51
0 52 40 30
0 52 0 90
0 53 37 30
0 53 0 34
0 55 35 0
0 55 0 80
0 53 35 0
0 53 0 80
0 52 37 0
0 52 0 81
0 50 35 0
0 50 0 120
0 41 40 0
0 53 40 0
0 53 0 155
0 41 0 0
0 52 43 0
0 52 0 69
0 50 40 21
0 50 0 90
0 48 41 30
0 48 0 77
0 52 39 0
0 52 0 90
0 50 43 30
0 50 0 51
0 52 40 30
0 52 0 90
0 53 37 30
0 53 0 34
0 55 35 0
0 55 0 80
0 53 35 0
0 53 0 80
0 52 37 0
0 52 0 81
0 50 35 0
0 50 0 120
0 53 40 0
0 53 0 35
0 52 40 0
0 52 0 90
0 50 43 30
0 50 0 69
0 52 40 21
0 52 0 90
0 48 41 30
0 48 0 12
0 52 39 30
0 52 0 90
0 50 43 0
0 50 0 51
0 52 40 30
0 52 0 90
0 53 37 30
0 53 0 34
0 55 35 0
0 55 0 80
0 53 35 0
0 53 0 80
0 52 37 0
0 52 0 81
0 50 35 0
0 50 0 120
0 53 40 0
0 43 40 0
0 53 0 35
0 52 40 0
0 52 0 90
0 50 43 30
0 50 0 69
0 53 40 21
0 53 0 90
0 52 41 30
0 52 0 148
0 43 0 0
0 31 56 0
0 31 0 169
0 74 59 0
0 74 0 63
0 76 53 0
0 76 0 120
0 70 59 0
0 70 0 53
0 74 53 0
0 74 0 120
0 67 59 0
0 67 0 158
0 70 62 0
0 70 0 120
0 74 54 0
0 74 0 120
0 64 62 0
0 64 0 240
0 52 56 0
0 52 0 134
0 70 59 0
0 70 0 60
0 74 53 0
0 74 0 120
0 67 59 0
0 67 0 56
0 70 53 0
0 70 0 120
0 64 59 0
0 64 0 120
0 61 59 0
0 61 0 120
0 69 52 0
0 69 0 120
0 57 59 0
0 57 0 240
0 45 56 0
0 45 0 169
0 55 45 0
0 55 0 48
0 57 38 0
0 57 0 80
0 55 38 0
0 55 0 80
0 53 44 0
0 53 0 43
0 55 38 0
0 55 0 80
0 53 38 0
0 53 0 80
0 52 43 0
0 52 0 37
0 53 37 0
0 53 0 80
0 52 37 0
0 52 0 80
0 50 42 0
0 50 0 31
0 52 36 0
0 52 0 80
0 50 36 0
0 50 0 80
0 49 41 0
0 49 0 40
0 50 34 0
0 50 0 80
0 49 34 0
0 49 0 80
0 58 41 0
0 45 41 0
0 58 0 197
0 57 41 0
0 57 0 194
0 55 41 0
0 55 0 162
0 45 0 0
0 38 64 0
0 38 0 7
0 74 71 360
0 74 0 120
0 38 42 120
0 38 0 240
0 62 37 0
0 72 37 0
0 72 0 180
0 70 37 0
0 70 0 81
0 69 35 0
0 69 0 120
0 62 0 0
0 72 40 0
0 62 38 0
0 72 0 155
0 70 43 0
0 70 0 26
0 69 40 30
0 69 0 90
0 67 41 30
0 67 0 90
0 69 39 30
0 69 0 90
0 67 43 30
0 67 0 51
0 69 40 30
0 69 0 90
0 70 37 30
0 70 0 187
0 69 37 0
0 69 0 49
0 67 35 0
0 67 0 120
0 62 0 0
0 70 40 0
0 62 40 0
0 70 0 155
0 67 43 0
0 67 0 90
0 69 40 30
0 69 0 90
0 62 0 30
0 65 41 0
0 65 0 134
0 38 42 0
0 38 0 184
0 72 37 0
0 62 37 0
0 72 0 194
0 70 37 0
0 70 0 46
0 69 35 0
0 69 0 120
0 62 0 0
0 72 40 0
0 62 38 0
0 72 0 155
0 70 43 0
0 70 0 12
0 69 40 30
0 69 0 90
0 67 41 30
0 67 0 90
0 69 39 30
0 69 0 90
0 67 43 30
0 67 0 51
0 69 40 30
0 69 0 90
0 70 37 30
0 70 0 194
0 69 37 0
0 69 0 56
0 67 35 0
0 67 0 120
0 62 0 0
0 70 40 0
0 62 40 0
0 70 0 155
0 67 43 0
0 67 0 90
0 69 40 30
0 69 0 90
0 62 0 30
0 65 41 0
0 65 0 120
0 38 45 0
0 38 0 173
0 72 43 0
0 72 0 176
0 70 43 0
0 70 0 53
0 69 40 0
0 69 0 120
0 72 43 0
0 72 0 103
0 66 49 103
0 66 0 120
0 72 42 0
0 72 0 120
0 63 49 0
0 63 0 120
0 54 48 91
0 54 0 183
0 72 46 0
0 72 0 208
0 70 46 0
0 70 0 63
0 69 43 0
0 69 0 120
0 72 46 0
0 72 0 103
0 66 52 103
0 66 0 120
0 72 45 0
0 72 0 120
0 63 52 0
0 63 0 120
0 54 48 91
0 54 0 208
0 72 48 0
0 72 0 208
0 70 47 0
0 70 0 60
0 69 44 0
0 69 0 120
0 72 47 0
0 72 0 100
0 72 48 120
0 72 0 7
0 70 47 0
0 70 0 92
0 69 44 0
0 69 0 120
0 72 46 0
0 72 0 100
0 53 61 120
0 41 61 0
0 41 0 220
0 53 0 0
0 29 61 0
0 41 61 0
0 41 0 212
0 29 0 0
0 28 53 0
0 40 61 0
0 40 0 1267
0 28 0 0
0 59 53 198
0 59 0 120
0 61 49 0
0 61 0 120
0 62 54 0
0 62 0 279
0 64 51 0
0 64 0 120
0 66 54 0
0 66 0 300
0 69 50 0
0 69 0 120
0 66 54 0
0 66 0 38
0 68 49 0
0 68 0 80
0 66 50 0
0 66 0 80
0 64 50 0
0 64 0 155
0 59 42 120
0 59 0 78
0 56 45 0
0 56 0 360
0 47 42 0
0 47 0 120
0 40 46 0
0 40 0 240
0 64 52 93
0 64 0 240
0 69 50 0
0 69 0 71
0 71 50 0
0 71 0 120
0 68 53 0
0 68 0 35
0 69 50 0
0 69 0 120
0 66 53 0
0 66 0 28
0 68 50 0
0 68 0 120
0 64 50 0
0 64 0 48
0 66 46 0
0 66 0 56
0 64 49 0
0 64 0 60
0 62 43 0
0 62 0 60
0 59 47 0
0 59 0 314
0 59 42 0
0 59 0 78
0 52 45 0
0 52 0 360
0 47 42 0
0 47 0 120
0 40 46 0
0 40 0 240
0 59 53 134
0 59 0 120
0 61 49 0
0 61 0 120
0 62 54 0
0 62 0 279
0 64 51 0
0 64 0 120
0 66 54 0
0 66 0 247
0 69 50 0
0 69 0 120
0 66 54 0
0 66 0 38
0 68 48 0
0 68 0 80
0 66 50 0
0 66 0 80
0 64 50 0
0 64 0 155
0 52 42 120
0 52 0 78
0 45 45 0
0 45 0 360
0 40 42 0
0 40 0 120
0 33 46 0
0 33 0 40
0 64 48 0
0 64 0 120
0 69 51 0
0 69 0 120
0 71 54 0
0 71 0 120
0 74 59 0
0 74 0 71
0 73 52 0
0 73 0 120
0 71 55 0
0 71 0 35
0 69 52 0
0 69 0 120
0 66 55 0
0 66 0 71
0 68 52 0
0 68 0 120
0 64 52 0
0 64 0 44
0 66 48 0
0 66 0 56
0 64 52 0
0 64 0 60
0 62 48 0
0 62 0 60
0 59 52 0
0 59 0 314
0 59 42 0
0 59 0 78
0 52 45 0
0 52 0 360
0 47 42 0
0 47 0 120
0 40 46 0
0 40 0 240
0 59 53 144
0 59 0 120
0 61 49 0
0 61 0 120
0 62 54 0
0 62 0 279
0 64 51 0
0 64 0 120
0 66 54 0
0 66 0 300
0 69 50 0
0 69 0 120
0 66 54 0
0 66 0 38
0 68 46 0
0 68 0 80
0 66 50 0
0 66 0 80
0 64 50 0
0 64 0 1098
0 65 44 0
0 65 0 38
0 67 37 0
0 67 0 80
0 65 37 0
0 65 0 80
0 64 38 0
0 64 0 53
0 37 69 0
0 37 0 130
0 66 60 0
0 61 49 0
0 61 0 187
0 66 0 0
0 65 45 0
0 61 43 0
0 61 0 106
0 65 0 0
0 73 49 120
0 78 60 0
0 78 0 194
0 73 0 0
0 77 45 0
0 73 42 0
0 73 0 106
0 77 0 0
0 90 60 120
0 85 49 0
0 85 0 194
0 90 0 0
0 85 44 0
0 89 47 0
0 89 0 106
0 85 0 0
0 78 63 120
0 73 51 0
0 73 0 194
0 78 0 0
0 73 44 0
0 77 47 0
0 77 0 106
0 73 0 0
0 60 55 120
0 65 69 0
0 65 0 194
0 60 0 0
0 64 51 0
0 60 48 0
0 60 0 106
0 64 0 0
0 36 58 120
0 48 58 0
0 48 0 95
0 36 0 0
0 41 64 42
0 53 64 0
0 53 0 233
0 41 0 0
0 57 58 0
0 60 58 0
0 65 58 0
0 65 0 194
0 60 0 0
0 57 0 0
0 57 58 0
0 60 58 0
0 65 58 0
0 65 0 201
0 60 0 0
0 57 0 0
0 36 64 0
0 48 64 0
0 48 0 155
0 36 0 0
0 57 58 0
0 60 58 0
0 65 58 0
0 65 0 114
0 60 0 0
0 57 0 0
0 57 58 120
0 60 58 0
0 65 58 0
0 65 0 120
0 60 0 0
0 57 0 0
0 41 64 120
0 53 64 0
0 53 0 187
0 41 0 0
0 65 58 0
0 57 58 0
0 60 58 0
0 60 0 194
0 57 0 0
0 65 0 0
0 57 58 0
0 65 58 0
0 60 58 0
0 60 0 201
0 65 0 0
0 57 0 0
0 48 64 0
0 36 64 0
0 36 0 155
0 48 0 0
0 57 58 0
0 65 58 0
0 60 58 0
0 60 0 117
0 65 0 0
0 57 0 0
0 57 58 120
0 65 58 0
0 60 58 0
0 60 0 120
0 65 0 0
0 57 0 0
0 53 58 120
0 53 0 212
0 59 59 0
0 59 0 81
0 60 52 0
0 60 0 120
0 48 51 0
0 48 0 109
0 62 52 0
0 62 0 60
0 60 59 0
0 60 0 63
0 59 50 0
0 59 0 120
0 60 58 0
0 60 0 57
0 62 51 0
0 62 0 120
0 60 49 0
0 60 0 200
0 53 58 30
0 53 0 197
0 59 58 0
0 59 0 81
0 60 53 0
0 60 0 120
0 48 51 0
0 48 0 109
0 62 52 0
0 62 0 60
0 60 59 0
0 60 0 56
0 59 49 0
0 59 0 120
0 60 58 0
0 60 0 64
0 62 49 0
0 62 0 120
0 60 49 0
0 60 0 124
0 36 55 0
0 36 0 120
0 60 36 339
0 60 0 120
0 72 36 205
0 72 0 120
0 84 36 169
0 84 0 120
0 67 36 113
0 74 40 0
0 74 0 60
0 67 0 0
0 67 36 60
0 74 40 0
0 74 0 60
0 67 0 0
0 79 44 60
0 79 0 120
0 67 32 120
0 74 37 0
0 74 0 120
0 67 0 0
0 79 38 120
0 79 0 120
0 67 32 120
0 74 37 0
0 74 0 120
0 67 0 0
0 36 52 120
0 36 0 71
0 60 37 360
0 60 0 120
0 72 38 169
0 72 0 120
0 84 38 162
0 84 0 32
0 72 36 120
0 77 40 0
0 77 0 60
0 72 0 0
0 72 36 60
0 77 40 0
0 77 0 60
0 72 0 0
0 72 44 60
0 77 44 0
0 77 0 120
0 72 0 0
0 72 36 120
0 77 40 0
0 77 0 60
0 72 0 0
0 72 36 60
0 77 40 0
0 77 0 60
0 72 0 0
0 72 44 60
0 77 44 0
0 77 0 120
0 72 0 0
0 72 32 120
0 76 37 0
0 76 0 120
0 72 0 0
0 41 66 120
0 53 66 0
0 53 0 197
0 41 0 0
0 57 60 0
0 60 60 0
0 65 60 0
0 65 0 194
0 60 0 0
0 57 0 0
0 57 60 0
0 60 60 0
0 65 60 0
0 65 0 201
0 60 0 0
0 57 0 0
0 36 66 0
0 48 66 0
0 48 0 155
0 36 0 0
0 57 60 0
0 60 60 0
0 65 60 0
0 65 0 112
0 60 0 0
0 57 0 0
0 57 60 120
0 60 60 0
0 65 60 0
0 65 0 120
0 60 0 0
0 57 0 0
0 41 66 120
0 53 66 0
0 53 0 215
0 41 0 0
0 65 60 0
0 57 60 0
0 60 60 0
0 60 0 194
0 57 0 0
0 65 0 0
0 57 60 0
0 65 60 0
0 60 60 0
0 60 0 201
0 65 0 0
0 57 0 0
0 48 66 0
0 36 66 0
0 36 0 155
0 48 0 0
0 57 60 0
0 65 60 0
0 60 60 0
0 60 0 112
0 65 0 0
0 57 0 0
0 57 60 120
0 65 60 0
0 60 60 0
0 60 0 120
0 65 0 0
0 57 0 0
0 53 60 120
0 53 0 204
0 59 61 0
0 59 0 53
0 60 54 0
0 60 0 120
0 48 53 0
0 48 0 109
0 62 54 0
0 62 0 60
0 60 61 0
0 60 0 51
0 59 51 0
0 59 0 120
0 60 60 0
0 60 0 45
0 62 53 0
0 62 0 120
0 60 50 0
0 60 0 201
0 53 60 30
0 53 0 212
0 59 64 0
0 59 0 35
0 60 55 0
0 60 0 120
0 48 53 0
0 48 0 109
0 62 54 0
0 62 0 60
0 60 61 0
0 60 0 56
0 59 49 0
0 59 0 120
0 60 60 0
0 60 0 64
0 62 53 0
0 62 0 120
0 60 50 0
0 60 0 118
0 36 98 0
0 36 0 7
0 60 62 360
0 60 0 120
0 72 60 184
0 72 0 120
0 84 61 162
0 84 0 60
0 67 54 120
0 74 62 0
0 74 0 60
0 67 0 0
0 67 54 60
0 74 62 0
0 74 0 60
0 67 0 0
0 79 67 60
0 79 0 120
0 67 48 120
0 74 56 0
0 74 0 120
0 67 0 0
0 79 58 120
0 79 0 120
0 67 48 120
0 74 56 0
0 74 0 120
0 67 0 0
0 36 98 120
0 36 0 71
0 60 59 360
0 60 0 120
0 72 60 148
0 72 0 120
0 84 59 141
0 84 0 78
0 72 54 120
0 77 62 0
0 77 0 60
0 72 0 0
0 72 54 60
0 77 62 0
0 77 0 60
0 72 0 0
0 72 67 60
0 77 67 0
0 77 0 120
0 72 0 0
0 72 54 120
0 77 62 0
0 77 0 60
0 72 0 0
0 72 54 60
0 77 62 0
0 77 0 60
0 72 0 0
0 72 67 60
0 77 67 0
0 77 0 120
0 72 0 0
0 72 48 120
0 76 56 0
0 76 0 120
0 72 0 0
0 53 35 0
0 60 35 0
0 65 35 0
0 65 0 240
0 60 0 0
0 53 0 0
0 53 32 0
0 60 32 0
0 65 32 0
0 65 0 183
0 60 0 0
0 53 0 0
0 53 27 0
0 60 27 0
0 65 27 0
0 65 0 240
0 60 0 0
0 53 0 0
0 53 35 0
0 61 35 0
0 65 35 0
0 65 0 69
0 61 0 0
0 53 0 0
0 53 31 120
0 61 31 0
0 65 31 0
0 65 0 34
0 61 0 0
0 53 0 0
0 53 28 120
0 61 28 0
0 61 0 120
0 53 0 0
0 53 37 0
0 62 37 0
0 65 37 0
0 65 0 191
0 62 0 0
0 53 0 0
0 53 34 0
0 62 34 0
0 65 34 0
0 65 0 159
0 62 0 0
0 53 0 0
0 53 30 0
0 62 30 0
0 65 30 0
0 65 0 240
0 62 0 0
0 53 0 0
0 53 40 0
0 61 40 0
0 65 40 0
0 65 0 69
0 61 0 0
0 53 0 0
0 53 36 120
0 61 36 0
0 65 36 0
0 65 0 34
0 61 0 0
0 53 0 0
0 53 33 120
0 61 33 0
0 61 0 120
0 53 0 0
0 53 42 0
0 60 42 0
0 65 42 0
0 65 0 191
0 60 0 0
0 53 0 0
0 53 39 0
0 60 39 0
0 65 39 0
0 65 0 173
0 60 0 0
0 53 0 0
0 53 34 0
0 60 34 0
0 65 34 0
0 65 0 240
0 60 0 0
0 53 0 0
0 47 45 0
0 47 0 191
0 55 42 0
0 59 42 0
0 59 0 162
0 65 36 0
0 65 0 240
0 55 0 0
0 36 63 0
0 36 0 143
0 59 62 0
0 59 0 34
0 60 57 0
0 60 0 120
0 57 64 0
0 57 0 40
0 53 57 0
0 53 0 120
0 36 82 0
0 36 0 28
0 72 78 120
0 72 0 14
0 60 79 120
0 60 0 49
0 53 35 120
0 60 35 0
0 65 35 0
0 65 0 166
0 60 0 0
0 53 0 0
0 53 32 0
0 60 32 0
0 65 32 0
0 65 0 173
0 60 0 0
0 53 0 0
0 53 27 0
0 60 27 0
0 65 27 0
0 65 0 240
0 60 0 0
0 53 0 0
0 53 35 0
0 61 35 0
0 65 35 0
0 65 0 69
0 61 0 0
0 53 0 0
0 53 31 120
0 61 31 0
0 65 31 0
0 65 0 34
0 61 0 0
0 53 0 0
0 53 28 120
0 61 28 0
0 61 0 120
0 53 0 0
0 53 37 120
0 62 37 0
0 65 37 0
0 65 0 191
0 62 0 0
0 53 0 0
0 53 34 0
0 62 34 0
0 65 34 0
0 65 0 176
0 62 0 0
0 53 0 0
0 53 30 0
0 62 30 0
0 65 30 0
0 65 0 240
0 62 0 0
0 53 0 0
0 53 40 0
0 61 40 0
0 65 40 0
0 65 0 69
0 61 0 0
0 53 0 0
0 53 36 120
0 61 36 0
0 65 36 0
0 65 0 34
0 61 0 0
0 53 0 0
0 53 33 120
0 61 33 0
0 61 0 120
0 53 0 0
0 53 42 120
0 60 42 0
0 65 42 0
0 65 0 191
0 60 0 0
0 53 0 0
0 53 39 0
0 60 39 0
0 65 39 0
0 65 0 166
0 60 0 0
0 53 0 0
0 53 34 0
0 60 34 0
0 65 34 0
0 65 0 240
0 60 0 0
0 53 0 0
0 47 45 0
0 47 0 191
0 55 42 0
0 59 42 0
0 59 0 127
0 65 36 0
0 65 0 240
0 55 0 0
0 36 63 0
0 36 0 160
0 59 62 0
0 59 0 57
0 60 57 0
0 60 0 120
0 57 64 0
0 57 0 40
0 53 57 0
0 53 0 120
0 36 82 0
0 36 0 28
0 72 78 120
0 72 0 14
0 60 79 120
0 60 0 106
0 41 107 0
0 41 0 120
0 59 70 360
0 59 0 120
0 71 70 183
0 71 0 120
0 83 69 165
0 83 0 11
0 65 54 120
0 73 60 0
0 73 0 20
0 65 0 0
0 65 54 60
0 73 60 0
0 73 0 60
0 65 0 0
0 73 65 60
0 79 65 0
0 79 0 120
0 73 0 0
0 65 47 120
0 73 55 0
0 73 0 120
0 65 0 0
0 73 56 120
0 79 56 0
0 79 0 120
0 73 0 0
0 65 47 120
0 73 55 0
0 73 0 11
0 65 0 0
0 41 107 120
0 41 0 71
0 59 68 360
0 59 0 120
0 71 68 200
0 71 0 120
0 83 69 154
0 83 0 40
0 65 60 120
0 73 67 0
0 73 0 28
0 65 0 0
0 65 54 60
0 73 60 0
0 73 0 60
0 65 0 0
0 73 65 60
0 79 65 0
0 79 0 120
0 73 0 0
0 65 47 120
0 73 55 0
0 73 0 120
0 65 0 0
0 73 56 120
0 79 56 0
0 79 0 120
0 73 0 0
0 65 47 120
0 73 55 0
0 73 0 120
0 65 0 0
0 41 69 0
0 48 69 0
0 57 69 0
0 57 0 14
0 48 0 0
0 41 0 0
0 84 63 430
0 84 0 120
0 81 68 0
0 81 0 74
0 72 63 360
0 72 0 120
0 69 68 0
0 69 0 84
0 60 63 360
0 60 0 120
0 57 68 0
0 57 0 25
0 45 63 430
0 45 0 120
0 41 76 0
0 46 57 33
0 53 57 15
0 61 57 0
0 41 0 60
0 46 0 720
0 53 0 0
0 61 0 0
0 41 71 0
0 48 71 0
0 57 84 0
0 57 0 573
0 48 0 0
0 41 0 0
0 65 74 240
0 72 74 0
0 77 74 0
0 77 0 120
0 72 0 0
0 65 0 0
0 29 74 14
0 41 88 0
0 41 0 240
0 29 0 0
