0 71 42 240
0 68 42 0
0 75 51 0
0 75 0 120
0 68 0 0
0 71 0 0
0 66 51 0
0 66 0 120
0 75 51 240
0 71 42 0
0 68 42 0
0 68 0 120
0 71 0 0
0 75 0 0
0 66 51 0
0 66 0 120
0 75 51 240
0 68 42 0
0 71 42 0
0 71 0 120
0 68 0 0
0 75 0 0
0 66 51 0
0 66 0 120
0 68 44 240
0 71 44 0
0 75 52 0
0 75 0 120
0 71 0 0
0 68 0 0
0 66 52 0
0 66 0 120
0 68 44 240
0 75 52 0
0 71 44 0
0 71 0 120
0 75 0 0
0 68 0 0
0 66 52 0
0 66 0 120
0 68 44 240
0 71 44 0
0 75 52 0
0 75 0 120
0 71 0 0
0 68 0 0
0 66 52 0
0 66 0 120
0 77 42 240
0 83 42 0
0 87 51 0
0 87 0 120
0 83 0 0
0 77 0 0
0 85 51 0
0 85 0 120
0 87 51 240
0 83 42 0
0 77 42 0
0 77 0 120
0 83 0 0
0 87 0 0
0 85 51 0
0 85 0 120
0 87 51 240
0 83 42 0
0 77 42 0
0 77 0 120
0 83 0 0
0 87 0 0
0 85 51 0
0 85 0 120
0 83 44 240
0 77 44 0
0 87 52 0
0 87 0 120
0 77 0 0
0 83 0 0
0 85 52 0
0 85 0 120
0 87 52 240
0 83 44 0
0 77 44 0
0 77 0 120
0 83 0 0
0 87 0 0
0 85 52 0
0 85 0 120
0 87 52 240
0 77 44 0
0 83 44 0
0 83 0 120
0 77 0 0
0 87 0 0
0 85 52 0
0 85 0 120
0 63 35 240
0 66 35 0
0 70 35 0
0 70 0 120
0 66 0 0
0 63 0 0
0 61 35 0
0 61 0 118
0 61 35 242
0 70 35 0
0 66 35 0
0 66 0 60
0 70 0 0
0 61 0 0
0 70 35 420
0 66 35 0
0 61 35 0
0 61 0 60
0 66 0 0
0 70 0 0
0 70 35 420
0 66 35 0
0 63 35 0
0 63 0 120
0 66 0 0
0 70 0 0
0 61 35 0
0 61 0 118
0 70 35 242
0 61 35 0
0 66 35 0
0 66 0 60
0 61 0 0
0 70 0 0
0 61 35 420
0 66 35 0
0 70 35 0
0 70 0 60
0 66 0 0
0 61 0 0
0 71 35 420
0 65 35 0
0 63 35 0
0 63 0 120
0 65 0 0
0 71 0 0
0 61 35 0
0 61 0 118
0 65 36 242
0 63 36 0
0 71 36 0
0 71 0 120
0 63 0 0
0 65 0 0
0 61 36 0
0 61 0 120
0 71 38 240
0 65 38 0
0 63 38 0
0 63 0 120
0 65 0 0
0 71 0 0
0 61 38 0
0 61 0 120
0 71 39 240
0 63 39 0
0 65 39 0
0 65 0 120
0 63 0 0
0 71 0 0
0 61 39 0
0 61 0 120
0 63 41 240
0 65 41 0
0 71 41 0
0 71 0 120
0 65 0 0
0 63 0 0
0 61 42 0
0 61 0 118
0 63 43 242
0 71 43 0
0 65 43 0
0 65 0 120
0 71 0 0
0 63 0 0
0 61 44 0
0 61 0 120
0 63 35 240
0 66 35 0
0 70 35 0
0 70 0 120
0 66 0 0
0 63 0 0
0 61 35 0
0 61 0 118
0 61 35 242
0 66 35 0
0 70 35 0
0 70 0 60
0 66 0 0
0 61 0 0
0 66 35 420
0 61 35 0
0 70 35 0
0 70 0 60
0 61 0 0
0 66 0 0
0 63 35 420
0 66 35 0
0 70 35 0
0 70 0 120
0 66 0 0
0 63 0 0
0 61 35 0
0 61 0 118
0 61 35 242
0 70 35 0
0 66 35 0
0 66 0 60
0 70 0 0
0 61 0 0
0 70 35 420
0 66 35 0
0 61 35 0
0 61 0 60
0 66 0 0
0 70 0 0
0 71 35 420
0 65 35 0
0 63 35 0
0 63 0 120
0 65 0 0
0 71 0 0
0 61 35 0
0 61 0 120
0 71 36 240
0 63 36 0
0 65 36 0
0 65 0 120
0 63 0 0
0 71 0 0
0 61 36 0
0 61 0 120
0 63 38 240
0 65 38 0
0 71 38 0
0 71 0 120
0 65 0 0
0 63 0 0
0 61 38 0
0 61 0 120
0 63 39 240
0 71 39 0
0 65 39 0
0 65 0 120
0 71 0 0
0 63 0 0
0 61 39 0
0 61 0 120
0 63 41 240
0 65 41 0
0 71 41 0
0 71 0 120
0 65 0 0
0 63 0 0
0 61 42 0
0 61 0 120
0 63 43 240
0 65 43 0
0 71 43 0
0 71 0 120
0 65 0 0
0 63 0 0
0 61 44 0
0 61 0 120
0 61 58 0
0 66 58 0
0 66 0 360
0 61 0 0
0 66 55 0
0 70 55 0
0 70 0 120
0 66 0 0
0 70 57 0
0 73 57 0
0 73 0 120
0 70 0 0
0 73 61 120
0 78 61 0
0 78 0 120
0 73 0 0
0 78 66 120
0 82 66 0
0 82 0 120
0 78 0 0
0 85 63 120
0 82 63 0
0 82 0 120
0 85 0 0
0 90 76 120
0 85 76 0
0 85 0 240
0 90 0 0
0 102 85 240
0 97 85 0
0 90 85 0
0 90 0 480
0 97 0 0
0 102 0 0
0 78 67 480
0 90 67 0
0 90 0 240
0 78 0 0
0 92 69 0
0 80 69 0
0 80 0 240
0 92 0 0
0 82 71 0
0 94 71 0
0 94 0 480
0 82 0 0
0 80 68 0
0 92 68 0
0 92 0 240
0 80 0 0
0 90 65 0
0 78 65 0
0 80 53 120
0 92 53 0
0 92 0 60
0 90 0 0
0 78 0 0
0 80 0 0
0 82 53 0
0 94 53 0
0 94 0 60
0 82 0 0
0 92 68 0
0 80 68 0
0 80 0 480
0 92 0 0
0 78 59 0
0 90 59 0
0 90 0 240
0 78 0 0
0 87 57 0
0 75 57 0
0 75 0 240
0 87 0 0
0 73 55 0
0 85 55 0
0 85 0 480
0 73 0 0
0 68 62 0
0 80 62 0
0 74 62 0
0 80 0 240
0 68 0 0
0 82 64 0
0 70 64 0
0 70 0 240
0 82 0 0
0 74 0 0
0 71 66 0
0 74 66 0
0 83 66 0
0 83 0 480
0 74 0 0
0 71 0 0
0 73 59 0
0 80 59 0
0 68 59 0
0 68 0 240
0 80 0 0
0 82 53 0
0 70 53 0
0 70 0 240
0 82 0 0
0 73 0 0
0 78 62 0
0 70 62 0
0 66 62 0
0 66 0 240
0 70 0 0
0 78 0 0
0 63 35 0
0 66 35 0
0 70 35 0
0 70 0 120
0 66 0 0
0 63 0 0
0 61 35 0
0 61 0 120
0 61 35 240
0 66 35 0
0 70 35 0
0 70 0 60
0 66 0 0
0 61 0 0
0 66 35 420
0 61 35 0
0 70 35 0
0 70 0 60
0 61 0 0
0 66 0 0
0 63 35 420
0 66 35 0
0 70 35 0
0 70 0 120
0 66 0 0
0 63 0 0
0 61 35 0
0 61 0 118
0 61 35 242
0 70 35 0
0 66 35 0
0 66 0 60
0 70 0 0
0 61 0 0
0 70 35 420
0 66 35 0
0 61 35 0
0 61 0 60
0 66 0 0
0 70 0 0
0 71 35 420
0 65 35 0
0 63 35 0
0 63 0 120
0 65 0 0
0 71 0 0
0 61 35 0
0 61 0 120
0 71 36 240
0 63 36 0
0 65 36 0
0 65 0 120
0 63 0 0
0 71 0 0
0 61 36 0
0 61 0 120
0 63 38 240
0 65 38 0
0 71 38 0
0 71 0 120
0 65 0 0
0 63 0 0
0 61 38 0
0 61 0 120
0 63 39 240
0 71 39 0
0 65 39 0
0 65 0 120
0 71 0 0
0 63 0 0
0 61 39 0
0 61 0 120
0 63 41 240
0 65 41 0
0 71 41 0
0 71 0 120
0 65 0 0
0 63 0 0
0 61 42 0
0 61 0 120
0 63 43 240
0 65 43 0
0 71 43 0
0 71 0 120
0 65 0 0
0 63 0 0
0 61 44 0
0 61 0 120
0 70 35 240
0 66 35 0
0 63 35 0
0 63 0 120
0 66 0 0
0 70 0 0
0 61 35 0
0 61 0 118
0 70 35 242
0 66 35 0
0 61 35 0
0 61 0 60
0 66 0 0
0 70 0 0
0 70 35 420
0 61 35 0
0 66 35 0
0 66 0 60
0 61 0 0
0 70 0 0
0 63 35 420
0 66 35 0
0 70 35 0
0 70 0 120
0 66 0 0
0 63 0 0
0 61 35 0
0 61 0 118
0 61 35 242
0 66 35 0
0 70 35 0
0 70 0 60
0 66 0 0
0 61 0 0
0 66 35 420
0 61 35 0
0 70 35 0
0 70 0 60
0 61 0 0
0 66 0 0
0 63 35 420
0 65 35 0
0 71 35 0
0 71 0 120
0 65 0 0
0 63 0 0
0 61 35 0
0 61 0 120
0 63 36 240
0 71 36 0
0 65 36 0
0 65 0 120
0 71 0 0
0 63 0 0
0 61 36 0
0 61 0 120
0 63 38 240
0 65 38 0
0 71 38 0
0 71 0 120
0 65 0 0
0 63 0 0
0 61 38 0
0 61 0 120
0 63 39 240
0 65 39 0
0 71 39 0
0 71 0 120
0 65 0 0
0 63 0 0
0 61 39 0
0 61 0 120
0 71 41 240
0 65 41 0
0 63 41 0
0 63 0 120
0 65 0 0
0 71 0 0
0 61 42 0
0 61 0 118
0 71 43 242
0 65 43 0
0 63 43 0
0 63 0 120
0 65 0 0
0 71 0 0
0 61 44 0
0 61 0 120
0 66 58 0
0 61 58 0
0 61 0 360
0 66 0 0
0 66 55 0
0 70 55 0
0 70 0 120
0 66 0 0
0 70 57 0
0 73 57 0
0 73 0 120
0 70 0 0
0 73 61 120
0 78 61 0
0 78 0 120
0 73 0 0
0 78 66 120
0 82 66 0
0 82 0 120
0 78 0 0
0 85 63 120
0 82 63 0
0 82 0 120
0 85 0 0
0 90 76 120
0 85 76 0
0 85 0 240
0 90 0 0
0 90 85 240
0 97 85 0
0 102 85 0
0 102 0 480
0 97 0 0
0 90 0 0
0 78 61 480
0 90 61 0
0 90 0 240
0 78 0 0
0 92 63 0
0 80 63 0
0 80 0 240
0 92 0 0
0 82 66 0
0 94 66 0
0 94 0 480
0 82 0 0
0 80 62 0
0 92 62 0
0 92 0 240
0 80 0 0
0 78 60 0
0 90 60 0
0 92 49 120
0 80 49 0
0 80 0 60
0 78 0 0
0 90 0 0
0 92 0 0
0 82 49 0
0 94 49 0
0 94 0 60
0 82 0 0
0 92 62 0
0 80 62 0
0 80 0 480
0 92 0 0
0 78 58 0
0 90 58 0
0 90 0 240
0 78 0 0
0 89 56 0
0 77 56 0
0 77 0 240
0 89 0 0
0 75 53 0
0 87 53 0
0 87 0 480
0 75 0 0
0 66 57 0
0 77 54 240
0 77 0 240
0 75 62 0
0 75 0 480
0 66 0 0
0 66 60 0
0 72 60 0
0 72 0 240
0 80 56 0
0 80 0 240
0 66 0 0
0 77 57 0
0 65 57 0
0 65 0 240
0 77 0 0
0 58 35 0
0 61 35 0
0 65 35 0
0 65 0 120
0 61 0 0
0 58 0 0
0 56 35 0
0 56 0 115
0 56 35 245
0 61 35 0
0 65 35 0
0 65 0 60
0 61 0 0
0 56 0 0
0 61 35 420
0 56 35 0
0 65 35 0
0 65 0 60
0 56 0 0
0 61 0 0
0 58 35 420
0 61 35 0
0 65 35 0
0 65 0 120
0 61 0 0
0 58 0 0
0 56 35 0
0 56 0 110
0 56 35 250
0 65 35 0
0 61 35 0
0 61 0 60
0 65 0 0
0 56 0 0
0 65 35 420
0 61 35 0
0 56 35 0
0 56 0 60
0 61 0 0
0 65 0 0
0 66 35 420
0 60 35 0
0 58 35 0
0 58 0 120
0 60 0 0
0 66 0 0
0 56 35 0
0 56 0 110
0 66 36 250
0 58 36 0
0 60 36 0
0 60 0 120
0 58 0 0
0 66 0 0
0 56 36 0
0 56 0 120
0 58 38 240
0 60 38 0
0 66 38 0
0 66 0 120
0 60 0 0
0 58 0 0
0 56 38 0
0 56 0 120
0 58 39 240
0 66 39 0
0 60 39 0
0 60 0 120
0 66 0 0
0 58 0 0
0 56 39 0
0 56 0 120
0 58 41 240
0 60 41 0
0 66 41 0
0 66 0 120
0 60 0 0
0 58 0 0
0 56 42 0
0 56 0 110
0 58 43 250
0 60 43 0
0 66 43 0
0 66 0 120
0 60 0 0
0 58 0 0
0 56 44 0
0 56 0 120
0 65 35 240
0 61 35 0
0 58 35 0
0 58 0 120
0 61 0 0
0 65 0 0
0 56 35 0
0 56 0 110
0 65 35 250
0 61 35 0
0 56 35 0
0 56 0 60
0 61 0 0
0 65 0 0
0 65 35 420
0 56 35 0
0 61 35 0
0 61 0 60
0 56 0 0
0 65 0 0
0 58 35 420
0 61 35 0
0 65 35 0
0 65 0 120
0 61 0 0
0 58 0 0
0 56 35 0
0 56 0 110
0 56 35 250
0 61 35 0
0 65 35 0
0 65 0 60
0 61 0 0
0 56 0 0
0 61 35 420
0 56 35 0
0 65 35 0
0 65 0 60
0 56 0 0
0 61 0 0
0 58 35 420
0 60 35 0
0 66 35 0
0 66 0 120
0 60 0 0
0 58 0 0
0 56 35 0
0 56 0 110
0 58 36 250
0 66 36 0
0 60 36 0
0 60 0 120
0 66 0 0
0 58 0 0
0 56 36 0
0 56 0 120
0 58 38 240
0 60 38 0
0 66 38 0
0 66 0 120
0 60 0 0
0 58 0 0
0 56 38 0
0 56 0 120
0 58 39 240
0 60 39 0
0 66 39 0
0 66 0 120
0 60 0 0
0 58 0 0
0 56 39 0
0 56 0 120
0 66 41 240
0 60 41 0
0 58 41 0
0 58 0 120
0 60 0 0
0 66 0 0
0 56 42 0
0 56 0 110
0 66 43 250
0 60 43 0
0 58 43 0
0 58 0 120
0 60 0 0
0 66 0 0
0 56 44 0
0 56 0 120
0 61 58 0
0 56 58 0
0 56 0 360
0 61 0 0
0 61 55 0
0 65 55 0
0 61 0 118
0 65 0 2
0 65 57 0
0 68 57 0
0 68 0 120
0 65 0 0
0 68 61 120
0 73 61 0
0 73 0 120
0 68 0 0
0 73 66 120
0 77 66 0
0 77 0 120
0 73 0 0
0 80 63 120
0 77 63 0
0 77 0 120
0 80 0 0
0 73 76 120
0 85 76 0
0 80 76 0
0 80 0 240
0 85 0 0
0 73 0 0
0 97 85 240
0 89 85 0
0 85 85 0
0 85 0 480
0 89 0 0
0 97 0 0
0 75 61 480
0 87 61 0
0 87 0 240
0 75 0 0
0 89 63 0
0 77 63 0
0 77 0 240
0 89 0 0
0 78 66 0
0 90 66 0
0 90 0 480
0 78 0 0
0 80 62 0
0 92 62 0
0 92 0 240
0 80 0 0
0 90 60 0
0 78 60 0
0 77 49 120
0 89 49 0
0 89 0 60
0 90 0 0
0 78 0 0
0 77 0 0
0 78 49 0
0 90 49 0
0 90 0 60
0 78 0 0
0 89 62 0
0 77 62 0
0 77 0 480
0 89 0 0
0 75 55 0
0 87 55 0
0 87 0 240
0 75 0 0
0 89 52 0
0 77 52 0
0 77 0 240
0 89 0 0
0 73 50 0
0 85 50 0
0 85 0 480
0 73 0 0
0 70 52 0
0 82 52 0
0 76 52 0
0 82 0 240
0 70 0 0
0 85 54 0
0 73 54 0
0 73 0 240
0 85 0 0
0 76 0 0
0 71 56 0
0 75 56 0
0 83 56 0
0 83 0 480
0 75 0 0
0 71 0 0
0 73 50 0
0 80 50 0
0 68 50 0
0 68 0 240
0 80 0 0
0 82 45 0
0 70 45 0
0 70 0 240
0 82 0 0
0 73 0 0
0 78 52 0
0 70 52 0
0 66 52 0
0 66 0 240
0 70 0 0
0 78 0 0
0 63 35 0
0 66 35 0
0 70 35 0
0 70 0 120
0 66 0 0
0 63 0 0
0 61 35 0
0 61 0 110
0 61 35 250
0 66 35 0
0 70 35 0
0 70 0 60
0 66 0 0
0 61 0 0
0 66 35 420
0 61 35 0
0 70 35 0
0 70 0 60
0 61 0 0
0 66 0 0
0 63 35 420
0 66 35 0
0 70 35 0
0 70 0 120
0 66 0 0
0 63 0 0
0 61 35 0
0 61 0 110
0 61 35 250
0 70 35 0
0 66 35 0
0 66 0 60
0 70 0 0
0 61 0 0
0 70 35 420
0 66 35 0
0 61 35 0
0 61 0 60
0 66 0 0
0 70 0 0
0 71 35 420
0 65 35 0
0 63 35 0
0 63 0 120
0 65 0 0
0 71 0 0
0 61 35 0
0 61 0 110
0 71 36 250
0 63 36 0
0 65 36 0
0 65 0 120
0 63 0 0
0 71 0 0
0 61 36 0
0 61 0 120
0 63 38 240
0 65 38 0
0 71 38 0
0 71 0 120
0 65 0 0
0 63 0 0
0 61 38 0
0 61 0 120
0 63 39 240
0 71 39 0
0 65 39 0
0 65 0 120
0 71 0 0
0 63 0 0
0 61 39 0
0 61 0 120
0 63 41 240
0 65 41 0
0 71 41 0
0 71 0 120
0 65 0 0
0 63 0 0
0 61 42 0
0 61 0 120
0 63 43 240
0 65 43 0
0 71 43 0
0 71 0 120
0 65 0 0
0 63 0 0
0 61 44 0
0 61 0 120
0 70 35 240
0 66 35 0
0 63 35 0
0 63 0 120
0 66 0 0
0 70 0 0
0 61 35 0
0 61 0 110
0 70 35 250
0 66 35 0
0 61 35 0
0 61 0 60
0 66 0 0
0 70 0 0
0 70 35 420
0 61 35 0
0 66 35 0
0 66 0 60
0 61 0 0
0 70 0 0
0 63 35 420
0 66 35 0
0 70 35 0
0 70 0 120
0 66 0 0
0 63 0 0
0 61 35 0
0 61 0 110
0 61 35 250
0 66 35 0
0 70 35 0
0 70 0 60
0 66 0 0
0 61 0 0
0 66 35 420
0 61 35 0
0 70 35 0
0 70 0 60
0 61 0 0
0 66 0 0
0 63 35 420
0 65 35 0
0 71 35 0
0 71 0 120
0 65 0 0
0 63 0 0
0 61 35 0
0 61 0 110
0 63 36 250
0 71 36 0
0 65 36 0
0 65 0 120
0 71 0 0
0 63 0 0
0 61 36 0
0 61 0 120
0 63 38 240
0 65 38 0
0 71 38 0
0 71 0 120
0 65 0 0
0 63 0 0
0 61 38 0
0 61 0 120
0 63 39 240
0 65 39 0
0 71 39 0
0 71 0 120
0 65 0 0
0 63 0 0
0 61 39 0
0 61 0 120
0 71 41 240
0 65 41 0
0 63 41 0
0 63 0 120
0 65 0 0
0 71 0 0
0 61 42 0
0 61 0 120
0 71 43 240
0 65 43 0
0 63 43 0
0 63 0 120
0 65 0 0
0 71 0 0
0 61 44 0
0 61 0 120
0 66 58 0
0 61 58 0
0 61 0 360
0 66 0 0
0 66 55 0
0 70 55 0
0 70 0 120
0 66 0 0
0 70 57 0
0 73 57 0
0 73 0 120
0 70 0 0
0 73 61 120
0 78 61 0
0 78 0 120
0 73 0 0
0 78 66 120
0 82 66 0
0 82 0 120
0 78 0 0
0 85 63 120
0 82 63 0
0 82 0 120
0 85 0 0
0 90 76 120
0 85 76 0
0 85 0 240
0 90 0 0
0 90 85 240
0 97 85 0
0 102 85 0
0 102 0 480
0 97 0 0
0 90 0 0
0 61 50 480
0 66 50 0
0 66 0 120
0 61 0 0
0 66 46 120
0 68 46 0
0 68 0 120
0 66 0 0
0 66 53 120
0 69 53 0
0 69 0 480
0 66 0 0
0 66 48 0
0 71 48 0
0 71 0 120
0 66 0 0
0 66 37 120
0 69 44 0
0 69 0 120
0 66 0 0
0 68 37 0
0 68 0 60
0 69 37 0
0 69 0 60
0 65 39 0
0 68 47 0
0 68 0 480
0 65 0 0
0 71 61 0
0 74 61 0
0 74 0 240
0 73 57 0
0 73 0 240
0 71 0 0
0 69 60 0
0 78 60 0
0 78 0 480
0 69 0 0
0 69 50 0
0 72 50 0
0 77 61 0
0 77 0 240
0 81 59 0
0 81 0 240
0 72 0 0
0 69 0 0
0 69 45 0
0 73 45 0
0 81 56 0
0 81 0 480
0 73 0 0
0 69 0 0
0 68 45 0
0 72 45 0
0 76 55 0
0 76 0 480
0 72 0 0
0 68 0 0
0 66 38 240
0 69 38 0
0 73 38 0
0 73 0 120
0 69 0 0
0 66 0 0
0 64 38 0
0 64 0 110
0 64 38 250
0 69 38 0
0 73 38 0
0 73 0 60
0 69 0 0
0 64 0 0
0 69 38 420
0 64 38 0
0 73 38 0
0 76 38 0
0 76 0 60
0 69 0 0
0 64 0 0
0 73 0 0
0 69 45 180
0 73 55 0
0 73 0 120
0 69 0 0
0 69 41 120
0 74 50 0
0 74 0 120
0 69 0 0
0 70 47 120
0 76 58 0
0 76 0 480
0 70 0 0
0 70 48 0
0 77 52 0
0 77 0 120
0 70 0 0
0 70 37 120
0 76 48 0
0 76 0 120
0 70 0 0
0 74 46 0
0 74 0 60
0 76 45 0
0 76 0 60
0 70 44 0
0 74 57 0
0 74 0 480
0 70 0 0
0 65 54 0
0 72 54 0
0 72 0 120
0 65 0 0
0 65 50 120
0 70 50 0
0 70 0 120
0 65 0 0
0 64 55 120
0 69 55 0
0 69 0 480
0 64 0 0
0 70 46 0
0 76 57 0
0 76 0 240
0 77 61 0
0 77 0 240
0 70 0 0
0 70 54 0
0 76 60 0
0 79 66 0
0 79 0 480
0 76 0 0
0 70 0 0
0 67 49 0
0 70 49 0
0 73 60 0
0 70 0 240
0 69 53 0
0 69 0 240
0 73 0 0
0 67 0 0
0 70 45 240
0 74 45 0
0 77 45 0
0 77 0 120
0 74 0 0
0 70 0 0
0 69 45 0
0 69 0 120
0 69 45 240
0 74 45 0
0 77 45 0
0 77 0 60
0 74 0 0
0 69 0 0
0 74 45 420
0 69 45 0
0 77 45 0
0 81 45 0
0 81 0 60
0 74 0 0
0 69 0 0
0 77 0 0
0 69 45 180
0 71 45 0
0 74 55 0
0 74 0 120
0 71 0 0
0 69 0 0
0 69 41 120
0 71 41 0
0 76 50 0
0 76 0 120
0 71 0 0
0 69 0 0
0 69 47 120
0 71 47 0
0 77 58 0
0 77 0 480
0 71 0 0
0 69 0 0
0 71 48 0
0 69 48 0
0 76 52 0
0 76 0 120
0 69 0 0
0 71 0 0
0 69 37 120
0 71 37 0
0 74 48 0
0 74 0 120
0 71 0 0
0 69 0 0
0 72 46 0
0 72 0 60
0 74 45 0
0 74 0 60
0 65 44 0
0 69 44 0
0 72 57 0
0 72 0 480
0 69 0 0
0 65 0 0
0 65 54 0
0 69 54 0
0 71 54 0
0 71 0 240
0 69 0 0
0 65 0 0
0 65 50 0
0 69 50 0
0 72 50 0
0 72 0 240
0 69 0 0
0 65 0 0
0 65 55 0
0 69 55 0
0 74 55 0
0 74 0 480
0 69 0 0
0 65 0 0
0 63 46 0
0 69 57 0
0 69 0 240
0 71 61 0
0 71 0 240
0 63 0 0
0 63 54 0
0 69 60 0
0 72 66 0
0 72 0 480
0 69 0 0
0 63 0 0
0 66 49 0
0 63 49 0
0 57 41 0
0 59 41 0
0 71 60 0
0 71 0 480
0 57 0 0
0 66 0 0
0 63 0 0
0 59 0 0
0 61 45 240
0 64 45 0
0 68 45 0
0 68 0 120
0 64 0 0
0 61 0 0
0 59 45 0
0 59 0 120
0 59 45 240
0 64 45 0
0 68 45 0
0 68 0 60
0 64 0 0
0 59 0 0
0 64 45 420
0 59 45 0
0 68 45 0
0 71 45 0
0 71 0 60
0 64 0 0
0 59 0 0
0 68 0 0
0 64 63 420
0 74 63 0
0 76 63 0
0 76 0 240
0 74 0 0
0 64 0 0
0 66 67 0
0 78 67 0
0 78 0 240
0 66 0 0
0 68 63 0
0 80 63 0
0 80 0 240
0 68 0 0
0 68 68 0
0 74 68 0
0 78 68 0
0 78 0 240
0 74 0 0
0 72 63 0
0 76 63 0
0 76 0 240
0 72 0 0
0 68 0 0
0 64 56 0
0 69 56 0
0 76 67 0
0 76 0 240
0 69 0 0
0 64 0 0
0 68 53 0
0 72 63 0
0 72 0 120
0 68 0 0
0 69 56 120
0 73 67 0
0 73 0 120
0 69 0 0
0 73 59 120
0 76 70 0
0 76 0 120
0 73 0 0
0 76 62 120
0 81 74 0
0 81 0 120
0 76 0 0
0 85 78 120
0 81 66 0
0 81 0 120
0 85 0 0
0 88 81 120
0 81 68 0
0 81 0 240
0 88 0 0
0 85 65 0
0 76 55 0
0 76 0 240
0 85 0 0
0 69 64 0
0 76 74 0
0 76 0 240
0 69 0 0
0 64 54 0
0 73 64 0
0 73 0 240
0 64 0 0
0 69 63 0
0 80 77 0
0 80 0 240
0 71 70 0
0 71 0 240
0 69 0 0
0 64 64 0
0 68 76 0
0 76 76 0
0 76 0 240
0 68 0 0
0 64 0 0
0 88 97 240
0 80 81 0
0 76 80 0
0 76 0 240
0 80 0 0
0 88 0 0
0 57 35 960
0 60 35 0
0 64 35 0
0 64 0 120
0 60 0 0
0 57 0 0
0 55 35 0
0 55 0 110
0 55 35 250
0 60 35 0
0 64 35 0
0 64 0 60
0 60 0 0
0 55 0 0
0 55 35 420
0 60 35 0
0 64 35 0
0 64 0 60
0 60 0 0
0 55 0 0
0 57 35 420
0 60 35 0
0 64 35 0
0 64 0 120
0 60 0 0
0 57 0 0
0 55 35 0
0 55 0 110
0 55 35 250
0 60 35 0
0 64 35 0
0 64 0 60
0 60 0 0
0 55 0 0
0 55 35 420
0 60 35 0
0 64 35 0
0 64 0 60
0 60 0 0
0 55 0 0
0 57 35 420
0 59 35 0
0 65 35 0
0 65 0 120
0 59 0 0
0 57 0 0
0 55 35 0
0 55 0 110
0 57 36 250
0 59 36 0
0 65 36 0
0 65 0 120
0 59 0 0
0 57 0 0
0 55 36 0
0 55 0 120
0 57 38 240
0 59 38 0
0 65 38 0
0 65 0 120
0 59 0 0
0 57 0 0
0 55 38 0
0 55 0 120
0 57 39 240
0 59 39 0
0 65 39 0
0 65 0 120
0 59 0 0
0 57 0 0
0 55 39 0
0 55 0 120
0 57 41 240
0 59 41 0
0 65 41 0
0 65 0 120
0 59 0 0
0 57 0 0
0 55 42 0
0 55 0 110
0 57 43 250
0 59 43 0
0 65 43 0
0 65 0 120
0 59 0 0
0 57 0 0
0 55 44 0
0 55 0 120
0 57 29 240
0 60 29 0
0 64 29 0
0 64 0 120
0 60 0 0
0 57 0 0
0 55 29 0
0 55 0 110
0 55 29 250
0 60 29 0
0 64 29 0
0 64 0 60
0 60 0 0
0 55 0 0
0 55 29 420
0 60 29 0
0 64 29 0
0 64 0 60
0 60 0 0
0 55 0 0
0 57 29 420
0 60 29 0
0 64 29 0
0 64 0 120
0 60 0 0
0 57 0 0
0 55 29 0
0 55 0 110
0 55 29 250
0 60 29 0
0 64 29 0
0 64 0 60
0 60 0 0
0 55 0 0
0 55 29 420
0 60 29 0
0 64 29 0
0 64 0 60
0 60 0 0
0 55 0 0
0 57 29 420
0 59 29 0
0 65 29 0
0 65 0 120
0 59 0 0
0 57 0 0
0 55 29 0
0 55 0 110
0 57 30 250
0 59 30 0
0 65 30 0
0 65 0 120
0 59 0 0
0 57 0 0
0 55 30 0
0 55 0 120
0 57 32 240
0 59 32 0
0 65 32 0
0 65 0 120
0 59 0 0
0 57 0 0
0 55 32 0
0 55 0 120
0 57 33 240
0 59 33 0
0 65 33 0
0 65 0 120
0 59 0 0
0 57 0 0
0 55 33 0
0 55 0 120
0 57 34 240
0 59 34 0
0 65 34 0
0 65 0 120
0 59 0 0
0 57 0 0
0 55 35 0
0 55 0 120
0 57 36 240
0 59 36 0
0 65 36 0
0 65 0 120
0 59 0 0
0 57 0 0
0 55 37 0
0 55 0 120
0 84 54 0
0 72 54 0
0 72 0 120
0 84 0 0
0 86 56 120
0 74 56 0
0 74 0 120
0 86 0 0
0 76 59 120
0 88 59 0
0 88 0 480
0 76 0 0
0 74 55 0
0 86 55 0
0 86 0 120
0 74 0 0
0 72 51 120
0 84 51 0
0 84 0 120
0 72 0 0
0 74 44 0
0 86 44 0
0 86 0 60
0 74 0 0
0 76 44 0
0 88 44 0
0 88 0 60
0 76 0 0
0 86 55 0
0 74 55 0
0 74 0 480
0 86 0 0
0 72 52 0
0 84 52 0
0 84 0 120
0 72 0 0
0 67 50 120
0 79 50 0
0 79 0 120
0 67 0 0
0 64 56 120
0 76 56 0
0 76 0 240
0 64 0 0
0 68 45 0
0 74 45 0
0 74 0 240
0 68 0 0
0 70 45 0
0 73 45 0
0 73 0 240
0 70 0 0
0 72 47 0
0 75 47 0
0 75 0 240
0 72 0 0
0 73 49 0
0 76 49 0
0 76 0 240
0 73 0 0
0 82 51 0
0 76 51 0
0 76 0 240
0 82 0 0
0 81 53 0
0 79 53 0
0 79 0 240
0 81 0 0
0 88 54 0
0 79 54 0
0 79 0 240
0 88 0 0
0 86 59 0
0 77 59 0
0 77 0 240
0 86 0 0
0 75 54 0
0 81 54 0
0 81 0 240
0 75 0 0
0 74 57 0
0 80 57 0
0 80 0 240
0 74 0 0
0 85 51 0
0 76 51 0
0 76 0 240
0 85 0 0
0 78 60 0
0 86 60 0
0 86 0 480
0 78 0 0
0 86 64 0
0 74 55 0
0 74 0 120
0 86 0 0
0 88 67 120
0 76 56 0
0 76 0 120
0 88 0 0
0 77 59 120
0 89 70 0
0 89 0 480
0 77 0 0
0 76 56 0
0 88 66 0
0 88 0 120
0 76 0 0
0 74 51 120
0 86 61 0
0 86 0 120
0 74 0 0
0 76 44 0
0 88 52 0
0 88 0 60
0 76 0 0
0 77 44 0
0 89 52 0
0 89 0 60
0 77 0 0
0 88 66 0
0 76 56 0
0 76 0 480
0 88 0 0
0 74 52 0
0 86 62 0
0 86 0 120
0 74 0 0
0 69 49 120
0 81 58 0
0 81 0 120
0 69 0 0
0 65 46 120
0 77 55 0
0 77 0 120
0 65 0 0
0 69 49 120
0 76 58 0
0 76 0 240
0 69 0 0
0 69 45 0
0 75 45 0
0 75 0 240
0 69 0 0
0 72 47 0
0 76 47 0
0 76 0 240
0 72 0 0
0 75 49 0
0 78 49 0
0 78 0 240
0 75 0 0
0 81 51 0
0 79 51 0
0 79 0 240
0 81 0 0
0 84 53 0
0 78 53 0
0 78 0 240
0 84 0 0
0 83 54 0
0 81 54 0
0 81 0 240
0 83 0 0
0 91 59 0
0 79 59 0
0 79 0 240
0 91 0 0
0 75 54 0
0 84 54 0
0 84 0 240
0 75 0 0
0 76 57 0
0 83 57 0
0 83 0 240
0 76 0 0
0 87 51 0
0 81 51 0
0 81 0 240
0 87 0 0
0 79 60 0
0 88 60 0
0 88 0 480
0 79 0 0
0 88 64 0
0 76 55 0
0 76 0 120
0 88 0 0
0 90 67 120
0 78 56 0
0 78 0 120
0 90 0 0
0 79 59 120
0 91 70 0
0 91 0 480
0 79 0 0
0 78 56 0
0 90 66 0
0 90 0 120
0 78 0 0
0 76 51 120
0 88 61 0
0 88 0 120
0 76 0 0
0 78 44 0
0 90 52 0
0 90 0 60
0 78 0 0
0 79 44 0
0 91 52 0
0 91 0 60
0 79 0 0
0 90 66 0
0 78 56 0
0 78 0 480
0 90 0 0
0 76 52 0
0 88 62 0
0 88 0 120
0 76 0 0
0 71 49 120
0 83 58 0
0 83 0 120
0 71 0 0
0 67 46 120
0 79 55 0
0 79 0 480
0 67 0 0
0 91 70 0
0 79 59 0
0 79 0 120
0 91 0 0
0 93 73 120
0 81 61 0
0 81 0 120
0 93 0 0
0 82 64 120
0 94 77 0
0 94 0 480
0 82 0 0
0 81 61 0
0 93 72 0
0 93 0 120
0 81 0 0
0 79 56 120
0 91 67 0
0 91 0 120
0 79 0 0
0 81 48 0
0 93 57 0
0 93 0 60
0 81 0 0
0 82 48 0
0 94 57 0
0 94 0 60
0 82 0 0
0 93 72 0
0 81 61 0
0 81 0 480
0 93 0 0
0 79 57 0
0 91 68 0
0 91 0 120
0 79 0 0
0 74 53 120
0 86 63 0
0 86 0 120
0 74 0 0
0 70 50 120
0 82 60 0
0 82 0 480
0 70 0 0
0 94 77 0
0 82 64 0
0 82 0 120
0 94 0 0
0 96 80 120
0 84 67 0
0 84 0 120
0 96 0 0
0 85 70 120
0 97 84 0
0 97 0 120
0 85 0 0
0 99 75 120
0 87 62 0
0 87 0 120
0 99 0 0
0 85 67 120
0 97 79 0
0 97 0 120
0 85 0 0
0 84 61 120
0 96 73 0
0 96 0 120
0 84 0 0
0 95 79 120
0 83 67 0
0 83 0 120
0 95 0 0
0 94 70 120
0 82 59 0
0 82 0 120
0 94 0 0
0 79 62 120
0 91 74 0
0 91 0 120
0 79 0 0
0 76 58 120
0 88 69 0
0 88 0 120
0 76 0 0
0 73 55 120
0 85 66 0
0 85 0 120
0 73 0 0
0 82 55 120
0 70 55 0
0 70 0 120
0 82 0 0
0 88 75 120
0 76 67 0
0 76 0 120
0 88 0 0
0 85 67 120
0 73 59 0
0 73 0 120
0 85 0 0
0 70 58 120
0 82 70 0
0 82 0 120
0 70 0 0
0 67 58 120
0 79 69 0
0 79 0 120
0 67 0 0
0 64 55 120
0 76 66 0
0 76 0 120
0 64 0 0
0 73 55 120
0 61 55 0
0 61 0 120
0 73 0 0
0 82 71 120
0 70 60 0
0 70 0 120
0 82 0 0
0 79 63 120
0 67 53 0
0 67 0 120
0 79 0 0
0 64 52 120
0 76 63 0
0 76 0 120
0 64 0 0
0 61 52 120
0 73 62 0
0 73 0 120
0 61 0 0
0 61 49 120
0 58 49 0
0 70 59 0
0 70 0 240
0 58 0 0
0 61 0 0
0 67 49 0
0 73 49 0
0 61 49 0
0 61 0 240
0 73 0 0
0 67 0 0
0 71 54 0
0 59 45 0
0 59 0 240
0 71 0 0
0 73 56 0
0 61 47 0
0 61 0 240
0 73 0 0
0 71 59 0
0 63 50 0
0 75 59 0
0 75 0 480
0 63 0 0
0 71 0 0
0 61 46 0
0 73 55 0
0 73 0 240
0 61 0 0
0 59 43 0
0 71 51 0
0 71 0 240
0 59 0 0
0 67 55 0
0 73 55 0
0 61 46 0
0 61 0 480
0 73 0 0
0 67 0 0
0 59 44 0
0 71 52 0
0 71 0 240
0 59 0 0
0 58 42 0
0 70 50 0
0 70 0 240
0 58 0 0
0 55 45 0
0 67 53 0
0 67 0 480
0 55 0 0
0 71 56 0
0 59 47 0
0 59 0 240
0 71 0 0
0 73 58 0
0 61 49 0
0 61 0 240
0 73 0 0
0 71 61 0
0 63 52 0
0 75 61 0
0 75 0 480
0 63 0 0
0 71 0 0
0 61 48 0
0 73 57 0
0 73 0 240
0 61 0 0
0 59 45 0
0 71 53 0
0 71 0 240
0 59 0 0
0 67 57 0
0 73 57 0
0 61 48 0
0 61 0 480
0 73 0 0
0 67 0 0
0 59 47 0
0 71 55 0
0 71 0 240
0 59 0 0
0 58 46 0
0 70 54 0
0 70 0 240
0 58 0 0
0 55 49 0
0 67 58 0
0 67 0 480
0 55 0 0
0 71 67 0
0 59 56 0
0 59 0 240
0 71 0 0
0 73 70 0
0 61 58 0
0 61 0 240
0 73 0 0
0 71 65 0
0 63 63 0
0 75 73 0
0 75 0 480
0 63 0 0
0 71 0 0
0 61 57 0
0 73 69 0
0 73 0 240
0 61 0 0
0 59 53 0
0 71 64 0
0 71 0 240
0 59 0 0
0 69 58 0
0 75 70 0
0 63 58 0
0 63 0 240
0 75 0 0
0 77 73 0
0 65 60 0
0 65 0 240
0 77 0 0
0 69 0 0
0 69 68 0
0 66 66 0
0 78 76 0
0 78 0 480
0 66 0 0
0 65 59 0
0 77 72 0
0 77 0 120
0 65 0 0
0 63 55 120
0 75 67 0
0 75 0 120
0 63 0 0
0 69 0 120
0 61 64 0
0 66 64 0
0 70 64 0
0 73 75 0
0 73 0 120
0 61 0 0
0 66 0 0
0 70 0 0
0 63 59 120
0 75 71 0
0 75 0 120
0 63 0 0
0 65 66 120
0 70 66 0
0 77 77 0
0 77 0 120
0 70 0 0
0 65 0 0
0 66 61 120
0 78 74 0
0 78 0 120
0 66 0 0
0 68 68 120
0 80 79 0
0 80 0 120
0 68 0 0
0 70 64 120
0 82 76 0
0 82 0 120
0 70 0 0
0 71 71 120
0 77 84 0
0 83 84 0
0 83 0 120
0 77 0 0
0 71 0 0
0 72 66 120
0 84 78 0
0 84 0 120
0 72 0 0
0 73 72 120
0 77 85 0
0 83 85 0
0 85 85 0
0 85 0 120
0 73 0 0
0 77 0 0
0 83 0 0
0 86 81 120
0 74 69 0
0 74 0 120
0 86 0 0
0 87 89 120
0 83 89 0
0 75 75 0
0 75 0 120
0 83 0 0
0 87 0 0
0 89 85 120
0 77 71 0
0 77 0 120
0 89 0 0
0 78 61 120
0 90 86 0
0 85 61 0
0 85 0 240
0 90 0 0
0 78 0 0
0 92 89 0
0 80 63 0
0 80 0 240
0 92 0 0
0 85 79 0
0 82 68 0
0 94 94 0
0 94 0 480
0 82 0 0
0 85 0 0
0 80 62 0
0 92 88 0
0 92 0 240
0 80 0 0
0 78 57 0
0 90 81 0
0 90 0 120
0 78 0 0
0 92 75 0
0 92 0 60
0 94 75 0
0 94 0 60
0 86 88 0
0 92 88 0
0 80 62 0
0 80 0 480
0 92 0 0
0 86 0 0
0 78 59 0
0 90 83 0
0 90 0 240
0 78 0 0
0 76 56 0
0 88 80 0
0 88 0 240
0 76 0 0
0 78 61 0
0 74 61 0
0 86 84 0
0 86 0 480
0 74 0 0
0 78 0 0
0 82 64 0
0 73 64 0
0 85 76 0
0 78 64 0
0 78 0 240
0 82 0 0
0 73 0 0
0 85 0 0
0 87 78 0
0 75 66 0
0 75 0 240
0 87 0 0
0 82 68 0
0 77 68 0
0 89 80 0
0 89 0 480
0 77 0 0
0 82 0 0
0 75 64 0
0 87 76 0
0 87 0 240
0 75 0 0
0 73 59 0
0 85 70 0
0 85 0 240
0 73 0 0
0 74 55 0
0 83 65 0
0 71 55 0
0 71 0 1440
0 83 0 0
0 74 0 0
0 78 61 0
0 90 86 0
0 85 61 0
0 85 0 240
0 90 0 0
0 78 0 0
0 92 89 0
0 80 63 0
0 80 0 240
0 92 0 0
0 85 79 0
0 82 68 0
0 94 94 0
0 94 0 480
0 82 0 0
0 85 0 0
0 80 62 0
0 92 88 0
0 92 0 240
0 80 0 0
0 78 57 0
0 90 81 0
0 90 0 120
0 78 0 0
0 92 75 0
0 92 0 60
0 94 75 0
0 94 0 60
0 86 88 0
0 92 88 0
0 80 62 0
0 80 0 480
0 92 0 0
0 86 0 0
0 78 59 0
0 90 83 0
0 90 0 240
0 78 0 0
0 76 56 0
0 88 80 0
0 88 0 240
0 76 0 0
0 78 61 0
0 74 61 0
0 86 84 0
0 86 0 480
0 74 0 0
0 78 0 0
0 82 64 0
0 73 64 0
0 85 76 0
0 78 64 0
0 78 0 240
0 82 0 0
0 73 0 0
0 85 0 0
0 87 78 0
0 75 66 0
0 75 0 240
0 87 0 0
0 82 68 0
0 77 68 0
0 89 80 0
0 89 0 480
0 77 0 0
0 82 0 0
0 75 64 0
0 87 76 0
0 87 0 240
0 75 0 0
0 73 59 0
0 85 70 0
0 85 0 240
0 73 0 0
0 74 55 0
0 83 65 0
0 71 55 0
0 71 0 1440
0 83 0 0
0 74 0 0
0 63 35 240
0 66 35 0
0 70 35 0
0 70 0 120
0 66 0 0
0 63 0 0
0 61 35 0
0 61 0 110
0 61 35 250
0 66 35 0
0 70 35 0
0 70 0 60
0 66 0 0
0 61 0 0
0 61 35 420
0 66 35 0
0 70 35 0
0 70 0 60
0 66 0 0
0 61 0 0
0 83 53 420
0 77 47 0
0 73 44 0
0 85 60 0
0 85 0 240
0 83 0 0
0 77 0 0
0 73 0 0
0 75 48 0
0 87 68 0
0 87 0 240
0 75 0 0
0 77 54 0
0 89 64 0
0 89 0 240
0 77 0 0
0 75 57 0
0 87 68 0
0 87 0 240
0 75 0 0
0 73 55 0
0 85 65 0
0 85 0 240
0 73 0 0
0 63 35 240
0 66 35 0
0 70 35 0
0 70 0 120
0 66 0 0
0 63 0 0
0 61 35 0
0 61 0 110
0 61 35 250
0 66 35 0
0 70 35 0
0 70 0 60
0 66 0 0
0 61 0 0
0 61 35 420
0 66 35 0
0 70 35 0
0 70 0 60
0 66 0 0
0 61 0 0
0 83 49 420
0 77 46 0
0 73 44 0
0 85 60 0
0 85 0 240
0 83 0 0
0 77 0 0
0 73 0 0
0 75 48 0
0 87 68 0
0 87 0 240
0 75 0 0
0 77 54 0
0 89 64 0
0 89 0 240
0 77 0 0
0 75 57 0
0 87 68 0
0 87 0 240
0 75 0 0
0 73 55 0
0 85 65 0
0 85 0 240
0 73 0 0
0 63 35 240
0 66 35 0
0 70 35 0
0 70 0 120
0 66 0 0
0 63 0 0
0 61 35 0
0 61 0 110
0 61 35 250
0 66 35 0
0 70 35 0
0 70 0 60
0 66 0 0
0 61 0 0
0 61 35 420
0 66 35 0
0 70 35 0
0 70 0 60
0 66 0 0
0 61 0 0
0 74 73 420
0 62 61 0
0 69 61 0
0 69 0 120
0 62 0 0
0 74 0 0
0 64 66 120
0 76 79 0
0 76 0 120
0 64 0 0
0 66 62 120
0 78 74 0
0 78 0 120
0 66 0 0
0 67 66 120
0 74 66 0
0 79 79 0
0 79 0 120
0 74 0 0
0 67 0 0
0 69 61 120
0 81 73 0
0 81 0 120
0 69 0 0
0 70 66 120
0 74 66 0
0 82 79 0
0 82 0 120
0 74 0 0
0 70 0 0
0 71 67 120
0 83 80 0
0 83 0 120
0 71 0 0
0 86 83 120
0 74 71 0
0 74 0 120
0 86 0 0
0 91 83 120
0 79 71 0
0 79 0 120
0 91 0 0
0 95 84 120
0 83 71 0
0 83 0 120
0 95 0 0
0 98 86 120
0 86 73 0
0 86 0 120
0 98 0 0
0 59 50 360
0 61 50 0
0 61 0 120
0 59 0 0
0 59 54 120
0 63 54 0
0 63 0 120
0 59 0 0
0 59 50 120
0 65 50 0
0 65 0 120
0 59 0 0
0 63 45 0
0 63 0 60
0 65 46 0
0 65 0 60
0 59 54 0
0 63 54 0
0 63 0 120
0 59 0 0
0 59 50 120
0 61 50 0
0 61 0 120
0 59 0 0
0 63 35 360
0 66 35 0
0 70 35 0
0 70 0 120
0 66 0 0
0 63 0 0
0 61 35 0
0 61 0 110
0 61 35 250
0 66 35 0
0 70 35 0
0 70 0 60
0 66 0 0
0 61 0 0
0 61 35 420
0 66 35 0
0 70 35 0
0 70 0 60
0 66 0 0
0 61 0 0
0 83 53 420
0 77 47 0
0 73 44 0
0 85 60 0
0 85 0 240
0 83 0 0
0 77 0 0
0 73 0 0
0 75 48 0
0 87 68 0
0 87 0 240
0 75 0 0
0 77 54 0
0 89 64 0
0 89 0 240
0 77 0 0
0 75 57 0
0 87 68 0
0 87 0 240
0 75 0 0
0 73 55 0
0 85 65 0
0 85 0 240
0 73 0 0
0 63 35 240
0 66 35 0
0 70 35 0
0 70 0 120
0 66 0 0
0 63 0 0
0 61 35 0
0 61 0 110
0 61 35 250
0 66 35 0
0 70 35 0
0 70 0 60
0 66 0 0
0 61 0 0
0 61 35 420
0 66 35 0
0 70 35 0
0 70 0 60
0 66 0 0
0 61 0 0
0 83 49 420
0 77 46 0
0 73 44 0
0 85 60 0
0 85 0 240
0 83 0 0
0 77 0 0
0 73 0 0
0 75 48 0
0 87 68 0
0 87 0 240
0 75 0 0
0 77 54 0
0 89 64 0
0 89 0 240
0 77 0 0
0 75 57 0
0 87 68 0
0 87 0 240
0 75 0 0
0 73 55 0
0 85 65 0
0 85 0 240
0 73 0 0
0 63 35 240
0 66 35 0
0 70 35 0
0 70 0 120
0 66 0 0
0 63 0 0
0 61 35 0
0 61 0 110
0 61 35 250
0 66 35 0
0 70 35 0
0 70 0 60
0 66 0 0
0 61 0 0
0 61 35 420
0 66 35 0
0 70 35 0
0 70 0 60
0 66 0 0
0 61 0 0
0 74 73 420
0 62 61 0
0 69 61 0
0 69 0 120
0 62 0 0
0 74 0 0
0 64 66 120
0 76 79 0
0 76 0 120
0 64 0 0
0 66 62 120
0 78 74 0
0 78 0 120
0 66 0 0
0 67 66 120
0 74 66 0
0 79 79 0
0 79 0 120
0 74 0 0
0 67 0 0
0 69 61 120
0 81 73 0
0 81 0 120
0 69 0 0
0 70 66 120
0 74 66 0
0 82 79 0
0 82 0 120
0 74 0 0
0 70 0 0
0 71 61 120
0 83 77 0
0 83 0 120
0 71 0 0
0 86 83 120
0 74 71 0
0 74 0 120
0 86 0 0
0 91 83 120
0 79 71 0
0 79 0 120
0 91 0 0
0 95 84 120
0 83 71 0
0 83 0 120
0 95 0 0
0 98 86 120
0 86 73 0
0 86 0 120
0 98 0 0
0 59 50 360
0 61 50 0
0 61 0 120
0 59 0 0
0 59 54 120
0 63 54 0
0 63 0 120
0 59 0 0
0 59 50 120
0 65 50 0
0 65 0 120
0 59 0 0
0 63 45 0
0 63 0 60
0 65 46 0
0 65 0 60
0 59 54 0
0 63 54 0
0 63 0 120
0 59 0 0
0 59 50 120
0 61 50 0
0 61 0 120
0 59 0 0
0 58 76 120
0 66 79 0
0 66 0 120
0 58 0 0
0 90 57 120
0 85 48 0
0 82 48 0
0 82 0 120
0 85 0 0
0 90 0 0
0 78 57 0
0 78 0 120
0 90 57 240
0 85 48 0
0 82 48 0
0 82 0 120
0 85 0 0
0 90 0 0
0 78 57 0
0 78 0 120
0 90 57 240
0 85 48 0
0 82 48 0
0 82 0 120
0 85 0 0
0 90 0 0
0 78 57 0
0 78 0 120
0 90 57 240
0 85 48 0
0 82 48 0
0 82 0 120
0 85 0 0
0 90 0 0
0 78 57 0
0 78 0 120
0 90 57 240
0 85 48 0
0 82 48 0
0 82 0 120
0 85 0 0
0 90 0 0
0 78 57 0
0 78 0 120
0 78 54 240
0 90 64 0
0 85 54 0
0 82 54 0
0 82 0 120
0 78 0 0
0 90 0 0
0 85 0 0
0 93 91 120
0 84 77 0
0 81 77 0
0 81 0 120
0 84 0 0
0 93 0 0
0 74 51 120
0 69 43 0
0 66 43 0
0 66 0 120
0 69 0 0
0 74 0 0
0 62 51 0
0 62 0 120
0 74 51 240
0 69 43 0
0 66 43 0
0 66 0 120
0 69 0 0
0 74 0 0
0 62 51 0
0 62 0 120
0 74 51 240
0 69 43 0
0 66 43 0
0 66 0 120
0 69 0 0
0 74 0 0
0 62 51 0
0 62 0 120
0 74 51 240
0 69 43 0
0 66 43 0
0 66 0 120
0 69 0 0
0 74 0 0
0 62 51 0
0 62 0 120
0 74 51 240
0 69 43 0
0 66 43 0
0 66 0 120
0 69 0 0
0 74 0 0
0 62 51 0
0 62 0 120
0 62 48 240
0 74 57 0
0 69 48 0
0 66 48 0
0 66 0 120
0 62 0 0
0 74 0 0
0 69 0 0
0 66 76 120
0 70 76 0
0 73 76 0
0 78 91 0
0 78 0 120
0 66 0 0
0 70 0 0
0 73 0 0
0 90 57 120
0 85 48 0
0 82 48 0
0 82 0 120
0 85 0 0
0 90 0 0
0 78 57 0
0 78 0 120
0 90 57 240
0 85 48 0
0 82 48 0
0 82 0 120
0 85 0 0
0 90 0 0
0 78 57 0
0 78 0 120
0 90 57 240
0 85 48 0
0 82 48 0
0 82 0 120
0 85 0 0
0 90 0 0
0 78 57 0
0 78 0 120
0 90 57 240
0 85 48 0
0 82 48 0
0 82 0 120
0 85 0 0
0 90 0 0
0 78 57 0
0 78 0 120
0 90 57 240
0 85 48 0
0 82 48 0
0 82 0 120
0 85 0 0
0 90 0 0
0 78 57 0
0 78 0 120
0 78 54 240
0 90 64 0
0 85 54 0
0 82 54 0
0 82 0 120
0 78 0 0
0 90 0 0
0 85 0 0
0 90 91 120
0 94 91 0
0 87 76 0
0 82 76 0
0 82 0 120
0 90 0 0
0 94 0 0
0 87 0 0
0 75 51 120
0 70 43 0
0 66 43 0
0 66 0 120
0 70 0 0
0 75 0 0
0 63 51 0
0 63 0 120
0 75 51 240
0 70 43 0
0 66 43 0
0 66 0 120
0 70 0 0
0 75 0 0
0 63 51 0
0 63 0 120
0 75 51 240
0 70 43 0
0 66 43 0
0 66 0 120
0 70 0 0
0 75 0 0
0 63 51 0
0 63 0 120
0 75 51 240
0 70 43 0
0 66 43 0
0 66 0 120
0 70 0 0
0 75 0 0
0 63 51 0
0 63 0 120
0 75 51 240
0 70 43 0
0 66 43 0
0 66 0 120
0 70 0 0
0 75 0 0
0 63 51 0
0 63 0 120
0 87 74 0
0 83 74 0
0 78 63 0
0 75 63 0
0 75 0 120
0 87 0 0
0 83 0 0
0 78 0 0
0 78 64 120
0 83 64 0
0 87 77 0
0 90 77 0
0 90 0 120
0 78 0 0
0 83 0 0
0 87 0 0
0 94 82 120
0 90 82 0
0 85 69 0
0 82 69 0
0 82 0 120
0 94 0 0
0 90 0 0
0 85 0 0
0 71 57 120
0 66 48 0
0 63 48 0
0 63 0 120
0 66 0 0
0 71 0 0
0 61 57 0
0 61 0 110
0 73 59 250
0 71 49 0
0 68 49 0
0 68 0 120
0 71 0 0
0 73 0 0
0 66 59 0
0 66 0 110
0 82 61 250
0 78 51 0
0 75 51 0
0 75 0 120
0 78 0 0
0 82 0 0
0 73 62 0
0 73 0 110
0 85 63 250
0 83 53 0
0 80 53 0
0 80 0 120
0 83 0 0
0 85 0 0
0 78 64 0
0 78 0 110
0 94 66 250
0 90 55 0
0 87 55 0
0 87 0 120
0 90 0 0
0 94 0 0
0 85 66 0
0 85 0 110
0 97 68 250
0 95 57 0
0 92 57 0
0 92 0 120
0 95 0 0
0 97 0 0
0 90 68 0
0 90 0 110
0 90 92 970
0 86 92 0
0 83 77 0
0 78 77 0
0 78 0 240
0 90 0 0
0 86 0 0
0 83 0 0
0 94 97 240
0 90 97 0
0 85 82 0
0 82 82 0
0 82 0 240
0 94 0 0
0 90 0 0
0 85 0 0
0 90 82 1200
0 97 82 0
0 102 97 0
0 102 0 240
0 97 0 0
0 90 0 0
0 61 75 0
0 61 0 14
0 68 72 360
0 68 0 120
0 73 72 360
0 73 0 120
0 80 72 360
0 80 0 35
0 73 71 360
0 73 0 120
0 68 71 360
0 68 0 120
0 61 75 360
0 61 0 42
0 71 45 360
0 77 64 0
0 68 45 0
0 68 0 120
0 77 0 0
0 71 0 0
0 61 72 360
0 61 0 120
0 71 45 360
0 77 68 0
0 68 45 0
0 68 0 35
0 77 0 0
0 71 0 0
0 61 74 360
0 61 0 120
0 71 45 360
0 77 67 0
0 68 45 0
0 68 0 120
0 77 0 0
0 71 0 0
0 54 51 0
0 54 0 28
0 61 49 360
0 61 0 56
0 49 49 106
0 49 0 60
0 54 51 127
0 54 0 60
0 61 49 360
0 61 0 54
0 49 49 64
0 49 0 60
0 56 51 99
0 56 0 69
0 61 51 360
0 61 0 350
0 63 55 130
0 63 0 230
0 65 58 250
0 65 0 148
0 68 61 250
0 68 0 240
0 61 58 240
0 61 0 350
0 54 51 130
0 54 0 28
0 61 49 360
0 61 0 50
0 49 49 46
0 49 0 60
0 54 51 85
0 54 0 78
0 61 49 360
0 61 0 54
0 49 49 56
0 49 0 60
0 56 51 71
0 56 0 63
0 61 51 360
0 61 0 350
0 63 55 130
0 63 0 230
0 65 58 250
0 65 0 59
0 68 61 250
0 68 0 480
0 61 58 0
0 61 0 350
0 54 54 130
0 58 54 0
0 58 0 240
0 54 0 0
0 61 50 0
0 61 0 120
0 66 50 0
0 66 0 99
0 70 54 120
0 70 0 120
0 73 56 120
0 73 0 120
0 78 54 120
0 78 0 120
0 82 63 120
0 82 0 120
0 42 58 7
0 49 61 30
0 58 70 30
0 58 0 480
0 49 0 0
0 42 0 0
0 66 53 476
0 66 0 208
0 68 55 0
0 68 0 240
0 70 56 0
0 70 0 28
0 68 54 0
0 68 0 212
0 66 50 0
0 66 0 74
0 68 56 0
0 68 0 311
0 66 54 0
0 66 0 127
0 63 50 0
0 63 0 240
0 61 47 0
0 61 0 367
0 59 59 0
0 66 59 0
0 66 0 353
0 59 0 0
0 56 56 0
0 66 56 0
0 66 0 321
0 56 0 0
0 49 42 0
0 59 43 30
0 65 54 30
0 65 0 353
0 59 0 0
0 49 0 0
0 54 54 0
0 61 54 0
0 61 0 3
0 54 0 0
0 61 49 0
0 61 0 60
0 49 49 106
0 49 0 60
0 54 51 127
0 54 0 85
0 61 49 360
0 61 0 58
0 49 49 64
0 49 0 60
0 56 51 99
0 56 0 69
0 61 51 360
0 61 0 350
0 63 55 130
0 63 0 230
0 65 58 250
0 65 0 141
0 68 61 250
0 68 0 480
0 61 58 0
0 61 0 350
0 54 51 130
0 54 0 32
0 61 49 360
0 61 0 49
0 49 49 46
0 49 0 60
0 54 51 85
0 54 0 81
0 61 49 360
0 61 0 56
0 49 49 56
0 49 0 60
0 56 51 71
0 56 0 51
0 61 51 360
0 61 0 350
0 63 55 130
0 63 0 230
0 65 58 250
0 65 0 167
0 68 61 250
0 68 0 480
0 61 58 0
0 61 0 230
0 58 54 0
0 54 54 0
0 54 0 240
0 58 0 0
0 61 50 0
0 61 0 120
0 66 50 0
0 66 0 99
0 70 54 120
0 70 0 120
0 73 56 120
0 73 0 120
0 78 54 120
0 78 0 120
0 82 63 120
0 82 0 120
0 42 58 7
0 49 61 30
0 58 70 30
0 58 0 120
0 49 0 0
0 42 0 0
0 63 49 480
0 63 0 208
0 65 50 0
0 65 0 240
0 66 51 0
0 66 0 402
0 65 49 0
0 65 0 155
0 63 46 0
0 63 0 67
0 65 51 0
0 65 0 325
0 63 49 0
0 63 0 84
0 58 46 0
0 58 0 240
0 54 42 0
0 54 0 296
0 51 55 0
0 61 55 0
0 85 58 331
0 85 0 274
0 61 0 0
0 51 0 0
0 56 39 0
0 63 49 0
0 63 0 353
0 56 0 0
0 49 53 0
0 56 53 0
0 56 0 187
0 49 0 0
0 56 49 0
0 56 0 60
0 44 49 106
0 44 0 60
0 49 51 127
0 49 0 92
0 56 49 32
0 56 0 60
0 44 49 64
0 44 0 60
0 48 51 99
0 48 0 83
0 56 51 360
0 56 0 120
0 58 55 360
0 58 0 120
0 60 58 360
0 60 0 49
0 63 61 360
0 63 0 120
0 56 58 360
0 56 0 120
0 49 51 360
0 49 0 116
0 56 49 360
0 56 0 49
0 44 49 201
0 44 0 42
0 49 51 85
0 49 0 81
0 56 49 360
0 56 0 56
0 44 49 205
0 44 0 56
0 51 51 71
0 51 0 70
0 56 51 360
0 56 0 120
0 58 55 360
0 58 0 120
0 60 58 360
0 60 0 68
0 63 61 360
0 63 0 120
0 56 58 360
0 56 0 120
0 49 54 360
0 53 54 0
0 53 0 240
0 49 0 0
0 56 50 0
0 56 0 120
0 61 50 0
0 61 0 99
0 65 54 120
0 65 0 120
0 68 56 120
0 68 0 120
0 73 54 120
0 73 0 120
0 61 56 60
0 68 56 30
0 77 63 30
0 77 0 208
0 68 0 0
0 61 0 0
0 37 58 236
0 49 70 0
0 49 0 402
0 37 0 0
0 71 49 469
0 71 0 176
0 73 50 0
0 73 0 240
0 75 51 0
0 75 0 377
0 77 49 0
0 77 0 130
0 75 46 0
0 75 0 71
0 73 51 0
0 73 0 325
0 71 49 0
0 71 0 99
0 73 46 0
0 73 0 240
0 70 42 0
0 70 0 282
0 51 43 0
0 67 43 0
0 61 43 0
0 67 0 184
0 63 39 0
0 61 0 240
0 51 0 0
0 56 44 0
0 68 44 0
0 68 0 272
0 56 0 0
0 63 0 0
0 49 35 0
0 59 36 30
0 65 45 30
0 65 0 353
0 59 0 0
0 49 0 0
0 54 45 0
0 61 45 0
0 61 0 64
0 54 0 130
0 61 49 0
0 61 0 56
0 49 49 106
0 49 0 60
0 54 51 127
0 54 0 56
0 61 49 360
0 61 0 46
0 49 49 64
0 49 0 60
0 56 51 99
0 56 0 76
0 61 51 360
0 61 0 350
0 63 55 130
0 63 0 230
0 65 58 250
0 65 0 154
0 68 61 250
0 68 0 480
0 61 58 0
0 61 0 350
0 54 51 69
0 54 0 49
0 61 49 360
0 61 0 46
0 49 49 46
0 49 0 60
0 54 51 85
0 54 0 71
0 61 49 360
0 61 0 54
0 49 49 56
0 49 0 60
0 56 51 71
0 56 0 76
0 61 51 360
0 61 0 350
0 63 55 130
0 63 0 230
0 65 58 250
0 65 0 135
0 68 61 250
0 68 0 480
0 61 58 0
0 61 0 350
0 54 54 130
0 58 54 0
0 58 0 240
0 54 0 0
0 61 50 0
0 61 0 120
0 66 50 0
0 66 0 99
0 70 54 120
0 70 0 120
0 73 56 120
0 73 0 120
0 78 54 120
0 78 0 120
0 82 63 120
0 82 0 120
0 42 58 300
0 49 61 30
0 58 70 30
0 58 0 448
0 49 0 0
0 42 0 0
0 54 32 476
0 57 40 0
0 57 0 120
0 54 0 0
0 54 28 120
0 59 35 0
0 59 0 120
0 54 0 0
0 54 36 120
0 61 45 0
0 61 0 480
0 54 0 0
0 54 32 0
0 62 40 0
0 62 0 120
0 54 0 0
0 54 28 120
0 61 35 0
0 61 0 120
0 54 0 0
0 54 41 120
0 59 41 0
0 59 0 480
0 54 0 0
0 54 42 0
0 65 53 0
0 65 0 423
0 54 0 0
0 66 50 0
0 54 40 0
0 54 0 320
0 66 0 0
0 65 53 0
0 53 42 0
0 65 0 103
0 63 49 0
0 63 0 240
0 53 0 0
0 52 40 0
0 64 50 0
0 64 0 320
0 52 0 0
0 62 45 0
0 52 36 0
0 52 0 297
0 62 0 0
0 57 56 0
0 57 0 155
0 76 57 240
0 76 0 229
0 52 53 106
0 52 0 127
0 57 32 0
0 64 40 0
0 64 0 120
0 57 0 0
0 57 28 120
0 65 35 0
0 65 0 120
0 57 0 0
0 57 36 120
0 67 45 0
0 67 0 480
0 57 0 0
0 57 32 0
0 69 40 0
0 69 0 120
0 57 0 0
0 57 28 120
0 67 35 0
0 67 0 120
0 57 0 0
0 57 31 120
0 65 39 0
0 65 0 480
0 57 0 0
0 57 36 0
0 64 45 0
0 64 0 120
0 57 0 0
0 57 31 120
0 62 39 0
0 62 0 120
0 57 0 0
0 61 44 120
0 57 35 0
0 57 0 343
0 61 0 0
0 67 45 0
0 67 0 103
0 62 48 0
0 62 0 240
0 61 53 0
0 61 0 320
0 57 49 0
0 57 0 297
0 62 70 0
0 62 0 155
0 81 69 240
0 81 0 226
0 69 66 106
0 69 0 127
0 65 40 0
0 65 0 120
0 64 35 120
0 64 0 120
0 62 45 120
0 62 0 480
0 64 40 0
0 64 0 120
0 65 35 120
0 65 0 120
0 64 39 120
0 64 0 480
0 62 45 0
0 62 0 126
0 60 39 0
0 60 0 240
0 59 44 0
0 59 0 297
0 53 45 0
0 59 45 0
0 59 0 310
0 53 0 0
0 77 59 0
0 77 0 320
0 78 55 0
0 35 60 222
0 47 60 0
0 47 0 127
0 35 0 0
0 78 0 0
0 28 70 0
0 40 70 0
0 40 0 155
0 28 0 0
0 71 70 240
0 71 0 226
0 47 66 106
0 47 0 127
0 45 66 0
0 52 66 0
0 52 0 408
0 45 0 0
0 62 58 0
0 62 0 110
0 40 59 240
0 40 0 91
0 45 56 240
0 52 56 0
0 61 56 0
0 61 0 127
0 52 0 0
0 45 0 0
0 63 51 0
0 63 0 120
0 64 55 92
0 64 0 120
0 69 58 120
0 69 0 120
0 73 62 120
0 73 0 120
0 76 65 120
0 76 0 120
0 66 69 120
0 73 69 0
0 73 0 42
0 66 0 0
0 78 60 240
0 78 0 480
0 59 59 0
0 63 63 0
0 59 0 84
0 47 53 0
0 47 0 240
0 63 0 0
0 52 63 0
0 52 0 85
0 40 69 240
0 40 0 240
0 48 51 0
0 48 0 120
0 55 49 360
0 55 0 49
0 43 49 229
0 43 0 46
0 48 51 127
0 48 0 60
0 55 49 360
0 55 0 57
0 43 49 64
0 43 0 60
0 50 51 99
0 50 0 44
0 55 51 360
0 55 0 350
0 57 55 130
0 57 0 480
0 59 58 0
0 59 0 59
0 62 59 250
0 62 0 480
0 55 58 0
0 55 0 250
0 48 43 0
0 48 0 18
0 55 41 360
0 55 0 49
0 43 41 106
0 43 0 60
0 48 43 127
0 48 0 81
0 55 41 360
0 55 0 42
0 43 41 64
0 43 0 60
0 50 43 99
0 50 0 63
0 55 43 360
0 55 0 350
0 57 46 130
0 57 0 230
0 59 49 250
0 59 0 97
0 62 50 250
0 62 0 480
0 55 49 0
0 55 0 350
0 64 44 0
0 64 0 120
0 67 45 120
0 67 0 120
0 72 45 120
0 72 0 85
0 71 43 120
0 71 0 120
0 70 44 120
0 70 0 106
0 69 41 120
0 69 0 120
0 68 45 71
0 68 0 64
0 66 42 120
0 66 0 120
0 67 44 120
0 67 0 103
0 64 41 120
0 64 0 120
0 60 37 120
0 60 0 40
0 58 37 120
0 58 0 240
0 57 34 0
0 57 0 103
0 66 36 0
0 66 0 240
0 67 37 0
0 67 0 103
0 62 39 0
0 62 0 240
0 61 41 0
0 61 0 103
0 57 43 0
0 57 0 240
0 62 45 0
0 72 42 114
0 72 0 240
0 71 44 0
0 71 0 126
0 70 45 0
0 70 0 240
0 69 47 0
0 62 0 91
0 57 37 0
0 57 0 240
0 69 0 0
0 65 48 0
0 65 0 120
0 69 49 120
0 69 0 120
0 74 49 120
0 74 0 85
0 73 47 120
0 73 0 120
0 72 48 120
0 72 0 109
0 71 45 120
0 71 0 120
0 70 49 95
0 70 0 64
0 68 46 120
0 68 0 120
0 69 48 120
0 69 0 108
0 65 45 120
0 65 0 120
0 62 40 120
0 62 0 40
0 60 40 120
0 60 0 240
0 59 34 0
0 67 36 137
0 67 0 240
0 69 37 0
0 69 0 114
0 64 39 0
0 64 0 240
0 63 41 0
0 63 0 80
0 59 0 0
0 59 43 0
0 59 0 240
0 64 45 0
0 69 42 114
0 69 0 240
0 67 44 0
0 67 0 126
0 72 45 0
0 72 0 240
0 71 47 0
0 64 0 91
0 59 37 0
0 59 0 240
0 71 0 0
0 67 48 0
0 67 0 116
0 71 49 120
0 71 0 120
0 76 49 120
0 76 0 85
0 75 47 120
0 75 0 120
0 74 48 120
0 74 0 109
0 73 45 120
0 73 0 120
0 72 49 85
0 72 0 64
0 70 46 120
0 70 0 120
0 71 48 120
0 71 0 108
0 67 45 120
0 67 0 120
0 64 40 120
0 64 0 86
0 59 40 120
0 59 0 120
0 70 52 120
0 70 0 109
0 74 53 120
0 74 0 120
0 79 53 120
0 79 0 85
0 78 51 120
0 78 0 120
0 77 52 120
0 77 0 106
0 76 49 120
0 76 0 120
0 75 53 102
0 75 0 64
0 73 50 120
0 73 0 120
0 74 52 120
0 74 0 108
0 70 49 120
0 70 0 120
0 67 44 120
0 67 0 120
0 62 44 120
0 62 0 120
0 79 57 0
0 79 0 34
0 81 58 120
0 81 0 120
0 82 58 120
0 82 0 40
0 84 56 120
0 84 0 120
0 82 57 120
0 82 0 11
0 81 53 120
0 81 0 120
0 80 58 120
0 80 0 64
0 79 55 120
0 79 0 120
0 76 57 120
0 76 0 104
0 73 53 114
0 73 0 120
0 70 48 120
0 70 0 103
0 67 48 120
0 67 0 120
0 73 58 0
0 73 0 64
0 70 55 120
0 70 0 120
0 67 54 120
0 67 0 104
0 64 53 114
0 64 0 120
0 61 48 120
0 61 0 103
0 58 48 120
0 58 0 120
0 67 52 120
0 67 0 64
0 64 49 120
0 64 0 120
0 61 48 120
0 61 0 104
0 58 47 114
0 58 0 120
0 55 43 120
0 55 0 120
0 52 43 0
0 52 0 240
0 35 44 0
0 35 0 103
0 42 45 0
0 42 0 240
0 43 45 0
0 43 0 91
0 42 43 0
0 42 0 240
0 47 44 0
0 47 0 45
0 51 41 0
0 51 0 240
0 52 45 0
0 52 0 148
0 54 39 0
0 54 0 240
0 55 44 0
0 55 0 114
0 52 41 0
0 52 0 240
0 58 37 0
0 58 0 91
0 59 37 0
0 59 0 240
0 35 46 0
0 35 0 120
0 42 47 0
0 42 0 240
0 43 47 0
0 43 0 103
0 42 45 0
0 42 0 240
0 47 46 0
0 47 0 68
0 51 43 0
0 51 0 240
0 52 47 0
0 52 0 114
0 54 38 0
0 54 0 240
0 55 47 0
0 55 0 91
0 52 45 0
0 52 0 240
0 58 40 0
0 58 0 91
0 59 40 0
0 59 0 240
0 35 54 0
0 35 0 120
0 42 56 0
0 42 0 240
0 43 56 0
0 43 0 114
0 42 53 0
0 42 0 240
0 47 54 0
0 47 0 114
0 51 51 0
0 51 0 240
0 48 56 0
0 48 0 120
0 56 58 0
0 56 0 240
0 57 58 0
0 57 0 169
0 60 55 0
0 60 0 240
0 63 56 0
0 63 0 120
0 66 53 0
0 66 0 240
0 49 55 0
0 49 0 143
0 66 51 240
0 58 51 0
0 61 51 0
0 61 0 171
0 58 0 0
0 66 0 0
0 49 54 240
0 49 0 171
0 37 61 240
0 37 0 188
0 71 47 240
0 65 42 0
0 61 40 0
0 61 0 126
0 65 0 0
0 71 0 0
0 37 61 240
0 49 61 0
0 49 0 396
0 37 0 0
0 42 70 0
0 42 0 159
0 49 63 0
0 58 75 0
0 58 0 388
0 49 0 0
0 49 57 0
0 58 68 0
0 58 0 240
0 49 0 0
0 42 70 0
0 42 0 160
0 49 55 0
0 58 65 0
0 58 0 240
0 49 0 0
0 42 72 0
0 42 0 171
0 50 54 0
0 59 63 0
0 59 0 480
0 50 0 0
0 50 55 0
0 59 65 0
0 59 0 240
0 50 0 0
0 42 59 0
0 42 0 240
0 50 50 0
0 59 59 0
0 59 0 240
0 50 0 0
0 42 63 0
0 42 0 113
0 49 56 0
0 58 67 0
0 58 0 480
0 49 0 0
0 49 51 0
0 58 61 0
0 58 0 240
0 49 0 0
0 42 63 0
0 42 0 240
0 49 49 0
0 58 58 0
0 58 0 240
0 49 0 0
0 42 64 0
0 42 0 113
0 53 48 0
0 62 56 0
0 62 0 480
0 53 0 0
0 53 46 0
0 62 55 0
0 62 0 240
0 53 0 0
0 42 50 0
0 42 0 240
0 53 42 0
0 62 50 0
0 62 0 240
0 53 0 0
0 42 70 0
0 42 0 152
0 49 63 0
0 58 75 0
0 58 0 134
0 49 0 0
0 49 57 0
0 58 68 0
0 58 0 240
0 49 0 0
0 42 70 0
0 42 0 160
0 49 55 0
0 58 65 0
0 58 0 240
0 49 0 0
0 42 72 0
0 42 0 184
0 50 54 0
0 59 63 0
0 59 0 480
0 50 0 0
0 50 55 0
0 59 65 0
0 59 0 240
0 50 0 0
0 42 59 0
0 42 0 240
0 50 50 0
0 59 59 0
0 59 0 240
0 50 0 0
0 42 63 0
0 42 0 84
0 49 56 0
0 58 67 0
0 58 0 480
0 49 0 0
0 49 51 0
0 58 61 0
0 58 0 240
0 49 0 0
0 42 63 0
0 42 0 240
0 49 49 0
0 58 58 0
0 58 0 240
0 49 0 0
0 42 64 0
0 42 0 70
0 53 48 0
0 62 56 0
0 62 0 480
0 53 0 0
0 53 46 0
0 62 55 0
0 62 0 240
0 53 0 0
0 42 50 0
0 42 0 240
0 53 42 0
0 62 50 0
0 62 0 240
0 53 0 0
0 54 51 0
0 54 0 17
0 61 49 360
0 61 0 46
0 49 49 106
0 49 0 60
0 56 48 127
0 56 0 126
0 61 44 0
0 65 44 0
0 71 53 0
0 71 0 480
0 65 0 0
0 61 0 0
0 61 32 0
0 65 32 0
0 71 45 0
0 71 0 240
0 65 0 0
0 61 0 0
0 49 53 0
0 49 0 240
0 61 31 0
0 65 31 0
0 71 43 0
0 71 0 240
0 65 0 0
0 61 0 0
0 54 51 0
0 54 0 21
0 61 49 360
0 61 0 56
0 49 49 106
0 49 0 60
0 56 48 127
0 56 0 50
0 61 44 0
0 65 44 0
0 71 53 0
0 71 0 480
0 65 0 0
0 61 0 0
0 61 32 0
0 65 32 0
0 71 45 0
0 71 0 240
0 65 0 0
0 61 0 0
0 49 53 0
0 49 0 240
0 61 31 0
0 65 31 0
0 71 43 0
0 71 0 240
0 65 0 0
0 61 0 0
0 54 51 0
0 54 0 21
0 61 49 360
0 61 0 46
0 49 49 106
0 49 0 60
0 42 58 127
0 42 0 451
0 50 52 0
0 60 52 0
0 60 0 480
0 50 0 0
0 38 52 0
0 38 0 406
0 43 59 0
0 43 0 394
0 50 55 0
0 59 55 0
0 59 0 480
0 50 0 0
0 43 55 0
0 43 0 371
0 49 50 0
0 53 38 240
0 53 0 60
0 54 45 180
0 54 0 60
0 56 39 180
0 56 0 60
0 54 44 180
0 54 0 60
0 53 40 180
0 53 0 60
0 49 0 180
0 54 51 0
0 54 0 54
0 61 49 360
0 61 0 56
0 49 49 106
0 49 0 60
0 56 48 127
0 56 0 194
0 61 44 0
0 65 44 0
0 71 53 0
0 71 0 480
0 65 0 0
0 61 0 0
0 61 32 0
0 65 32 0
0 71 45 0
0 71 0 240
0 65 0 0
0 61 0 0
0 49 53 0
0 49 0 240
0 61 31 0
0 65 31 0
0 71 43 0
0 71 0 240
0 65 0 0
0 61 0 0
0 54 51 0
0 54 0 28
0 61 49 360
0 61 0 53
0 49 49 106
0 49 0 60
0 56 48 127
0 56 0 194
0 61 44 0
0 65 44 0
0 71 53 0
0 71 0 480
0 65 0 0
0 61 0 0
0 61 32 0
0 65 32 0
0 71 45 0
0 71 0 240
0 65 0 0
0 61 0 0
0 49 53 0
0 49 0 240
0 61 31 0
0 65 31 0
0 71 43 0
0 71 0 240
0 65 0 0
0 61 0 0
0 54 51 0
0 54 0 120
0 61 49 360
0 61 0 49
0 49 49 106
0 49 0 60
0 42 58 127
0 42 0 388
0 50 52 0
0 60 52 0
0 60 0 480
0 50 0 0
0 38 52 0
0 38 0 406
0 43 59 0
0 43 0 394
0 50 55 0
0 59 55 0
0 59 0 480
0 50 0 0
0 43 55 0
0 43 0 371
0 49 50 0
0 53 38 240
0 53 0 60
0 54 45 180
0 54 0 60
0 56 39 180
0 56 0 60
0 54 44 180
0 54 0 60
0 53 40 180
0 53 0 60
0 49 0 180
0 42 61 0
0 49 61 0
0 49 0 169
0 42 0 0
0 80 69 240
0 80 0 120
0 80 69 360
0 80 0 120
0 80 69 360
0 80 0 120
0 80 69 360
0 80 0 120
0 80 69 360
0 80 0 120
0 54 73 360
0 50 73 0
0 42 62 0
0 42 0 114
0 50 0 0
0 54 0 0
0 64 64 240
0 64 0 120
0 64 64 360
0 64 0 120
0 64 64 360
0 64 0 120
0 64 64 360
0 64 0 120
0 64 64 360
0 64 0 120
0 49 61 360
0 42 61 0
0 54 73 0
0 54 0 120
0 42 0 0
0 49 0 0
0 80 68 240
0 80 0 120
0 80 68 360
0 80 0 120
0 80 68 360
0 80 0 120
0 80 68 360
0 80 0 120
0 80 68 360
0 80 0 120
0 51 73 360
0 46 61 0
0 39 61 0
0 39 0 160
0 46 0 0
0 51 0 0
0 65 64 240
0 65 0 120
0 65 64 360
0 65 0 120
0 65 64 360
0 65 0 120
0 65 64 360
0 65 0 120
0 47 52 360
0 54 62 0
0 59 62 0
0 59 0 21
0 54 0 0
0 47 0 0
0 47 51 120
0 54 61 0
0 59 61 0
0 59 0 120
0 54 0 0
0 47 0 0
0 42 58 120
0 49 58 0
0 54 69 0
0 54 0 132
0 49 0 0
0 42 0 0
0 61 68 240
0 61 0 120
0 66 72 360
0 66 0 120
0 73 73 360
0 73 0 120
0 78 77 360
0 78 0 120
0 85 79 360
0 85 0 120
0 90 90 360
0 90 0 53
0 47 55 46
0 54 55 0
0 59 66 0
0 59 0 240
0 54 0 0
0 47 0 0
0 42 61 169
0 49 61 30
0 58 73 30
0 58 0 113
0 49 0 0
0 42 0 0
0 54 62 875
0 61 62 30
0 70 73 30
0 70 0 169
0 61 0 0
0 54 0 0
