0 58 38 0
0 67 49 0
0 63 41 0
0 58 0 240
0 57 37 0
0 57 0 240
0 58 38 0
0 58 0 240
0 63 0 0
0 67 0 0
0 55 45 0
0 55 0 240
0 67 50 0
0 63 50 0
0 55 47 0
0 55 0 240
0 58 42 0
0 58 0 240
0 63 0 0
0 67 0 0
0 57 38 0
0 62 41 0
0 68 49 0
0 57 0 240
0 58 38 0
0 58 0 240
0 60 42 0
0 60 0 240
0 68 0 0
0 62 0 0
0 61 39 0
0 61 0 240
0 62 38 0
0 68 48 0
0 62 0 240
0 58 40 0
0 58 0 240
0 68 0 0
0 67 46 0
0 58 36 0
0 63 38 0
0 58 0 240
0 57 38 0
0 57 0 240
0 58 42 0
0 58 0 240
0 63 0 0
0 67 0 0
0 55 45 0
0 55 0 240
0 67 50 0
0 63 50 0
0 55 47 0
0 55 0 240
0 58 41 0
0 58 0 240
0 63 0 0
0 67 0 0
0 62 38 0
0 57 36 0
0 68 46 0
0 57 0 240
0 58 37 0
0 58 0 240
0 60 42 0
0 60 0 240
0 68 0 0
0 62 0 0
0 61 42 0
0 61 0 240
0 62 38 0
0 68 48 0
0 62 0 240
0 58 40 0
0 58 0 240
0 68 0 0
0 63 47 0
0 75 47 0
0 75 0 240
0 63 0 0
0 65 41 0
0 77 41 0
0 77 0 240
0 65 0 0
0 79 49 0
0 79 0 240
0 70 52 0
0 82 52 0
0 82 0 360
0 70 0 0
0 70 43 0
0 82 43 0
0 82 0 360
0 70 0 0
0 70 52 240
0 82 52 0
0 82 0 240
0 70 0 0
0 72 50 0
0 84 50 0
0 84 0 240
0 72 0 0
0 74 55 0
0 86 55 0
0 86 0 240
0 74 0 0
0 89 54 0
0 77 54 0
0 77 0 240
0 89 0 0
0 86 53 0
0 74 53 0
0 74 0 240
0 86 0 0
0 84 55 0
0 72 55 0
0 72 0 240
0 84 0 0
0 74 53 0
0 86 53 0
0 86 0 240
0 74 0 0
0 72 46 0
0 84 46 0
0 84 0 240
0 72 0 0
0 67 51 0
0 79 51 0
0 79 0 360
0 67 0 0
0 67 43 0
0 79 43 0
0 79 0 360
0 67 0 0
0 65 52 240
0 77 52 0
0 77 0 240
0 65 0 0
0 67 50 0
0 79 50 0
0 79 0 240
0 67 0 0
0 68 55 0
0 80 55 0
0 80 0 240
0 68 0 0
0 82 53 0
0 70 53 0
0 70 0 240
0 82 0 0
0 80 53 0
0 68 53 0
0 68 0 240
0 80 0 0
0 79 55 0
0 67 55 0
0 67 0 238
0 79 0 2
0 65 50 0
0 77 50 0
0 77 0 240
0 65 0 0
0 63 46 0
0 75 46 0
0 75 0 240
0 63 0 0
0 58 46 0
0 70 46 0
0 70 0 360
0 58 0 0
0 58 43 0
0 70 43 0
0 70 0 360
0 58 0 0
0 62 46 240
0 65 52 0
0 65 0 240
0 67 49 0
0 67 0 240
0 68 55 0
0 68 0 240
0 70 53 0
0 70 0 240
0 68 53 0
0 68 0 120
0 67 49 0
0 67 0 60
0 68 50 0
0 68 0 60
0 62 0 0
0 63 48 0
0 67 55 0
0 67 0 240
0 65 50 0
0 65 0 240
0 63 0 0
0 63 46 0
0 63 0 240
0 58 51 0
0 58 0 238
0 60 50 2
0 60 0 240
0 63 50 0
0 63 0 240
0 56 48 0
0 62 55 0
0 56 0 238
0 62 0 2
0 65 50 0
0 65 0 240
0 62 46 0
0 62 0 120
0 60 41 0
0 60 0 60
0 62 41 0
0 62 0 60
0 60 50 0
0 60 0 360
0 58 45 0
0 56 45 0
0 56 0 360
0 58 0 0
0 58 38 0
0 67 49 0
0 63 41 0
0 58 0 240
0 57 41 0
0 57 0 240
0 58 41 0
0 58 0 240
0 63 0 0
0 67 0 0
0 55 47 0
0 55 0 240
0 67 50 0
0 63 50 0
0 55 47 0
0 55 0 240
0 58 42 0
0 58 0 240
0 63 0 0
0 67 0 0
0 57 38 0
0 62 41 0
0 68 49 0
0 57 0 240
0 58 38 0
0 58 0 240
0 60 42 0
0 60 0 240
0 68 0 0
0 62 0 0
0 61 39 0
0 61 0 240
0 62 38 0
0 68 48 0
0 62 0 240
0 58 40 0
0 58 0 240
0 68 0 0
0 58 36 0
0 67 46 0
0 63 38 0
0 58 0 240
0 57 44 0
0 57 0 240
0 58 44 0
0 58 0 240
0 63 0 0
0 67 0 0
0 55 47 0
0 55 0 240
0 67 50 0
0 63 50 0
0 55 47 0
0 55 0 240
0 58 41 0
0 58 0 240
0 63 0 0
0 67 0 0
0 57 36 0
0 62 38 0
0 68 46 0
0 57 0 240
0 58 39 0
0 58 0 240
0 60 42 0
0 60 0 240
0 68 0 0
0 62 0 0
0 61 39 0
0 61 0 240
0 62 38 0
0 68 48 0
0 62 0 240
0 58 40 0
0 58 0 240
0 68 0 0
0 63 47 0
0 75 47 0
0 75 0 240
0 63 0 0
0 65 41 0
0 77 41 0
0 77 0 240
0 65 0 0
0 79 42 0
0 79 0 240
0 70 54 0
0 82 54 0
0 82 0 360
0 70 0 0
0 70 43 0
0 82 43 0
0 82 0 360
0 70 0 0
0 70 52 240
0 82 52 0
0 82 0 240
0 70 0 0
0 72 48 0
0 84 48 0
0 84 0 240
0 72 0 0
0 74 55 0
0 86 55 0
0 86 0 240
0 74 0 0
0 89 50 0
0 77 50 0
0 77 0 240
0 89 0 0
0 86 53 0
0 74 53 0
0 74 0 240
0 86 0 0
0 84 55 0
0 72 55 0
0 72 0 240
0 84 0 0
0 74 53 0
0 86 53 0
0 86 0 240
0 74 0 0
0 72 46 0
0 84 46 0
0 84 0 240
0 72 0 0
0 67 51 0
0 79 51 0
0 79 0 360
0 67 0 0
0 67 43 0
0 79 43 0
0 79 0 360
0 67 0 0
0 65 52 240
0 77 52 0
0 77 0 240
0 65 0 0
0 67 53 0
0 79 53 0
0 79 0 240
0 67 0 0
0 68 53 0
0 80 53 0
0 80 0 240
0 68 0 0
0 82 53 0
0 70 53 0
0 70 0 240
0 82 0 0
0 80 53 0
0 68 53 0
0 68 0 240
0 80 0 0
0 79 55 0
0 67 55 0
0 67 0 238
0 79 0 2
0 65 48 0
0 77 48 0
0 77 0 240
0 65 0 0
0 63 46 0
0 75 46 0
0 75 0 240
0 63 0 0
0 58 49 0
0 70 49 0
0 70 0 360
0 58 0 0
0 58 43 0
0 70 43 0
0 70 0 360
0 58 0 0
0 62 46 240
0 65 52 0
0 65 0 240
0 67 53 0
0 67 0 240
0 68 55 0
0 68 0 240
0 70 53 0
0 70 0 240
0 68 53 0
0 68 0 120
0 67 49 0
0 67 0 60
0 68 50 0
0 68 0 60
0 62 0 0
0 63 48 0
0 67 55 0
0 67 0 240
0 65 50 0
0 65 0 240
0 63 0 0
0 63 46 0
0 63 0 240
0 58 51 0
0 58 0 238
0 60 50 2
0 60 0 240
0 63 50 0
0 63 0 240
0 56 48 0
0 62 55 0
0 56 0 238
0 62 0 2
0 65 50 0
0 65 0 240
0 62 46 0
0 62 0 120
0 60 41 0
0 60 0 60
0 62 41 0
0 62 0 60
0 60 50 0
0 60 0 360
0 58 45 0
0 56 45 0
0 56 0 360
0 58 0 0
0 58 38 0
0 67 49 0
0 63 41 0
0 58 0 240
0 57 44 0
0 57 0 240
0 58 44 0
0 58 0 240
0 63 0 0
0 67 0 0
0 55 47 0
0 55 0 240
0 67 50 0
0 63 50 0
0 55 47 0
0 55 0 240
0 58 42 0
0 58 0 240
0 63 0 0
0 67 0 0
0 57 38 0
0 62 41 0
0 68 49 0
0 57 0 240
0 58 42 0
0 58 0 240
0 60 42 0
0 60 0 240
0 68 0 0
0 62 0 0
0 61 42 0
0 61 0 240
0 62 38 0
0 68 48 0
0 62 0 240
0 58 40 0
0 58 0 240
0 68 0 0
0 58 36 0
0 67 46 0
0 63 38 0
0 58 0 240
0 57 44 0
0 57 0 240
0 58 44 0
0 58 0 240
0 63 0 0
0 67 0 0
0 55 47 0
0 55 0 240
0 67 50 0
0 63 50 0
0 55 47 0
0 55 0 240
0 58 41 0
0 58 0 240
0 63 0 0
0 67 0 0
0 57 36 0
0 62 38 0
0 68 46 0
0 57 0 240
0 58 42 0
0 58 0 240
0 60 42 0
0 60 0 240
0 68 0 0
0 62 0 0
0 61 38 0
0 61 0 240
0 62 38 0
0 68 48 0
0 62 0 240
0 58 40 0
0 58 0 240
0 68 0 0
0 63 47 0
0 75 47 0
0 75 0 240
0 63 0 0
0 65 46 0
0 77 46 0
0 77 0 240
0 65 0 0
0 79 42 0
0 79 0 240
0 70 53 0
0 82 53 0
0 82 0 720
0 70 0 0
0 70 52 240
0 82 52 0
0 82 0 240
0 70 0 0
0 72 50 0
0 84 50 0
0 84 0 240
0 72 0 0
0 73 55 0
0 85 55 0
0 85 0 240
0 73 0 0
0 89 47 0
0 77 38 0
0 77 0 240
0 89 0 0
0 85 53 0
0 73 53 0
0 73 0 240
0 85 0 0
0 84 55 0
0 72 55 0
0 72 0 240
0 84 0 0
0 70 52 0
0 82 52 0
0 82 0 240
0 70 0 0
0 63 46 0
0 75 46 0
0 75 0 240
0 63 0 0
0 63 51 0
0 75 51 0
0 75 0 240
0 63 0 0
0 65 49 0
0 77 51 0
0 77 0 480
0 65 0 0
0 67 52 240
0 79 52 0
0 79 0 240
0 67 0 0
0 68 49 0
0 80 49 0
0 80 0 240
0 68 0 0
0 70 55 0
0 82 55 0
0 82 0 240
0 70 0 0
0 87 55 0
0 75 55 0
0 75 0 240
0 87 0 0
0 84 49 0
0 72 49 0
0 72 0 240
0 84 0 0
0 82 55 0
0 70 55 0
0 70 0 240
0 82 0 0
0 68 50 0
0 80 50 0
0 80 0 240
0 68 0 0
0 63 46 0
0 75 46 0
0 75 0 240
0 63 0 0
0 63 51 0
0 75 51 0
0 75 0 240
0 63 0 0
0 68 55 0
0 80 55 0
0 80 0 720
0 68 0 0
0 72 52 0
0 75 52 0
0 84 61 0
0 80 61 0
0 80 0 720
0 72 0 0
0 75 0 0
0 84 0 0
0 87 67 0
0 84 67 0
0 80 55 0
0 75 55 0
0 75 0 480
0 87 0 0
0 84 0 0
0 80 0 0
0 63 57 240
0 75 57 0
0 75 0 720
0 63 0 0
0 68 63 0
0 80 64 0
0 80 0 720
0 68 0 0
0 71 56 0
0 75 56 0
0 83 67 0
0 80 67 0
0 80 0 720
0 71 0 0
0 75 0 0
0 83 0 0
0 87 71 0
0 83 71 0
0 80 59 0
0 75 59 0
0 75 0 480
0 87 0 0
0 83 0 0
0 80 0 0
0 63 46 0
0 75 60 0
0 75 0 240
0 63 0 0
0 65 56 0
0 77 56 0
0 77 0 240
0 65 0 0
0 79 55 0
0 79 0 240
0 70 54 0
0 82 66 0
0 82 0 360
0 70 0 0
0 70 43 0
0 82 53 0
0 82 0 360
0 70 0 0
0 70 52 240
0 82 65 0
0 82 0 240
0 70 0 0
0 72 60 0
0 84 60 0
0 84 0 240
0 72 0 0
0 74 66 0
0 86 66 0
0 86 0 240
0 74 0 0
0 89 61 0
0 77 54 0
0 77 0 240
0 89 0 0
0 86 66 0
0 74 53 0
0 74 0 240
0 86 0 0
0 84 68 0
0 72 68 0
0 72 0 240
0 84 0 0
0 74 53 0
0 86 66 0
0 86 0 240
0 74 0 0
0 72 45 0
0 84 57 0
0 84 0 240
0 72 0 0
0 67 51 0
0 79 63 0
0 79 0 360
0 67 0 0
0 67 43 0
0 79 53 0
0 79 0 360
0 67 0 0
0 70 52 240
0 82 62 0
0 82 0 240
0 70 0 0
0 72 51 0
0 84 51 0
0 84 0 240
0 72 0 0
0 70 55 0
0 82 65 0
0 82 0 240
0 70 0 0
0 80 60 0
0 68 51 0
0 68 0 240
0 80 0 0
0 79 58 0
0 67 49 0
0 67 0 240
0 79 0 0
0 77 62 0
0 65 52 0
0 65 0 240
0 77 0 0
0 67 49 0
0 79 58 0
0 79 0 240
0 67 0 0
0 68 47 0
0 80 56 0
0 80 0 240
0 68 0 0
0 75 62 0
0 87 66 0
0 87 0 360
0 75 0 0
0 72 51 0
0 84 55 0
0 84 0 360
0 72 0 0
0 72 52 240
0 84 62 0
0 84 0 240
0 72 0 0
0 75 49 0
0 87 58 0
0 87 0 240
0 75 0 0
0 72 54 0
0 84 60 0
0 84 0 240
0 72 0 0
0 80 57 0
0 68 52 0
0 68 0 240
0 80 0 0
0 79 58 0
0 67 49 0
0 67 0 240
0 79 0 0
0 77 58 0
0 65 49 0
0 65 0 240
0 77 0 0
0 67 49 0
0 79 58 0
0 79 0 240
0 67 0 0
0 68 47 0
0 80 56 0
0 80 0 240
0 68 0 0
0 74 57 0
0 86 68 0
0 86 0 360
0 74 0 0
0 72 48 0
0 84 57 0
0 84 0 600
0 72 0 0
0 64 44 0
0 76 52 0
0 76 0 240
0 64 0 0
0 65 40 0
0 77 48 0
0 77 0 240
0 65 0 0
0 68 47 0
0 80 57 0
0 80 0 360
0 68 0 0
0 67 43 0
0 79 51 0
0 79 0 360
0 67 0 0
0 58 38 0
0 67 49 0
0 63 41 0
0 58 0 240
0 57 44 0
0 57 0 240
0 58 44 0
0 58 0 240
0 63 0 0
0 67 0 0
0 55 47 0
0 55 0 240
0 67 50 0
0 63 50 0
0 55 47 0
0 55 0 240
0 58 42 0
0 58 0 240
0 63 0 0
0 67 0 0
0 57 38 0
0 62 41 0
0 68 49 0
0 57 0 240
0 58 37 0
0 58 0 240
0 60 42 0
0 60 0 240
0 68 0 0
0 62 0 0
0 61 38 0
0 61 0 240
0 62 38 0
0 68 48 0
0 62 0 240
0 58 40 0
0 58 0 240
0 68 0 0
0 58 36 0
0 67 46 0
0 63 38 0
0 58 0 240
0 57 40 0
0 57 0 240
0 58 44 0
0 58 0 240
0 63 0 0
0 67 0 0
0 55 47 0
0 55 0 240
0 67 50 0
0 63 50 0
0 55 47 0
0 55 0 240
0 58 41 0
0 58 0 240
0 63 0 0
0 67 0 0
0 57 36 0
0 62 38 0
0 68 46 0
0 57 0 240
0 58 38 0
0 58 0 240
0 60 42 0
0 60 0 240
0 68 0 0
0 62 0 0
0 61 38 0
0 61 0 240
0 62 38 0
0 68 48 0
0 62 0 240
0 58 40 0
0 58 0 240
0 68 0 0
0 63 31 0
0 75 31 0
0 75 0 240
0 63 0 0
0 65 32 0
0 77 32 0
0 77 0 240
0 65 0 0
0 79 32 0
0 79 0 240
0 70 36 0
0 82 36 0
0 82 0 360
0 70 0 0
0 70 28 0
0 82 28 0
0 82 0 360
0 70 0 0
0 70 35 240
0 82 35 0
0 82 0 240
0 70 0 0
0 72 29 0
0 84 29 0
0 84 0 240
0 72 0 0
0 74 36 0
0 86 36 0
0 86 0 240
0 74 0 0
0 89 37 0
0 77 35 0
0 77 0 240
0 89 0 0
0 86 36 0
0 74 36 0
0 74 0 240
0 86 0 0
0 84 36 0
0 72 36 0
0 72 0 240
0 84 0 0
0 74 36 0
0 86 36 0
0 86 0 240
0 74 0 0
0 72 31 0
0 84 31 0
0 84 0 240
0 72 0 0
0 67 34 0
0 79 34 0
0 79 0 360
0 67 0 0
0 67 28 0
0 79 28 0
0 79 0 360
0 67 0 0
0 65 35 240
0 77 35 0
0 77 0 240
0 65 0 0
0 67 36 0
0 79 36 0
0 79 0 240
0 67 0 0
0 68 36 0
0 80 36 0
0 80 0 240
0 68 0 0
0 82 36 0
0 70 36 0
0 70 0 240
0 82 0 0
0 80 32 0
0 68 32 0
0 68 0 240
0 80 0 0
0 79 36 0
0 67 36 0
0 67 0 238
0 79 0 2
0 65 33 0
0 77 33 0
0 77 0 240
0 65 0 0
0 63 31 0
0 75 31 0
0 75 0 240
0 63 0 0
0 58 34 0
0 70 34 0
0 70 0 360
0 58 0 0
0 58 28 0
0 70 28 0
0 70 0 360
0 58 0 0
0 62 31 240
0 65 35 0
0 65 0 240
0 67 36 0
0 67 0 240
0 68 36 0
0 68 0 240
0 70 36 0
0 70 0 240
0 68 36 0
0 68 0 120
0 67 32 0
0 67 0 60
0 68 33 0
0 68 0 60
0 62 0 0
0 63 32 0
0 67 36 0
0 67 0 240
0 65 33 0
0 65 0 240
0 63 0 0
0 63 31 0
0 63 0 240
0 58 34 0
0 58 0 238
0 60 33 2
0 60 0 240
0 63 33 0
0 63 0 240
0 56 32 0
0 62 36 0
0 56 0 238
0 62 0 2
0 65 33 0
0 65 0 240
0 62 31 0
0 62 0 120
0 60 27 0
0 60 0 60
0 62 27 0
0 62 0 60
0 60 33 0
0 60 0 360
0 58 30 0
0 56 30 0
0 56 0 360
0 58 0 0
0 63 31 0
0 75 31 0
0 75 0 240
0 63 0 0
0 65 28 0
0 77 28 0
0 77 0 240
0 65 0 0
0 79 32 0
0 79 0 240
0 70 36 0
0 82 36 0
0 82 0 360
0 70 0 0
0 70 28 0
0 82 28 0
0 82 0 360
0 70 0 0
0 70 35 240
0 82 35 0
0 82 0 240
0 70 0 0
0 72 31 0
0 84 31 0
0 84 0 240
0 72 0 0
0 74 36 0
0 86 36 0
0 86 0 240
0 74 0 0
0 89 37 0
0 77 33 0
0 77 0 240
0 89 0 0
0 86 36 0
0 74 36 0
0 74 0 240
0 86 0 0
0 84 36 0
0 72 36 0
0 72 0 240
0 84 0 0
0 74 36 0
0 86 36 0
0 86 0 240
0 74 0 0
0 72 28 0
0 84 28 0
0 84 0 240
0 72 0 0
0 67 34 0
0 79 34 0
0 79 0 360
0 67 0 0
0 67 28 0
0 79 28 0
0 79 0 360
0 67 0 0
0 65 35 240
0 77 35 0
0 77 0 240
0 65 0 0
0 67 36 0
0 79 36 0
0 79 0 240
0 67 0 0
0 68 36 0
0 80 36 0
0 80 0 240
0 68 0 0
0 82 36 0
0 70 36 0
0 70 0 240
0 82 0 0
0 80 36 0
0 68 36 0
0 68 0 240
0 80 0 0
0 79 36 0
0 67 36 0
0 67 0 238
0 79 0 2
0 65 33 0
0 77 33 0
0 77 0 240
0 65 0 0
0 63 31 0
0 75 31 0
0 75 0 240
0 63 0 0
0 58 34 0
0 70 34 0
0 70 0 360
0 58 0 0
0 58 28 0
0 70 28 0
0 70 0 360
0 58 0 0
0 62 31 240
0 65 35 0
0 65 0 240
0 67 36 0
0 67 0 240
0 68 36 0
0 68 0 240
0 70 36 0
0 70 0 240
0 68 36 0
0 68 0 120
0 67 32 0
0 67 0 60
0 68 33 0
0 68 0 60
0 62 0 0
0 63 32 0
0 67 36 0
0 67 0 240
0 65 33 0
0 65 0 240
0 63 0 0
0 63 31 0
0 63 0 240
0 58 34 0
0 58 0 238
0 60 33 2
0 60 0 240
0 63 33 0
0 63 0 240
0 56 32 0
0 62 36 0
0 56 0 238
0 62 0 2
0 65 33 0
0 65 0 240
0 62 31 0
0 62 0 120
0 60 27 0
0 60 0 60
0 62 27 0
0 62 0 60
0 60 33 0
0 60 0 360
0 58 30 0
0 56 30 0
0 56 0 360
0 58 0 0
0 58 28 0
0 67 36 0
0 63 30 0
0 58 0 240
0 57 33 0
0 57 0 240
0 58 33 0
0 58 0 240
0 63 0 0
0 67 0 0
0 55 35 0
0 55 0 240
0 67 37 0
0 63 37 0
0 55 35 0
0 55 0 240
0 58 31 0
0 58 0 240
0 63 0 0
0 67 0 0
0 57 28 0
0 62 30 0
0 68 36 0
0 57 0 240
0 58 31 0
0 58 0 240
0 60 31 0
0 60 0 240
0 68 0 0
0 62 0 0
0 61 31 0
0 61 0 240
0 62 28 0
0 68 36 0
0 62 0 240
0 58 30 0
0 58 0 240
0 68 0 0
0 58 27 0
0 67 35 0
0 63 28 0
0 58 0 240
0 57 33 0
0 57 0 240
0 58 33 0
0 58 0 240
0 63 0 0
0 67 0 0
0 55 35 0
0 55 0 240
0 67 37 0
0 63 37 0
0 55 35 0
0 55 0 240
0 58 30 0
0 58 0 240
0 63 0 0
0 67 0 0
0 57 27 0
0 62 28 0
0 68 35 0
0 57 0 240
0 58 31 0
0 58 0 240
0 60 31 0
0 60 0 240
0 68 0 0
0 62 0 0
0 61 31 0
0 61 0 240
0 62 28 0
0 68 36 0
0 62 0 240
0 58 30 0
0 58 0 240
0 68 0 0
0 58 27 0
0 67 35 0
0 63 28 0
0 58 0 240
0 57 32 0
0 57 0 240
0 58 32 0
0 58 0 240
0 63 0 0
0 67 0 0
0 55 33 0
0 55 0 240
0 67 36 0
0 63 36 0
0 55 33 0
0 55 0 240
0 58 28 0
0 58 0 240
0 63 0 0
0 67 0 0
0 58 25 0
0 67 32 0
0 63 27 0
0 58 0 240
0 57 27 0
0 57 0 240
0 58 30 0
0 58 0 240
0 63 0 0
0 67 0 0
0 55 31 0
0 55 0 240
0 67 29 0
0 63 29 0
0 55 27 0
0 55 0 240
0 58 23 0
0 58 0 240
0 63 0 0
0 67 0 0
0 55 22 0
0 63 22 0
0 67 27 0
0 67 0 2160
0 63 0 0
0 55 0 0
0 71 51 720
0 75 51 0
0 75 0 1440
0 71 0 0
0 73 57 0
0 73 0 240
0 75 52 0
0 75 0 240
0 76 50 0
0 76 0 240
0 78 53 0
0 78 0 240
0 82 53 0
0 82 0 240
0 80 51 0
0 80 0 240
0 71 51 0
0 75 51 0
0 75 0 1440
0 71 0 0
0 73 57 0
0 73 0 240
0 75 50 0
0 75 0 240
0 76 50 0
0 76 0 240
0 78 53 0
0 78 0 240
0 80 53 0
0 80 0 240
0 76 55 0
0 76 0 240
0 75 58 0
0 75 0 240
0 73 53 0
0 73 0 240
0 71 55 0
0 71 0 240
0 68 52 0
0 68 0 240
0 70 52 0
0 70 0 240
0 71 52 0
0 71 0 240
0 68 51 0
0 73 57 0
0 73 0 240
0 68 0 0
0 75 50 0
0 75 0 240
0 73 48 0
0 73 0 240
0 76 44 0
0 76 0 240
0 78 42 0
0 78 0 240
0 76 41 0
0 76 0 240
0 68 38 0
0 71 38 0
0 75 38 0
0 80 38 0
0 80 0 1440
0 68 0 0
0 71 0 0
0 75 0 0
0 75 38 0
0 75 0 1440
0 71 51 0
0 75 51 0
0 75 0 1440
0 71 0 0
0 73 57 0
0 73 0 240
0 75 51 0
0 75 0 240
0 76 51 0
0 76 0 240
0 78 53 0
0 78 0 240
0 82 55 0
0 82 0 240
0 80 53 0
0 80 0 240
0 71 51 0
0 75 51 0
0 75 0 1440
0 71 0 0
0 73 57 0
0 73 0 240
0 75 51 0
0 75 0 240
0 76 52 0
0 76 0 240
0 78 52 0
0 78 0 240
0 80 53 0
0 80 0 240
0 76 55 0
0 76 0 240
0 75 58 0
0 75 0 240
0 73 53 0
0 73 0 240
0 71 55 0
0 71 0 240
0 68 52 0
0 68 0 240
0 70 52 0
0 70 0 240
0 71 52 0
0 71 0 240
0 68 49 0
0 73 57 0
0 73 0 240
0 68 0 0
0 75 49 0
0 75 0 240
0 73 47 0
0 73 0 240
0 76 45 0
0 76 0 240
0 78 42 0
0 78 0 240
0 76 41 0
0 76 0 240
0 68 38 0
0 71 38 0
0 75 38 0
0 80 38 0
0 80 0 1440
0 68 0 0
0 71 0 0
0 75 0 0
0 70 44 1380
0 70 0 60
0 75 55 0
0 75 0 1440
0 73 52 240
0 73 0 240
0 75 50 0
0 75 0 240
0 76 50 0
0 76 0 240
0 78 53 0
0 78 0 240
0 80 50 0
0 80 0 180
0 70 42 0
0 70 0 60
0 75 51 0
0 75 0 1440
0 70 54 240
0 70 0 240
0 73 57 0
0 73 0 120
0 71 38 0
0 73 37 60
0 71 0 20
0 71 49 40
0 73 0 20
0 71 0 220
0 70 58 0
0 70 0 240
0 68 56 0
0 68 0 180
0 67 63 60
0 67 0 240
0 68 58 0
0 68 0 240
0 70 60 0
0 70 0 240
0 75 57 0
0 75 0 240
0 77 61 0
0 77 0 240
0 79 57 0
0 79 0 240
0 71 62 0
0 80 62 0
0 80 0 240
0 71 0 0
0 75 59 0
0 75 0 240
0 73 59 0
0 73 0 120
0 71 42 0
0 73 42 60
0 71 0 20
0 71 53 40
0 73 0 20
0 71 0 220
0 70 49 0
0 70 0 240
0 68 49 0
0 68 0 180
0 67 48 0
0 75 59 60
0 75 0 1440
0 67 0 0
0 62 46 0
0 68 54 0
0 68 0 1380
0 62 0 0
0 70 49 0
0 70 0 60
0 75 59 0
0 75 0 1440
0 73 52 240
0 73 0 240
0 75 52 0
0 75 0 240
0 76 50 0
0 76 0 240
0 78 53 0
0 78 0 240
0 80 50 0
0 80 0 180
0 70 42 0
0 70 0 60
0 75 51 0
0 75 0 1440
0 70 52 240
0 70 0 240
0 73 57 0
0 73 0 120
0 71 36 0
0 73 36 60
0 71 0 20
0 71 49 40
0 73 0 20
0 71 0 220
0 70 58 0
0 70 0 240
0 68 52 0
0 68 0 180
0 67 63 60
0 67 0 240
0 68 58 0
0 68 0 240
0 70 60 0
0 70 0 240
0 75 57 0
0 75 0 240
0 77 61 0
0 77 0 240
0 79 57 0
0 79 0 240
0 71 62 0
0 80 62 0
0 80 0 240
0 71 0 0
0 75 55 0
0 75 0 240
0 73 59 0
0 73 0 120
0 71 38 0
0 73 39 60
0 71 0 20
0 71 51 40
0 73 0 20
0 71 0 220
0 70 49 0
0 70 0 240
0 68 49 0
0 68 0 180
0 67 48 0
0 75 59 60
0 75 0 2880
0 67 0 0
0 71 51 0
0 75 51 0
0 75 0 1440
0 71 0 0
0 73 57 0
0 73 0 240
0 75 51 0
0 75 0 240
0 76 52 0
0 76 0 240
0 78 51 0
0 78 0 240
0 82 53 0
0 82 0 240
0 80 52 0
0 80 0 240
0 71 51 0
0 75 51 0
0 75 0 1440
0 71 0 0
0 73 57 0
0 73 0 240
0 75 52 0
0 75 0 240
0 76 52 0
0 76 0 240
0 78 51 0
0 78 0 240
0 80 53 0
0 80 0 240
0 76 55 0
0 76 0 240
0 75 58 0
0 75 0 240
0 73 53 0
0 73 0 240
0 71 55 0
0 71 0 240
0 68 52 0
0 68 0 240
0 70 52 0
0 70 0 240
0 71 49 0
0 71 0 240
0 68 43 0
0 73 57 0
0 73 0 240
0 68 0 0
0 75 50 0
0 75 0 240
0 73 49 0
0 73 0 240
0 76 42 0
0 76 0 240
0 78 42 0
0 78 0 240
0 76 41 0
0 76 0 240
0 68 38 0
0 71 38 0
0 75 38 0
0 80 38 0
0 68 0 1190
0 71 0 250
0 75 0 0
0 80 0 0
0 71 38 0
0 71 0 240
0 70 38 0
0 70 0 240
0 68 36 0
0 68 0 240
0 63 33 0
0 63 0 240
0 59 36 0
0 59 0 240
0 56 35 0
0 56 0 240
0 59 28 0
0 68 37 0
0 63 30 0
0 59 0 240
0 58 30 0
0 58 0 240
0 59 32 0
0 59 0 240
0 63 0 0
0 68 0 0
0 56 31 0
0 56 0 240
0 59 33 0
0 59 0 240
0 63 31 0
0 63 0 240
0 59 28 0
0 68 37 0
0 63 30 0
0 59 0 240
0 58 30 0
0 58 0 240
0 59 33 0
0 59 0 240
0 63 0 0
0 68 0 0
0 56 30 0
0 56 0 240
0 59 35 0
0 59 0 240
0 63 31 0
0 63 0 240
0 59 29 0
0 68 39 0
0 63 31 0
0 59 0 240
0 58 31 0
0 58 0 240
0 59 34 0
0 59 0 240
0 63 0 0
0 68 0 0
0 56 31 0
0 56 0 240
0 59 37 0
0 59 0 240
0 63 32 0
0 63 0 240
0 59 29 0
0 68 39 0
0 63 31 0
0 59 0 240
0 58 32 0
0 58 0 240
0 59 34 0
0 59 0 240
0 63 0 0
0 68 0 0
0 56 30 0
0 56 0 240
0 59 37 0
0 59 0 240
0 63 32 0
0 63 0 240
0 58 25 0
0 67 33 0
0 63 27 0
0 58 0 240
0 57 28 0
0 57 0 240
0 58 29 0
0 58 0 240
0 63 0 0
0 67 0 0
0 55 27 0
0 55 0 240
0 58 31 0
0 58 0 240
0 63 28 0
0 63 0 240
0 58 25 0
0 67 33 0
0 63 27 0
0 58 0 240
0 57 28 0
0 57 0 240
0 58 29 0
0 58 0 240
0 63 0 0
0 67 0 0
0 55 28 0
0 55 0 240
0 58 31 0
0 58 0 240
0 63 28 0
0 63 0 240
0 62 35 0
0 68 35 0
0 72 35 0
0 72 0 240
0 68 0 0
0 62 0 0
0 62 32 0
0 68 32 0
0 70 32 0
0 70 0 240
0 68 0 0
0 62 0 0
0 62 39 0
0 68 39 0
0 72 39 0
0 72 0 240
0 68 0 0
0 62 0 0
0 62 34 0
0 68 34 0
0 70 34 0
0 70 0 240
0 68 0 0
0 62 0 0
0 62 45 0
0 68 45 0
0 72 45 0
0 72 0 240
0 68 0 0
0 62 0 0
0 62 39 0
0 68 39 0
0 70 39 0
0 70 0 240
0 68 0 0
0 62 0 0
0 74 52 0
0 80 52 0
0 84 52 0
0 84 0 240
0 80 0 0
0 74 0 0
0 74 47 0
0 82 47 0
0 80 47 0
0 80 0 240
0 82 0 0
0 74 0 0
0 74 55 0
0 80 55 0
0 84 55 0
0 84 0 240
0 80 0 0
0 74 0 0
0 74 47 0
0 80 47 0
0 82 47 0
0 82 0 240
0 80 0 0
0 74 0 0
0 74 60 0
0 80 60 0
0 84 60 0
0 84 0 240
0 80 0 0
0 74 0 0
0 74 52 0
0 80 52 0
0 82 52 0
0 82 0 240
0 80 0 0
0 74 0 0
0 58 38 0
0 67 49 0
0 63 41 0
0 58 0 240
0 57 44 0
0 57 0 240
0 58 44 0
0 58 0 240
0 63 0 0
0 67 0 0
0 55 47 0
0 55 0 240
0 67 50 0
0 63 50 0
0 55 47 0
0 55 0 240
0 58 42 0
0 58 0 240
0 63 0 0
0 67 0 0
0 57 38 0
0 62 41 0
0 68 49 0
0 57 0 240
0 58 39 0
0 58 0 240
0 60 42 0
0 60 0 240
0 68 0 0
0 62 0 0
0 61 38 0
0 61 0 240
0 62 38 0
0 68 48 0
0 62 0 240
0 58 40 0
0 58 0 240
0 68 0 0
0 58 36 0
0 67 46 0
0 63 38 0
0 58 0 240
0 57 40 0
0 57 0 240
0 58 44 0
0 58 0 240
0 63 0 0
0 67 0 0
0 55 47 0
0 55 0 240
0 67 50 0
0 63 50 0
0 55 47 0
0 55 0 240
0 58 41 0
0 58 0 240
0 63 0 0
0 67 0 0
0 57 36 0
0 62 38 0
0 68 46 0
0 57 0 240
0 58 42 0
0 58 0 240
0 60 42 0
0 60 0 240
0 68 0 0
0 62 0 0
0 61 42 0
0 61 0 240
0 62 38 0
0 68 48 0
0 62 0 240
0 58 40 0
0 58 0 240
0 68 0 0
0 63 47 0
0 75 47 0
0 75 0 240
0 63 0 0
0 65 46 0
0 77 46 0
0 77 0 240
0 65 0 0
0 79 41 0
0 79 0 240
0 70 54 0
0 82 54 0
0 82 0 360
0 70 0 0
0 70 43 0
0 82 43 0
0 82 0 360
0 70 0 0
0 70 52 240
0 82 52 0
0 82 0 240
0 70 0 0
0 72 52 0
0 84 52 0
0 84 0 240
0 72 0 0
0 74 55 0
0 86 55 0
0 86 0 240
0 74 0 0
0 89 52 0
0 77 49 0
0 77 0 240
0 89 0 0
0 86 53 0
0 74 53 0
0 74 0 240
0 86 0 0
0 84 55 0
0 72 55 0
0 72 0 240
0 84 0 0
0 74 53 0
0 86 53 0
0 86 0 240
0 74 0 0
0 72 42 0
0 84 42 0
0 84 0 240
0 72 0 0
0 67 50 0
0 79 50 0
0 79 0 360
0 67 0 0
0 67 43 0
0 79 43 0
0 79 0 360
0 67 0 0
0 65 52 240
0 77 52 0
0 77 0 240
0 65 0 0
0 67 51 0
0 79 51 0
0 79 0 240
0 67 0 0
0 68 55 0
0 80 55 0
0 80 0 240
0 68 0 0
0 82 53 0
0 70 53 0
0 70 0 240
0 82 0 0
0 80 49 0
0 68 49 0
0 68 0 240
0 80 0 0
0 79 55 0
0 67 55 0
0 67 0 238
0 79 0 2
0 65 47 0
0 77 47 0
0 77 0 240
0 65 0 0
0 63 46 0
0 75 46 0
0 75 0 240
0 63 0 0
0 58 51 0
0 70 51 0
0 70 0 360
0 58 0 0
0 58 43 0
0 70 43 0
0 70 0 360
0 58 0 0
0 62 46 240
0 65 52 0
0 65 0 240
0 67 53 0
0 67 0 240
0 68 55 0
0 68 0 240
0 70 53 0
0 70 0 240
0 68 50 0
0 68 0 120
0 67 49 0
0 67 0 60
0 68 50 0
0 68 0 60
0 62 0 0
0 63 48 0
0 67 55 0
0 67 0 240
0 65 50 0
0 65 0 240
0 63 0 0
0 63 46 0
0 63 0 240
0 58 51 0
0 58 0 238
0 60 50 2
0 60 0 240
0 63 50 0
0 63 0 240
0 56 48 0
0 62 55 0
0 56 0 238
0 62 0 2
0 65 50 0
0 65 0 240
0 62 46 0
0 62 0 120
0 60 41 0
0 60 0 60
0 62 41 0
0 62 0 60
0 60 50 0
0 60 0 360
0 58 45 0
0 56 45 0
0 56 0 360
0 58 0 0
0 58 38 0
0 67 49 0
0 63 41 0
0 58 0 240
0 57 44 0
0 57 0 240
0 58 44 0
0 58 0 240
0 63 0 0
0 67 0 0
0 55 47 0
0 55 0 240
0 67 50 0
0 63 50 0
0 55 47 0
0 55 0 240
0 58 42 0
0 58 0 240
0 63 0 0
0 67 0 0
0 57 38 0
0 62 41 0
0 68 49 0
0 57 0 240
0 58 42 0
0 58 0 240
0 60 42 0
0 60 0 240
0 68 0 0
0 62 0 0
0 61 42 0
0 61 0 240
0 62 38 0
0 68 48 0
0 62 0 240
0 58 40 0
0 58 0 240
0 68 0 0
0 58 36 0
0 67 46 0
0 63 38 0
0 58 0 240
0 57 44 0
0 57 0 240
0 58 44 0
0 58 0 240
0 63 0 0
0 67 0 0
0 55 47 0
0 55 0 240
0 67 50 0
0 63 50 0
0 55 47 0
0 55 0 240
0 58 41 0
0 58 0 240
0 63 0 0
0 67 0 0
0 57 36 0
0 62 38 0
0 68 46 0
0 57 0 240
0 58 42 0
0 58 0 240
0 60 42 0
0 60 0 240
0 68 0 0
0 62 0 0
0 61 42 0
0 61 0 240
0 62 38 0
0 68 48 0
0 62 0 240
0 58 40 0
0 58 0 240
0 68 0 0
0 63 47 0
0 75 47 0
0 75 0 240
0 63 0 0
0 65 47 0
0 77 47 0
0 77 0 240
0 65 0 0
0 79 47 0
0 79 0 240
0 70 53 0
0 82 53 0
0 82 0 720
0 70 0 0
0 70 52 240
0 82 52 0
0 82 0 240
0 70 0 0
0 72 43 0
0 84 43 0
0 84 0 240
0 72 0 0
0 73 55 0
0 85 55 0
0 85 0 240
0 73 0 0
0 89 44 0
0 77 38 0
0 77 0 240
0 89 0 0
0 85 53 0
0 73 53 0
0 73 0 240
0 85 0 0
0 84 55 0
0 72 55 0
0 72 0 240
0 84 0 0
0 70 53 0
0 82 53 0
0 82 0 240
0 70 0 0
0 63 46 0
0 75 46 0
0 75 0 240
0 63 0 0
0 63 51 0
0 75 51 0
0 75 0 240
0 63 0 0
0 65 51 0
0 77 51 0
0 77 0 480
0 65 0 0
0 67 52 240
0 79 52 0
0 79 0 240
0 67 0 0
0 68 47 0
0 80 47 0
0 80 0 240
0 68 0 0
0 70 55 0
0 82 55 0
0 82 0 240
0 70 0 0
0 87 53 0
0 75 51 0
0 75 0 240
0 87 0 0
0 84 47 0
0 72 47 0
0 72 0 240
0 84 0 0
0 82 55 0
0 70 55 0
0 70 0 240
0 82 0 0
0 68 50 0
0 80 50 0
0 80 0 240
0 68 0 0
0 63 46 0
0 75 46 0
0 75 0 240
0 63 0 0
0 63 51 0
0 75 51 0
0 75 0 240
0 63 0 0
0 68 49 0
0 80 55 0
0 80 0 720
0 68 0 0
0 72 52 0
0 75 52 0
0 84 61 0
0 80 61 0
0 80 0 720
0 72 0 0
0 75 0 0
0 84 0 0
0 87 67 0
0 84 67 0
0 80 55 0
0 75 55 0
0 75 0 480
0 87 0 0
0 84 0 0
0 80 0 0
0 63 57 240
0 75 57 0
0 75 0 720
0 63 0 0
0 68 58 0
0 80 64 0
0 80 0 720
0 68 0 0
0 71 56 0
0 75 56 0
0 83 67 0
0 80 67 0
0 80 0 720
0 71 0 0
0 75 0 0
0 83 0 0
0 87 71 0
0 83 71 0
0 80 59 0
0 75 59 0
0 75 0 480
0 87 0 0
0 83 0 0
0 80 0 0
0 63 46 0
0 75 60 0
0 75 0 240
0 63 0 0
0 65 48 0
0 77 55 0
0 77 0 240
0 65 0 0
0 67 50 0
0 79 57 0
0 79 0 240
0 67 0 0
0 70 54 0
0 82 66 0
0 82 0 360
0 70 0 0
0 70 43 0
0 82 53 0
0 82 0 360
0 70 0 0
0 70 52 240
0 82 65 0
0 82 0 240
0 70 0 0
0 72 47 0
0 84 59 0
0 84 0 240
0 72 0 0
0 74 54 0
0 86 70 0
0 86 0 240
0 74 0 0
0 89 58 0
0 77 52 0
0 77 0 240
0 89 0 0
0 86 66 0
0 74 53 0
0 74 0 240
0 86 0 0
0 84 67 0
0 72 53 0
0 72 0 240
0 84 0 0
0 74 53 0
0 86 66 0
0 86 0 240
0 74 0 0
0 72 45 0
0 84 57 0
0 84 0 240
0 72 0 0
0 67 51 0
0 79 63 0
0 79 0 360
0 67 0 0
0 67 43 0
0 79 53 0
0 79 0 360
0 67 0 0
0 70 52 240
0 82 62 0
0 82 0 240
0 70 0 0
0 72 44 0
0 84 52 0
0 84 0 240
0 72 0 0
0 70 55 0
0 82 65 0
0 82 0 240
0 70 0 0
0 80 60 0
0 68 48 0
0 68 0 240
0 80 0 0
0 79 58 0
0 67 49 0
0 67 0 240
0 79 0 0
0 77 62 0
0 65 52 0
0 65 0 240
0 77 0 0
0 67 49 0
0 79 58 0
0 79 0 240
0 67 0 0
0 68 47 0
0 80 56 0
0 80 0 240
0 68 0 0
0 75 57 0
0 87 71 0
0 87 0 360
0 75 0 0
0 72 48 0
0 84 57 0
0 84 0 360
0 72 0 0
0 72 52 240
0 84 62 0
0 84 0 240
0 72 0 0
0 75 49 0
0 87 58 0
0 87 0 240
0 75 0 0
0 72 49 0
0 84 61 0
0 84 0 240
0 72 0 0
0 80 60 0
0 68 51 0
0 68 0 240
0 80 0 0
0 79 58 0
0 67 49 0
0 67 0 240
0 79 0 0
0 77 58 0
0 65 49 0
0 65 0 240
0 77 0 0
0 67 49 0
0 79 58 0
0 79 0 240
0 67 0 0
0 68 47 0
0 80 56 0
0 80 0 240
0 68 0 0
0 74 57 0
0 86 71 0
0 86 0 360
0 74 0 0
0 72 48 0
0 84 57 0
0 84 0 600
0 72 0 0
0 64 44 0
0 76 52 0
0 76 0 240
0 64 0 0
0 65 40 0
0 77 48 0
0 77 0 240
0 65 0 0
0 68 47 0
0 80 57 0
0 80 0 360
0 68 0 0
0 67 43 0
0 79 51 0
0 79 0 360
0 67 0 0
0 58 38 0
0 67 49 0
0 63 41 0
0 58 0 240
0 57 41 0
0 57 0 240
0 58 44 0
0 58 0 240
0 63 0 0
0 67 0 0
0 55 47 0
0 55 0 240
0 67 50 0
0 63 50 0
0 55 47 0
0 55 0 240
0 58 42 0
0 58 0 240
0 63 0 0
0 67 0 0
0 57 38 0
0 62 41 0
0 68 49 0
0 57 0 240
0 58 39 0
0 58 0 240
0 60 42 0
0 60 0 240
0 68 0 0
0 62 0 0
0 61 38 0
0 61 0 240
0 62 38 0
0 68 48 0
0 62 0 240
0 58 40 0
0 58 0 240
0 68 0 0
0 58 36 0
0 67 46 0
0 63 38 0
0 58 0 240
0 57 44 0
0 57 0 240
0 58 42 0
0 58 0 240
0 63 0 0
0 67 0 0
0 55 47 0
0 55 0 240
0 67 50 0
0 63 50 0
0 55 47 0
0 55 0 240
0 58 41 0
0 58 0 240
0 63 0 0
0 67 0 0
0 57 36 0
0 62 38 0
0 68 46 0
0 57 0 240
0 58 39 0
0 58 0 240
0 60 42 0
0 60 0 240
0 68 0 0
0 62 0 0
0 61 37 0
0 61 0 240
0 62 38 0
0 68 48 0
0 62 0 240
0 58 40 0
0 58 0 240
0 68 0 0
0 63 31 0
0 75 31 0
0 75 0 240
0 63 0 0
0 65 30 0
0 77 30 0
0 77 0 240
0 65 0 0
0 79 30 0
0 79 0 240
0 70 36 0
0 82 36 0
0 82 0 360
0 70 0 0
0 70 28 0
0 82 28 0
0 82 0 360
0 70 0 0
0 70 35 240
0 82 35 0
0 82 0 240
0 70 0 0
0 72 31 0
0 84 31 0
0 84 0 240
0 72 0 0
0 74 36 0
0 86 36 0
0 86 0 240
0 74 0 0
0 89 33 0
0 77 33 0
0 77 0 240
0 89 0 0
0 86 36 0
0 74 36 0
0 74 0 240
0 86 0 0
0 84 36 0
0 72 36 0
0 72 0 240
0 84 0 0
0 74 33 0
0 86 33 0
0 86 0 240
0 74 0 0
0 72 31 0
0 84 31 0
0 84 0 240
0 72 0 0
0 67 34 0
0 79 34 0
0 79 0 360
0 67 0 0
0 67 28 0
0 79 28 0
0 79 0 360
0 67 0 0
0 65 35 240
0 77 35 0
0 77 0 240
0 65 0 0
0 67 32 0
0 79 32 0
0 79 0 240
0 67 0 0
0 68 36 0
0 80 36 0
0 80 0 240
0 68 0 0
0 82 36 0
0 70 36 0
0 70 0 240
0 82 0 0
0 80 36 0
0 68 36 0
0 68 0 240
0 80 0 0
0 79 36 0
0 67 36 0
0 67 0 238
0 79 0 2
0 65 33 0
0 77 33 0
0 77 0 240
0 65 0 0
0 63 31 0
0 75 31 0
0 75 0 240
0 63 0 0
0 58 34 0
0 70 34 0
0 70 0 360
0 58 0 0
0 58 28 0
0 70 28 0
0 70 0 360
0 58 0 0
0 62 31 240
0 65 35 0
0 65 0 240
0 67 32 0
0 67 0 240
0 68 36 0
0 68 0 240
0 70 36 0
0 70 0 240
0 68 36 0
0 68 0 120
0 67 32 0
0 67 0 60
0 68 33 0
0 68 0 60
0 62 0 0
0 63 32 0
0 67 36 0
0 67 0 240
0 65 33 0
0 65 0 240
0 63 0 0
0 63 31 0
0 63 0 240
0 58 34 0
0 58 0 238
0 60 33 2
0 60 0 240
0 63 33 0
0 63 0 240
0 56 32 0
0 62 36 0
0 56 0 238
0 62 0 2
0 65 33 0
0 65 0 240
0 62 31 0
0 62 0 120
0 60 27 0
0 60 0 60
0 62 27 0
0 62 0 60
0 60 33 0
0 60 0 360
0 58 30 0
0 56 30 0
0 56 0 360
0 58 0 0
0 63 31 0
0 75 31 0
0 75 0 240
0 63 0 0
0 65 28 0
0 77 28 0
0 77 0 240
0 65 0 0
0 79 27 0
0 79 0 240
0 70 36 0
0 82 36 0
0 82 0 360
0 70 0 0
0 70 28 0
0 82 28 0
0 82 0 360
0 70 0 0
0 70 35 240
0 82 35 0
0 82 0 240
0 70 0 0
0 72 28 0
0 84 28 0
0 84 0 240
0 72 0 0
0 74 36 0
0 86 36 0
0 86 0 240
0 74 0 0
0 89 30 0
0 77 28 0
0 77 0 240
0 89 0 0
0 86 36 0
0 74 36 0
0 74 0 240
0 86 0 0
0 84 36 0
0 72 36 0
0 72 0 240
0 84 0 0
0 74 32 0
0 86 32 0
0 86 0 240
0 74 0 0
0 72 31 0
0 84 31 0
0 84 0 240
0 72 0 0
0 67 34 0
0 79 34 0
0 79 0 360
0 67 0 0
0 67 28 0
0 79 28 0
0 79 0 360
0 67 0 0
0 65 35 240
0 77 35 0
0 77 0 240
0 65 0 0
0 67 32 0
0 79 32 0
0 79 0 240
0 67 0 0
0 68 36 0
0 80 36 0
0 80 0 240
0 68 0 0
0 82 32 0
0 70 32 0
0 70 0 240
0 82 0 0
0 80 36 0
0 68 36 0
0 68 0 240
0 80 0 0
0 79 36 0
0 67 36 0
0 67 0 238
0 79 0 2
0 65 33 0
0 77 33 0
0 77 0 240
0 65 0 0
0 63 31 0
0 75 31 0
0 75 0 240
0 63 0 0
0 58 34 0
0 70 34 0
0 70 0 360
0 58 0 0
0 58 28 0
0 70 28 0
0 70 0 360
0 58 0 0
0 62 31 240
0 65 35 0
0 65 0 240
0 67 32 0
0 67 0 240
0 68 36 0
0 68 0 240
0 70 34 0
0 70 0 240
0 68 36 0
0 68 0 120
0 67 32 0
0 67 0 60
0 68 33 0
0 68 0 60
0 62 0 0
0 63 32 0
0 67 36 0
0 67 0 240
0 65 33 0
0 65 0 240
0 63 0 0
0 63 31 0
0 63 0 240
0 58 34 0
0 58 0 238
0 60 33 2
0 60 0 240
0 63 33 0
0 63 0 240
0 56 32 0
0 62 36 0
0 56 0 238
0 62 0 2
0 65 33 0
0 65 0 240
0 62 31 0
0 62 0 120
0 60 27 0
0 60 0 60
0 62 27 0
0 62 0 60
0 60 33 0
0 60 0 360
0 58 30 0
0 56 30 0
0 56 0 360
0 58 0 0
0 58 28 0
0 67 36 0
0 63 30 0
0 58 0 240
0 57 33 0
0 57 0 240
0 58 33 0
0 58 0 240
0 63 0 0
0 67 0 0
0 55 35 0
0 55 0 240
0 67 37 0
0 63 37 0
0 55 35 0
0 55 0 240
0 58 31 0
0 58 0 240
0 63 0 0
0 67 0 0
0 57 28 0
0 62 30 0
0 68 36 0
0 57 0 240
0 58 31 0
0 58 0 240
0 60 31 0
0 60 0 240
0 68 0 0
0 62 0 0
0 61 31 0
0 61 0 240
0 62 28 0
0 68 36 0
0 62 0 240
0 58 30 0
0 58 0 240
0 68 0 0
0 58 27 0
0 67 35 0
0 63 28 0
0 58 0 240
0 57 33 0
0 57 0 240
0 58 33 0
0 58 0 240
0 63 0 0
0 67 0 0
0 55 35 0
0 55 0 240
0 67 37 0
0 63 37 0
0 55 35 0
0 55 0 240
0 58 30 0
0 58 0 240
0 63 0 0
0 67 0 0
0 57 27 0
0 62 28 0
0 68 35 0
0 57 0 240
0 58 31 0
0 58 0 240
0 60 31 0
0 60 0 240
0 68 0 0
0 62 0 0
0 61 31 0
0 61 0 240
0 62 28 0
0 68 36 0
0 62 0 240
0 58 30 0
0 58 0 240
0 68 0 0
0 58 27 0
0 67 35 0
0 63 28 0
0 58 0 240
0 57 31 0
0 57 0 240
0 58 31 0
0 58 0 240
0 63 0 0
0 67 0 0
0 55 33 0
0 55 0 240
0 67 36 0
0 63 36 0
0 55 33 0
0 55 0 240
0 58 28 0
0 58 0 240
0 63 0 0
0 67 0 0
0 58 25 0
0 67 32 0
0 63 27 0
0 58 0 240
0 57 29 0
0 57 0 240
0 58 28 0
0 58 0 240
0 63 0 0
0 67 0 0
0 55 31 0
0 55 0 240
0 67 29 0
0 63 29 0
0 55 27 0
0 55 0 240
0 58 23 0
0 58 0 240
0 63 0 0
0 67 0 0
0 55 22 0
0 63 22 0
0 67 27 0
0 63 0 2158
0 67 0 2
0 55 0 0
0 75 27 0
0 79 27 0
0 87 33 0
0 87 0 720
0 79 0 0
0 75 0 0
0 94 27 0
0 87 27 0
0 91 27 0
0 99 33 0
0 99 0 1440
0 94 0 0
0 87 0 0
0 91 0 0
0 39 36 0
0 51 43 0
0 51 0 720
0 39 0 0
0 34 34 240
0 46 41 0
0 46 0 343
0 34 0 0
0 53 44 0
0 41 36 0
0 41 0 583
0 53 0 0
0 34 34 240
0 46 41 0
0 46 0 320
0 34 0 0
0 51 40 0
0 39 34 0
0 39 0 583
0 51 0 0
0 34 34 240
0 46 41 0
0 46 0 297
0 34 0 0
0 53 41 0
0 41 34 0
0 41 0 583
0 53 0 0
0 34 34 240
0 46 41 0
0 46 0 285
0 34 0 0
0 51 44 0
0 51 0 113
0 67 39 0
0 67 0 240
0 67 39 0
0 67 0 120
0 63 36 0
0 63 0 240
0 58 32 0
0 58 0 240
0 51 44 0
0 51 0 93
0 68 39 0
0 68 0 93
0 62 37 0
0 62 0 240
0 58 37 0
0 58 0 240
0 51 44 0
0 51 0 141
0 67 39 0
0 67 0 478
0 63 37 99
0 63 0 240
0 58 37 0
0 58 0 240
0 51 44 0
0 51 0 13
0 68 39 0
0 68 0 478
0 62 37 80
0 62 0 240
0 58 37 0
0 58 0 240
0 51 44 0
0 51 0 141
0 67 39 0
0 67 0 155
0 63 37 0
0 63 0 240
0 55 36 0
0 55 0 240
0 46 44 0
0 46 0 147
0 56 39 0
0 56 0 159
0 52 37 0
0 52 0 240
0 53 37 0
0 53 0 240
0 46 44 0
0 46 0 133
0 55 39 0
0 55 0 120
0 58 37 0
0 58 0 240
0 55 37 0
0 55 0 240
0 46 44 0
0 46 0 184
0 56 39 0
0 56 0 155
0 52 37 0
0 52 0 240
0 53 37 0
0 53 0 240
0 39 36 0
0 51 43 0
0 51 0 571
0 39 0 0
0 34 34 240
0 46 41 0
0 46 0 331
0 34 0 0
0 41 36 0
0 53 44 0
0 53 0 583
0 41 0 0
0 34 34 240
0 46 41 0
0 46 0 389
0 34 0 0
0 39 34 0
0 51 40 0
0 51 0 583
0 39 0 0
0 34 34 240
0 46 41 0
0 46 0 331
0 34 0 0
0 41 34 0
0 53 41 0
0 53 0 583
0 41 0 0
0 34 34 240
0 46 41 0
0 46 0 297
0 34 0 0
0 51 44 0
0 51 0 113
0 67 39 0
0 67 0 240
0 67 39 0
0 67 0 120
0 63 37 0
0 63 0 240
0 58 37 0
0 58 0 240
0 51 44 0
0 51 0 93
0 68 39 0
0 68 0 93
0 62 37 0
0 62 0 240
0 58 37 0
0 58 0 240
0 51 44 0
0 51 0 141
0 67 39 0
0 67 0 478
0 63 37 99
0 63 0 240
0 58 33 0
0 58 0 240
0 51 44 0
0 51 0 13
0 68 39 0
0 68 0 478
0 62 37 80
0 62 0 240
0 58 37 0
0 58 0 240
0 51 44 0
0 51 0 141
0 67 39 0
0 67 0 155
0 63 37 0
0 63 0 240
0 55 35 0
0 55 0 240
0 46 44 0
0 46 0 147
0 56 39 0
0 56 0 159
0 52 37 0
0 52 0 240
0 53 37 0
0 53 0 240
0 46 44 0
0 46 0 133
0 55 39 0
0 55 0 120
0 58 37 0
0 58 0 240
0 55 37 0
0 55 0 240
0 46 44 0
0 46 0 184
0 56 39 0
0 56 0 155
0 52 37 0
0 52 0 240
0 53 37 0
0 53 0 240
0 39 36 0
0 51 43 0
0 51 0 571
0 39 0 0
0 34 34 240
0 46 41 0
0 46 0 331
0 34 0 0
0 41 36 0
0 53 44 0
0 53 0 583
0 41 0 0
0 34 34 240
0 46 41 0
0 46 0 389
0 34 0 0
0 39 34 0
0 51 40 0
0 51 0 583
0 39 0 0
0 34 34 240
0 46 41 0
0 46 0 331
0 34 0 0
0 41 34 0
0 53 41 0
0 53 0 583
0 41 0 0
0 34 34 240
0 46 41 0
0 46 0 297
0 34 0 0
0 51 44 0
0 51 0 93
0 67 39 0
0 67 0 240
0 67 41 0
0 67 0 60
0 63 37 0
0 63 0 240
0 58 37 0
0 58 0 240
0 51 44 0
0 51 0 120
0 68 39 0
0 68 0 80
0 61 37 0
0 61 0 240
0 58 37 0
0 58 0 240
0 51 44 0
0 51 0 120
0 67 39 0
0 67 0 120
0 61 37 0
0 61 0 240
0 58 37 0
0 58 0 240
0 51 44 0
0 51 0 120
0 61 39 0
0 61 0 80
0 55 37 0
0 55 0 240
0 51 37 0
0 51 0 240
0 44 44 0
0 44 0 120
0 60 39 0
0 60 0 60
0 56 39 0
0 56 0 240
0 51 39 0
0 51 0 240
0 44 48 0
0 44 0 240
0 63 42 0
0 63 0 720
0 60 48 0
0 60 0 240
0 56 46 0
0 56 0 240
0 44 50 0
0 44 0 120
0 59 45 0
0 59 0 120
0 56 44 0
0 56 0 240
0 51 45 0
0 51 0 240
0 44 54 0
0 44 0 240
0 63 49 0
0 63 0 720
0 59 48 0
0 59 0 240
0 56 49 0
0 56 0 240
0 46 65 0
0 46 0 120
0 67 45 0
0 67 0 240
0 67 45 0
0 67 0 120
0 63 43 0
0 63 0 240
0 58 43 0
0 58 0 240
0 46 51 0
0 46 0 120
0 68 45 0
0 68 0 80
0 62 43 0
0 62 0 240
0 58 43 0
0 58 0 240
0 51 51 0
0 51 0 120
0 67 45 0
0 67 0 478
0 63 43 120
0 63 0 240
0 58 43 0
0 58 0 240
0 48 51 0
0 48 0 120
0 61 45 0
0 61 0 80
0 60 43 0
0 60 0 240
0 64 43 0
0 64 0 240
0 41 51 0
0 41 0 120
0 63 45 0
0 63 0 155
0 53 43 0
0 53 0 240
0 63 43 0
0 63 0 240
0 46 51 0
0 46 0 60
0 56 45 0
0 56 0 80
0 53 43 0
0 53 0 240
0 63 43 0
0 63 0 240
0 46 48 0
0 46 0 120
0 63 45 0
0 63 0 155
0 58 43 0
0 58 0 240
0 68 43 0
0 68 0 240
0 46 45 0
0 46 0 120
0 55 40 0
0 55 0 240
0 56 38 0
0 56 0 240
0 60 35 0
0 60 0 275
0 58 34 0
0 58 0 360
0 39 36 0
0 51 43 0
0 51 0 606
0 39 0 0
0 34 34 240
0 46 41 0
0 46 0 366
0 34 0 0
0 41 36 0
0 53 44 0
0 53 0 583
0 41 0 0
0 34 34 240
0 46 41 0
0 46 0 360
0 34 0 0
0 39 34 0
0 51 40 0
0 51 0 583
0 39 0 0
0 34 34 240
0 46 41 0
0 46 0 360
0 34 0 0
0 41 34 0
0 53 41 0
0 53 0 583
0 41 0 0
0 34 34 240
0 46 41 0
0 46 0 360
0 34 0 0
0 51 29 0
0 51 0 120
0 67 26 0
0 67 0 240
0 67 26 0
0 67 0 141
0 63 24 0
0 63 0 240
0 58 23 0
0 58 0 240
0 53 29 0
0 53 0 120
0 68 26 0
0 68 0 80
0 62 24 0
0 62 0 240
0 58 24 0
0 58 0 240
0 51 29 0
0 51 0 120
0 67 26 0
0 67 0 478
0 63 24 120
0 63 0 240
0 58 24 0
0 58 0 240
0 53 29 0
0 53 0 60
0 68 26 0
0 68 0 478
0 62 24 80
0 62 0 240
0 58 24 0
0 58 0 240
0 51 29 0
0 51 0 120
0 67 26 0
0 67 0 155
0 63 24 0
0 63 0 240
0 55 24 0
0 55 0 240
0 46 29 0
0 46 0 147
0 56 26 0
0 56 0 134
0 52 24 0
0 52 0 240
0 53 24 0
0 53 0 240
0 46 29 0
0 46 0 93
0 55 26 0
0 55 0 66
0 58 24 0
0 58 0 240
0 55 24 0
0 55 0 240
0 46 29 0
0 46 0 184
0 56 26 0
0 56 0 155
0 52 24 0
0 52 0 240
0 53 24 0
0 53 0 240
0 51 29 0
0 51 0 120
0 67 26 0
0 67 0 240
0 67 26 0
0 67 0 141
0 63 24 0
0 63 0 240
0 58 24 0
0 58 0 240
0 53 29 0
0 53 0 93
0 68 26 0
0 68 0 80
0 62 24 0
0 62 0 240
0 58 24 0
0 58 0 240
0 51 29 0
0 51 0 127
0 67 26 0
0 67 0 478
0 63 24 155
0 63 0 240
0 58 24 0
0 58 0 240
0 53 29 0
0 53 0 80
0 68 26 0
0 68 0 478
0 62 24 80
0 62 0 240
0 58 24 0
0 58 0 240
0 51 29 0
0 51 0 120
0 67 26 0
0 67 0 120
0 63 24 0
0 63 0 240
0 55 24 0
0 55 0 240
0 46 29 0
0 46 0 147
0 56 26 0
0 56 0 130
0 52 24 0
0 52 0 240
0 53 24 0
0 53 0 240
0 46 29 0
0 46 0 93
0 55 26 0
0 55 0 106
0 58 24 0
0 58 0 240
0 55 24 0
0 55 0 240
0 46 29 0
0 46 0 184
0 56 26 0
0 56 0 155
0 52 24 0
0 52 0 240
0 53 24 0
0 53 0 240
0 39 27 0
0 51 32 0
0 51 0 560
0 39 0 0
0 34 25 240
0 46 30 0
0 46 0 331
0 34 0 0
0 41 27 0
0 53 33 0
0 53 0 583
0 41 0 0
0 34 25 240
0 46 30 0
0 46 0 297
0 34 0 0
0 39 25 0
0 51 30 0
0 51 0 583
0 39 0 0
0 34 25 240
0 46 30 0
0 46 0 263
0 34 0 0
0 41 25 0
0 53 30 0
0 53 0 583
0 41 0 0
0 34 25 240
0 46 30 0
0 46 0 331
0 34 0 0
0 39 25 0
0 51 30 0
0 51 0 514
0 39 0 0
0 34 23 240
0 46 28 0
0 46 0 320
0 34 0 0
0 39 23 0
0 51 27 0
0 51 0 583
0 39 0 0
0 34 19 240
0 46 24 0
0 46 0 331
0 34 0 0
0 39 20 0
0 51 25 0
0 51 0 1800
0 39 0 0
0 44 36 0
0 44 0 240
0 51 33 0
0 51 0 240
0 56 30 0
0 56 0 240
0 59 31 0
0 59 0 240
0 61 34 0
0 61 0 80
0 63 33 0
0 63 0 240
0 68 36 0
0 64 36 0
0 64 0 253
0 68 0 0
0 44 36 0
0 44 0 133
0 51 33 0
0 51 0 240
0 56 30 0
0 56 0 240
0 59 31 0
0 59 0 240
0 61 34 0
0 61 0 80
0 63 36 0
0 63 0 240
0 68 36 0
0 64 36 0
0 64 0 333
0 68 0 0
0 44 36 0
0 44 0 133
0 51 33 0
0 51 0 240
0 56 30 0
0 56 0 240
0 59 31 0
0 59 0 240
0 61 34 0
0 61 0 147
0 63 36 0
0 63 0 240
0 64 36 0
0 56 36 0
0 56 0 307
0 64 0 0
0 44 24 0
0 44 0 133
0 51 21 0
0 51 0 240
0 56 20 0
0 56 0 240
0 59 20 0
0 59 0 240
0 61 22 0
0 61 0 120
0 63 24 0
0 63 0 240
0 67 24 0
0 61 23 0
0 61 0 1200
0 67 0 0
0 44 36 0
0 44 0 40
0 51 33 0
0 51 0 240
0 56 30 0
0 56 0 240
0 59 31 0
0 59 0 240
0 61 34 0
0 61 0 133
0 63 36 0
0 63 0 240
0 68 36 0
0 64 36 0
0 64 0 347
0 68 0 0
0 44 36 0
0 44 0 133
0 51 33 0
0 51 0 240
0 56 30 0
0 56 0 240
0 59 31 0
0 59 0 240
0 61 34 0
0 61 0 133
0 63 36 0
0 63 0 240
0 68 36 0
0 64 36 0
0 64 0 360
0 68 0 0
0 44 36 0
0 44 0 133
0 51 33 0
0 51 0 240
0 56 30 0
0 56 0 240
0 59 31 0
0 59 0 240
0 61 34 0
0 61 0 107
0 63 36 0
0 63 0 240
0 64 36 0
0 56 36 0
0 56 0 347
0 64 0 0
0 44 24 0
0 44 0 133
0 51 21 0
0 51 0 240
0 56 20 0
0 56 0 240
0 59 20 0
0 59 0 240
0 61 22 0
0 61 0 147
0 63 24 0
0 63 0 240
0 68 30 0
0 68 0 133
0 63 30 0
0 63 0 240
0 61 28 0
0 61 0 240
0 59 28 0
0 59 0 240
0 58 27 0
0 58 0 173
0 56 25 0
0 56 0 240
0 39 30 0
0 39 0 23
0 46 29 0
0 46 0 240
0 51 28 0
0 51 0 240
0 55 30 0
0 55 0 240
0 58 34 0
0 58 0 80
0 63 38 0
0 63 0 240
0 58 41 0
0 68 41 0
0 64 41 0
0 64 0 356
0 68 0 0
0 58 0 0
0 39 36 0
0 39 0 133
0 46 33 0
0 46 0 240
0 51 30 0
0 51 0 240
0 55 31 0
0 55 0 240
0 58 34 0
0 58 0 180
0 63 36 0
0 51 35 195
0 58 38 15
0 61 40 15
0 63 0 15
0 64 42 0
0 64 0 339
0 61 0 0
0 58 0 0
0 51 0 0
0 39 39 0
0 39 0 12
0 63 39 0
0 63 0 240
0 59 36 0
0 59 0 240
0 58 33 0
0 58 0 240
0 55 35 0
0 55 0 240
0 50 39 0
0 50 0 68
0 51 45 0
0 51 0 240
0 44 49 0
0 44 0 120
0 50 46 0
0 50 0 240
0 51 45 0
0 51 0 240
0 55 36 0
0 55 0 240
0 56 42 0
0 56 0 107
0 59 41 0
0 59 0 240
0 39 36 0
0 39 0 133
0 45 38 0
0 45 0 240
0 46 40 0
0 46 0 240
0 51 41 0
0 51 0 240
0 55 44 0
0 55 0 120
0 58 46 0
0 58 0 240
0 59 45 0
0 59 0 93
0 56 39 0
0 56 0 240
0 52 39 0
0 52 0 240
0 47 38 0
0 47 0 240
0 44 36 0
0 44 0 240
0 40 34 0
0 40 0 180
0 39 36 53
0 39 0 240
0 46 35 0
0 46 0 240
0 51 34 0
0 51 0 240
0 55 36 0
0 55 0 240
0 58 40 0
0 58 0 103
0 63 45 0
0 63 0 240
0 58 49 0
0 68 49 0
0 64 49 0
0 64 0 399
0 68 0 0
0 58 0 0
0 39 36 0
0 39 0 133
0 46 33 0
0 46 0 240
0 51 30 0
0 51 0 240
0 55 31 0
0 55 0 240
0 58 34 0
0 58 0 180
0 63 36 0
0 51 35 195
0 58 38 15
0 61 40 15
0 63 0 15
0 64 42 0
0 64 0 360
0 61 0 0
0 58 0 0
0 51 0 0
0 39 39 0
0 39 0 31
0 63 39 0
0 63 0 240
0 59 36 0
0 59 0 240
0 58 33 0
0 58 0 240
0 55 35 0
0 55 0 240
0 50 39 0
0 50 0 133
0 51 45 0
0 51 0 240
0 44 49 0
0 44 0 120
0 50 46 0
0 50 0 240
0 51 45 0
0 51 0 240
0 55 38 0
0 55 0 240
0 56 42 0
0 56 0 107
0 59 41 0
0 59 0 240
0 39 36 0
0 39 0 133
0 45 38 0
0 45 0 240
0 46 40 0
0 46 0 240
0 51 41 0
0 51 0 240
0 55 44 0
0 55 0 120
0 58 46 0
0 58 0 240
0 61 45 0
0 61 0 93
0 59 35 0
0 59 0 240
0 58 39 0
0 58 0 240
0 55 38 0
0 55 0 240
0 52 36 0
0 52 0 137
0 51 34 0
0 51 0 240
0 44 36 0
0 44 0 80
0 51 33 0
0 51 0 240
0 56 30 0
0 56 0 240
0 59 31 0
0 59 0 240
0 61 34 0
0 61 0 133
0 63 32 0
0 63 0 240
0 68 36 0
0 64 36 0
0 64 0 320
0 68 0 0
0 44 36 0
0 44 0 133
0 51 33 0
0 51 0 240
0 56 30 0
0 56 0 240
0 59 31 0
0 59 0 240
0 61 34 0
0 61 0 106
0 63 36 0
0 63 0 240
0 68 36 0
0 64 36 0
0 64 0 347
0 68 0 0
0 44 36 0
0 44 0 133
0 51 33 0
0 51 0 240
0 56 30 0
0 56 0 240
0 59 31 0
0 59 0 240
0 61 34 0
0 61 0 133
0 63 36 0
0 63 0 240
0 64 36 0
0 56 36 0
0 56 0 306
0 64 0 0
0 44 24 0
0 44 0 133
0 51 21 0
0 51 0 240
0 56 20 0
0 56 0 240
0 59 20 0
0 59 0 240
0 63 22 0
0 63 0 240
0 68 24 0
0 68 0 240
0 41 27 600
0 51 32 0
0 51 0 1266
0 41 0 0
0 71 32 0
0 71 0 1306
0 41 28 0
0 47 33 0
0 47 0 1337
0 41 0 0
0 71 33 0
0 71 0 1337
0 34 23 0
0 46 28 0
0 46 0 1337
0 34 0 0
0 70 28 0
0 70 0 1280
0 34 28 0
0 46 28 0
0 77 33 83
0 77 0 60
0 46 0 0
0 34 0 0
0 82 49 0
0 82 0 354
0 46 42 0
0 58 42 0
0 89 45 83
0 89 0 60
0 58 0 0
0 46 0 0
0 94 68 0
0 94 0 354
0 39 36 0
0 51 43 0
0 51 0 571
0 39 0 0
0 34 34 240
0 46 41 0
0 46 0 343
0 34 0 0
0 41 36 0
0 53 44 0
0 53 0 583
0 41 0 0
0 34 34 240
0 46 41 0
0 46 0 331
0 34 0 0
0 39 34 0
0 51 40 0
0 51 0 583
0 39 0 0
0 34 34 240
0 46 41 0
0 46 0 366
0 34 0 0
0 41 34 0
0 53 41 0
0 53 0 583
0 41 0 0
0 34 34 240
0 46 41 0
0 46 0 297
0 34 0 0
0 51 44 0
0 51 0 127
0 67 39 0
0 67 0 240
0 67 39 0
0 67 0 141
0 63 37 0
0 63 0 240
0 58 37 0
0 58 0 240
0 51 44 0
0 51 0 147
0 68 39 0
0 68 0 80
0 62 37 0
0 62 0 240
0 58 37 0
0 58 0 240
0 51 44 0
0 51 0 184
0 67 39 0
0 67 0 478
0 63 35 155
0 63 0 240
0 58 31 0
0 58 0 240
0 51 44 0
0 51 0 80
0 68 39 0
0 68 0 478
0 62 37 80
0 62 0 240
0 58 37 0
0 58 0 240
0 51 44 0
0 51 0 184
0 67 39 0
0 67 0 155
0 63 36 0
0 63 0 240
0 55 34 0
0 55 0 240
0 46 44 0
0 46 0 147
0 56 39 0
0 56 0 162
0 52 37 0
0 52 0 240
0 53 37 0
0 53 0 240
0 46 44 0
0 46 0 106
0 55 39 0
0 55 0 66
0 58 37 0
0 58 0 240
0 55 37 0
0 55 0 240
0 46 44 0
0 46 0 184
0 56 39 0
0 56 0 155
0 52 37 0
0 52 0 240
0 53 37 0
0 53 0 240
0 39 36 0
0 51 43 0
0 51 0 537
0 39 0 0
0 34 34 240
0 46 41 0
0 46 0 308
0 34 0 0
0 41 36 0
0 53 44 0
0 53 0 583
0 41 0 0
0 34 34 240
0 46 41 0
0 46 0 377
0 34 0 0
0 39 34 0
0 51 40 0
0 51 0 583
0 39 0 0
0 34 34 240
0 46 41 0
0 46 0 308
0 34 0 0
0 41 34 0
0 53 41 0
0 53 0 583
0 41 0 0
0 34 34 240
0 46 41 0
0 46 0 320
0 34 0 0
0 51 44 0
0 51 0 106
0 67 39 0
0 67 0 240
0 67 39 0
0 67 0 66
0 63 37 0
0 63 0 240
0 58 37 0
0 58 0 240
0 51 44 0
0 51 0 91
0 68 39 0
0 68 0 80
0 61 37 0
0 61 0 240
0 58 37 0
0 58 0 240
0 51 44 0
0 51 0 125
0 67 39 0
0 67 0 103
0 61 37 0
0 61 0 240
0 58 37 0
0 58 0 240
0 51 44 0
0 51 0 66
0 61 39 0
0 61 0 80
0 55 37 0
0 55 0 240
0 51 37 0
0 51 0 240
0 44 44 0
0 44 0 93
0 60 39 0
0 60 0 53
0 56 39 0
0 56 0 240
0 51 39 0
0 51 0 240
0 44 48 0
0 44 0 240
0 63 42 0
0 63 0 720
0 60 39 0
0 60 0 240
0 56 39 0
0 56 0 240
0 44 50 0
0 44 0 133
0 59 45 0
0 59 0 80
0 56 44 0
0 56 0 240
0 51 45 0
0 51 0 240
0 44 54 0
0 44 0 240
0 63 49 0
0 63 0 720
0 59 48 0
0 59 0 240
0 56 49 0
0 56 0 240
0 46 65 0
0 46 0 77
0 67 45 0
0 67 0 240
0 67 45 0
0 67 0 139
0 63 43 2
0 63 0 240
0 58 43 0
0 58 0 240
0 46 51 0
0 46 0 93
0 68 45 0
0 68 0 80
0 62 43 0
0 62 0 240
0 58 43 0
0 58 0 240
0 51 51 0
0 51 0 134
0 67 45 0
0 67 0 478
0 63 43 155
0 63 0 240
0 58 43 0
0 58 0 240
0 48 51 0
0 48 0 103
0 61 45 0
0 61 0 80
0 60 43 0
0 60 0 240
0 64 43 0
0 64 0 240
0 41 51 0
0 41 0 134
0 63 45 0
0 63 0 155
0 53 43 0
0 53 0 240
0 63 43 0
0 63 0 240
0 46 51 0
0 46 0 93
0 56 45 0
0 56 0 80
0 55 43 0
0 55 0 240
0 63 43 0
0 63 0 240
0 46 48 0
0 46 0 184
0 63 45 0
0 63 0 155
0 58 43 0
0 58 0 240
0 68 43 0
0 68 0 240
0 46 45 0
0 46 0 134
0 55 40 0
0 55 0 240
0 56 38 0
0 56 0 240
0 60 35 0
0 60 0 275
0 58 34 0
0 58 0 360
0 39 36 0
0 51 43 0
0 51 0 571
0 39 0 0
0 34 34 240
0 46 41 0
0 46 0 377
0 34 0 0
0 41 36 0
0 53 44 0
0 53 0 583
0 41 0 0
0 34 34 240
0 46 41 0
0 46 0 389
0 34 0 0
0 39 34 0
0 51 40 0
0 51 0 583
0 39 0 0
0 34 34 240
0 46 41 0
0 46 0 377
0 34 0 0
0 41 34 0
0 53 41 0
0 53 0 583
0 41 0 0
0 34 34 240
0 46 41 0
0 46 0 354
0 34 0 0
0 51 29 0
0 51 0 127
0 67 26 0
0 67 0 240
0 67 26 0
0 67 0 141
0 63 24 0
0 63 0 240
0 58 24 0
0 58 0 240
0 51 29 0
0 51 0 66
0 68 26 0
0 68 0 80
0 62 24 0
0 62 0 240
0 58 24 0
0 58 0 240
0 51 29 0
0 51 0 148
0 67 26 0
0 67 0 478
0 63 24 155
0 63 0 240
0 58 24 0
0 58 0 240
0 51 29 0
0 51 0 40
0 68 26 0
0 68 0 478
0 62 24 80
0 62 0 240
0 58 24 0
0 58 0 240
0 51 29 0
0 51 0 184
0 67 26 0
0 67 0 155
0 63 24 0
0 63 0 240
0 55 24 0
0 55 0 240
0 46 29 0
0 46 0 147
0 56 26 0
0 56 0 80
0 52 24 0
0 52 0 240
0 53 24 0
0 53 0 240
0 46 29 0
0 46 0 93
0 55 26 0
0 55 0 66
0 58 24 0
0 58 0 240
0 55 24 0
0 55 0 240
0 46 29 0
0 46 0 184
0 56 26 0
0 56 0 155
0 52 24 0
0 52 0 240
0 53 24 0
0 53 0 240
0 51 29 0
0 51 0 92
0 67 26 0
0 67 0 240
0 67 26 0
0 67 0 106
0 63 24 0
0 63 0 240
0 58 24 0
0 58 0 240
0 51 29 0
0 51 0 133
0 68 26 0
0 68 0 80
0 62 24 0
0 62 0 240
0 58 24 0
0 58 0 240
0 51 29 0
0 51 0 127
0 67 26 0
0 67 0 478
0 63 24 155
0 63 0 240
0 58 24 0
0 58 0 240
0 51 29 0
0 51 0 147
0 68 26 0
0 68 0 478
0 62 24 80
0 62 0 240
0 58 24 0
0 58 0 240
0 51 29 0
0 51 0 141
0 67 26 0
0 67 0 155
0 63 24 0
0 63 0 240
0 55 24 0
0 55 0 240
0 46 29 0
0 46 0 147
0 56 26 0
0 56 0 120
0 52 24 0
0 52 0 240
0 53 24 0
0 53 0 240
0 46 29 0
0 46 0 66
0 55 26 0
0 55 0 106
0 58 24 0
0 58 0 240
0 55 24 0
0 55 0 240
0 46 29 0
0 46 0 184
0 56 26 0
0 56 0 155
0 52 24 0
0 52 0 240
0 53 24 0
0 53 0 240
0 39 27 0
0 51 32 0
0 51 0 560
0 39 0 0
0 34 25 240
0 46 30 0
0 46 0 366
0 34 0 0
0 41 27 0
0 53 33 0
0 53 0 583
0 41 0 0
0 34 25 240
0 46 30 0
0 46 0 354
0 34 0 0
0 39 25 0
0 51 30 0
0 51 0 583
0 39 0 0
0 34 25 240
0 46 30 0
0 46 0 389
0 34 0 0
0 41 25 0
0 53 30 0
0 53 0 583
0 41 0 0
0 34 25 240
0 46 30 0
0 46 0 343
0 34 0 0
0 39 25 0
0 51 30 0
0 51 0 583
0 39 0 0
0 34 23 240
0 46 28 0
0 46 0 343
0 34 0 0
0 39 23 0
0 51 27 0
0 51 0 583
0 39 0 0
0 34 19 240
0 46 24 0
0 46 0 331
0 34 0 0
0 39 20 0
0 51 25 0
0 51 0 1973
0 39 0 0
0 51 25 0
0 63 30 0
0 63 0 720
0 51 0 0
0 39 25 0
0 51 30 0
0 51 0 1440
0 39 0 0
