0 69 51 3360
0 69 0 480
0 68 57 0
0 68 0 480
0 66 48 0
0 66 0 480
0 64 48 0
0 64 0 450
0 76 69 30
0 76 0 480
0 75 68 0
0 75 0 480
0 73 56 0
0 73 0 480
0 71 52 0
0 71 0 450
0 73 61 30
0 73 0 480
0 69 62 0
0 69 0 480
0 71 52 0
0 71 0 240
0 66 47 0
0 66 0 240
0 68 52 0
0 68 0 240
0 69 50 0
0 69 0 60
0 68 39 0
0 68 0 60
0 66 42 0
0 66 0 60
0 68 34 0
0 68 0 60
0 71 52 0
0 71 0 240
0 69 52 0
0 69 0 240
0 68 52 0
0 68 0 960
0 66 48 0
0 66 0 240
0 69 51 240
0 69 0 480
0 68 57 0
0 68 0 480
0 66 48 0
0 66 0 480
0 64 48 0
0 64 0 450
0 76 70 30
0 76 0 480
0 75 71 0
0 75 0 480
0 73 54 0
0 73 0 480
0 71 64 0
0 71 0 450
0 80 78 30
0 80 0 480
0 73 67 0
0 73 0 1430
0 80 54 10
0 80 0 480
0 73 47 0
0 73 0 1430
0 73 61 10
0 73 0 470
0 73 62 10
0 73 0 480
0 76 57 0
0 76 0 480
0 75 50 0
0 75 0 480
0 73 50 0
0 73 0 240
0 68 43 0
0 68 0 240
0 71 49 0
0 71 0 960
0 70 44 0
0 70 0 960
0 69 43 0
0 69 0 960
0 68 36 0
0 68 0 240
0 68 63 240
0 68 0 480
0 70 70 0
0 70 0 480
0 71 81 0
0 71 0 480
0 75 89 0
0 75 0 480
0 73 75 0
0 73 0 360
0 71 67 0
0 71 0 110
0 71 80 10
0 71 0 960
0 69 51 480
0 69 0 480
0 68 57 0
0 68 0 480
0 66 48 0
0 66 0 480
0 64 48 0
0 64 0 450
0 76 66 30
0 76 0 480
0 75 62 0
0 75 0 480
0 73 52 0
0 73 0 480
0 71 52 0
0 71 0 450
0 73 61 30
0 73 0 480
0 69 62 0
0 69 0 480
0 71 52 0
0 71 0 240
0 66 47 0
0 66 0 240
0 68 52 0
0 68 0 240
0 69 50 0
0 69 0 60
0 68 39 0
0 68 0 60
0 66 42 0
0 66 0 60
0 68 34 0
0 68 0 60
0 71 52 0
0 71 0 240
0 69 52 0
0 69 0 240
0 68 52 0
0 68 0 960
0 66 48 0
0 66 0 240
0 69 51 240
0 69 0 480
0 68 57 0
0 68 0 480
0 66 48 0
0 66 0 480
0 64 48 0
0 64 0 450
0 76 70 30
0 76 0 480
0 75 71 0
0 75 0 480
0 73 54 0
0 73 0 480
0 71 64 0
0 71 0 450
0 80 78 30
0 80 0 480
0 73 67 0
0 73 0 1410
0 80 54 30
0 80 0 480
0 73 47 0
0 73 0 1410
0 73 56 30
0 73 0 470
0 73 62 10
0 73 0 480
0 76 57 0
0 76 0 480
0 75 51 0
0 75 0 480
0 73 50 0
0 73 0 240
0 68 44 0
0 68 0 240
0 71 50 0
0 71 0 960
0 70 44 0
0 70 0 960
0 69 43 0
0 69 0 960
0 68 36 0
0 68 0 240
0 68 63 240
0 68 0 480
0 70 70 0
0 70 0 480
0 71 81 0
0 71 0 480
0 75 89 0
0 75 0 480
0 73 75 0
0 73 0 360
0 71 67 0
0 71 0 110
0 71 80 10
0 71 0 960
0 66 51 480
0 66 0 180
0 66 51 60
0 66 0 180
0 67 57 60
0 67 0 480
0 66 50 0
0 66 0 240
0 64 51 0
0 64 0 240
0 69 53 0
0 69 0 450
0 69 65 30
0 69 0 180
0 69 64 60
0 69 0 180
0 71 75 60
0 71 0 480
0 69 61 0
0 69 0 240
0 67 63 0
0 67 0 240
0 72 69 0
0 72 0 450
0 72 78 30
0 72 0 180
0 72 72 60
0 72 0 180
0 74 86 60
0 74 0 480
0 72 72 0
0 72 0 240
0 71 74 0
0 71 0 240
0 79 86 0
0 79 0 450
0 78 85 30
0 78 0 240
0 76 70 0
0 76 0 240
0 74 81 0
0 74 0 450
0 74 74 30
0 74 0 480
0 74 68 0
0 74 0 120
0 78 64 0
0 78 0 120
0 81 69 0
0 81 0 120
0 84 69 0
0 84 0 120
0 83 74 0
0 83 0 120
0 81 66 0
0 81 0 120
0 79 70 0
0 79 0 120
0 78 65 0
0 78 0 120
0 76 70 0
0 76 0 120
0 75 64 0
0 75 0 120
0 78 70 0
0 78 0 360
0 76 66 0
0 76 0 120
0 74 64 0
0 74 0 120
0 72 58 0
0 72 0 120
0 71 64 0
0 71 0 120
0 69 57 0
0 69 0 120
0 68 61 0
0 68 0 120
0 69 50 0
0 69 0 120
0 68 46 0
0 68 0 120
0 69 46 0
0 69 0 60
0 71 46 60
0 71 0 60
0 72 41 60
0 72 0 60
0 74 50 60
0 74 0 480
0 71 46 0
0 71 0 480
0 69 46 0
0 69 0 450
0 76 56 30
0 76 0 480
0 74 57 0
0 74 0 480
0 71 48 0
0 71 0 480
0 69 48 0
0 69 0 450
0 71 56 30
0 71 0 240
0 72 49 0
0 72 0 240
0 71 57 0
0 71 0 120
0 71 47 120
0 71 0 240
0 74 54 0
0 74 0 240
0 71 48 0
0 71 0 210
0 71 53 30
0 71 0 240
0 69 48 0
0 69 0 240
0 67 40 0
0 67 0 240
0 69 40 0
0 69 0 240
0 71 47 0
0 71 0 2160
0 71 35 0
0 71 0 240
0 74 40 0
0 74 0 240
0 71 36 0
0 71 0 210
0 71 39 30
0 71 0 240
0 69 36 0
0 69 0 240
0 67 30 0
0 67 0 240
0 69 30 0
0 69 0 240
0 71 35 0
0 71 0 1440
0 70 49 0
0 70 0 480
0 71 57 0
0 71 0 960
0 72 54 480
0 72 0 480
0 71 57 0
0 71 0 960
0 69 71 480
0 69 0 480
0 68 79 0
0 68 0 480
0 66 67 0
0 66 0 480
0 64 67 0
0 64 0 450
0 76 78 30
0 76 0 480
0 75 79 0
0 75 0 480
0 73 67 0
0 73 0 480
0 71 67 0
0 71 0 450
0 73 78 30
0 73 0 480
0 69 79 0
0 69 0 240
0 73 75 0
0 73 0 240
0 71 67 0
0 71 0 240
0 66 60 0
0 66 0 240
0 68 67 0
0 68 0 210
0 68 57 30
0 68 0 240
0 71 67 0
0 71 0 240
0 69 57 0
0 69 0 240
0 68 67 0
0 68 0 960
0 66 61 0
0 66 0 240
0 68 51 240
0 68 0 240
0 69 45 0
0 69 0 240
0 71 57 0
0 71 0 480
0 68 48 0
0 68 0 480
0 66 48 0
0 66 0 450
0 73 56 30
0 73 0 480
0 71 57 0
0 71 0 480
0 68 48 0
0 68 0 480
0 66 49 0
0 66 0 450
0 76 64 30
0 76 0 480
0 76 60 0
0 76 0 480
0 71 52 0
0 71 0 710
0 71 56 10
0 71 0 240
0 73 62 0
0 73 0 240
0 71 61 0
0 71 0 240
0 69 55 0
0 69 0 960
0 68 53 0
0 68 0 240
0 66 60 0
0 66 0 240
0 68 61 0
0 68 0 240
0 69 61 0
0 69 0 240
0 71 68 0
0 71 0 480
0 68 59 0
0 68 0 480
0 66 60 0
0 66 0 450
0 73 71 30
0 73 0 480
0 71 73 0
0 71 0 480
0 68 62 0
0 68 0 480
0 66 63 0
0 66 0 450
0 76 75 30
0 76 0 480
0 75 77 0
0 75 0 480
0 73 66 0
0 73 0 480
0 71 69 0
0 71 0 240
0 75 70 0
0 75 0 240
0 78 75 0
0 78 0 240
0 81 77 0
0 81 0 240
0 80 75 0
0 80 0 240
0 75 63 0
0 75 0 240
0 78 71 0
0 78 0 240
0 76 64 0
0 76 0 240
0 75 63 0
0 75 0 240
0 73 54 0
0 73 0 240
0 69 59 0
0 69 0 240
0 66 51 0
0 66 0 240
0 64 63 0
0 64 0 960
0 63 44 0
0 63 0 960
0 62 43 0
0 62 0 960
0 61 36 0
0 61 0 240
0 61 56 240
0 61 0 480
0 63 58 0
0 63 0 480
0 64 65 0
0 64 0 480
0 68 70 0
0 68 0 480
0 66 63 0
0 66 0 360
0 64 53 0
0 64 0 110
0 64 66 10
0 64 0 960
0 62 49 480
0 62 0 480
0 61 55 0
0 61 0 960
0 60 42 480
0 60 0 480
0 59 47 0
0 59 0 960
0 68 36 480
0 68 0 240
0 66 35 0
0 66 0 240
0 64 39 0
0 64 0 960
0 68 34 480
0 68 0 480
0 64 38 0
0 64 0 950
0 64 38 10
0 64 0 950
0 56 19 10
0 64 26 0
0 64 0 1920
0 56 0 0
0 47 28 0
0 47 0 120
0 52 20 0
0 52 0 120
0 56 21 0
0 56 0 120
0 59 20 0
0 59 0 120
0 47 26 0
0 47 0 120
0 52 20 0
0 52 0 120
0 56 21 0
0 56 0 120
0 59 19 0
0 59 0 120
0 47 28 0
0 47 0 120
0 52 21 0
0 52 0 120
0 56 21 0
0 56 0 120
0 59 20 0
0 59 0 120
0 47 27 0
0 47 0 120
0 52 23 0
0 52 0 120
0 56 22 0
0 56 0 120
0 59 20 0
0 59 0 120
0 47 31 0
0 47 0 120
0 51 23 0
0 51 0 120
0 57 23 0
0 57 0 120
0 59 23 0
0 59 0 120
0 47 30 0
0 47 0 120
0 51 23 0
0 51 0 120
0 57 23 0
0 57 0 120
0 59 22 0
0 59 0 120
0 47 32 0
0 47 0 120
0 51 25 0
0 51 0 120
0 54 26 0
0 54 0 120
0 59 29 0
0 59 0 120
0 47 31 0
0 47 0 120
0 51 26 0
0 51 0 120
0 54 32 0
0 54 0 120
0 59 34 0
0 59 0 120
0 47 40 0
0 47 0 120
0 52 26 0
0 52 0 120
0 56 26 0
0 56 0 120
0 59 25 0
0 59 0 120
0 47 32 0
0 47 0 120
0 51 25 0
0 51 0 120
0 57 25 0
0 57 0 120
0 59 23 0
0 59 0 120
0 47 33 0
0 47 0 120
0 52 27 0
0 52 0 120
0 56 34 0
0 56 0 120
0 59 44 0
0 59 0 120
0 54 53 0
0 54 0 120
0 61 31 0
0 61 0 120
0 64 39 0
0 64 0 120
0 66 23 0
0 66 0 120
0 54 35 0
0 54 0 120
0 59 26 0
0 59 0 120
0 63 26 0
0 63 0 120
0 66 25 0
0 66 0 120
0 54 32 0
0 54 0 120
0 58 25 0
0 58 0 120
0 64 25 0
0 64 0 120
0 66 23 0
0 66 0 120
0 54 33 0
0 54 0 120
0 59 27 0
0 59 0 120
0 63 33 0
0 63 0 120
0 66 40 0
0 66 0 120
0 56 46 0
0 56 0 120
0 59 26 0
0 59 0 120
0 61 25 0
0 61 0 120
0 68 23 0
0 68 0 120
0 57 26 120
0 57 0 120
0 61 26 0
0 61 0 120
0 64 25 0
0 64 0 120
0 54 32 0
0 54 0 120
0 57 25 0
0 57 0 120
0 59 25 0
0 59 0 120
0 63 23 0
0 63 0 120
0 56 25 120
0 56 0 120
0 59 25 0
0 59 0 120
0 64 24 0
0 64 0 120
0 52 31 0
0 52 0 120
0 54 26 0
0 54 0 120
0 61 25 0
0 61 0 120
0 64 23 0
0 64 0 120
0 52 35 0
0 52 0 120
0 56 26 0
0 56 0 120
0 59 26 0
0 59 0 120
0 64 25 0
0 64 0 120
0 52 32 0
0 52 0 120
0 56 25 0
0 56 0 120
0 59 25 0
0 59 0 120
0 64 23 0
0 64 0 120
0 51 29 0
0 51 0 120
0 54 25 0
0 54 0 120
0 59 25 0
0 59 0 120
0 63 24 0
0 63 0 120
0 47 31 0
0 47 0 120
0 54 27 0
0 54 0 120
0 57 29 0
0 57 0 120
0 59 32 0
0 59 0 120
0 47 40 0
0 47 0 120
0 52 26 0
0 52 0 120
0 56 29 0
0 56 0 120
0 59 31 0
0 59 0 120
0 47 38 0
0 47 0 120
0 51 25 0
0 51 0 120
0 57 30 0
0 57 0 120
0 59 26 0
0 59 0 120
0 47 33 0
0 47 0 120
0 52 29 0
0 52 0 120
0 56 31 0
0 56 0 120
0 59 36 0
0 59 0 120
0 54 42 0
0 54 0 120
0 61 30 0
0 61 0 120
0 64 32 0
0 64 0 120
0 66 29 0
0 66 0 120
0 54 35 0
0 54 0 120
0 59 26 0
0 59 0 120
0 63 26 0
0 63 0 120
0 66 25 0
0 66 0 120
0 54 32 0
0 54 0 120
0 58 25 0
0 58 0 120
0 64 25 0
0 64 0 120
0 66 23 0
0 66 0 120
0 54 33 0
0 54 0 120
0 59 38 0
0 59 0 120
0 63 39 0
0 63 0 120
0 66 48 0
0 66 0 120
0 59 54 0
0 59 0 120
0 61 35 0
0 61 0 120
0 68 40 0
0 68 0 120
0 71 33 0
0 71 0 120
0 59 42 0
0 59 0 120
0 61 29 0
0 61 0 120
0 68 29 0
0 68 0 120
0 71 29 0
0 71 0 120
0 59 38 0
0 59 0 120
0 61 26 0
0 61 0 120
0 68 26 0
0 68 0 120
0 71 26 0
0 71 0 120
0 59 35 0
0 59 0 120
0 61 27 0
0 61 0 120
0 68 27 0
0 68 0 120
0 71 27 0
0 71 0 120
0 59 35 0
0 59 0 120
0 61 18 0
0 61 0 120
0 68 19 0
0 68 0 120
0 71 20 0
0 71 0 120
0 59 29 0
0 59 0 120
0 61 20 0
0 61 0 120
0 68 20 0
0 68 0 120
0 71 20 0
0 71 0 120
0 59 26 0
0 59 0 120
0 61 18 0
0 61 0 120
0 68 18 0
0 68 0 120
0 71 18 0
0 71 0 120
0 59 24 0
0 59 0 120
0 61 18 0
0 61 0 120
0 68 18 0
0 68 0 120
0 71 18 0
0 71 0 120
0 59 31 0
0 59 0 120
0 61 26 0
0 61 0 120
0 68 25 0
0 68 0 120
0 71 23 0
0 71 0 120
0 58 29 0
0 58 0 120
0 61 25 0
0 61 0 120
0 66 29 0
0 66 0 120
0 70 25 0
0 70 0 120
0 54 32 0
0 54 0 120
0 61 25 0
0 61 0 120
0 64 25 0
0 64 0 120
0 66 23 0
0 66 0 120
0 54 29 0
0 54 0 120
0 59 25 0
0 59 0 120
0 63 25 0
0 63 0 120
0 66 24 0
0 66 0 120
0 56 26 120
0 56 0 120
0 61 25 0
0 61 0 120
0 64 23 0
0 64 0 120
0 59 26 120
0 59 0 120
0 63 26 0
0 63 0 120
0 66 25 0
0 66 0 120
0 54 32 0
0 54 0 120
0 59 25 0
0 59 0 120
0 63 25 0
0 63 0 120
0 66 23 0
0 66 0 120
0 54 29 0
0 54 0 120
0 61 31 0
0 61 0 120
0 64 38 0
0 64 0 120
0 66 44 0
0 66 0 120
0 54 49 0
0 54 0 120
0 61 33 0
0 61 0 120
0 64 41 0
0 64 0 120
0 66 31 0
0 66 0 120
0 54 32 0
0 54 0 120
0 60 26 0
0 60 0 120
0 63 30 0
0 63 0 120
0 66 38 0
0 66 0 120
0 54 41 0
0 54 0 120
0 60 25 0
0 60 0 120
0 63 25 0
0 63 0 120
0 66 23 0
0 66 0 120
0 52 29 0
0 52 0 120
0 56 25 0
0 56 0 120
0 61 25 0
0 61 0 120
0 64 24 0
0 64 0 110
0 52 31 10
0 52 0 120
0 56 30 0
0 56 0 120
0 61 33 0
0 61 0 120
0 64 38 0
0 64 0 120
0 52 45 0
0 52 0 120
0 58 30 0
0 58 0 120
0 64 32 0
0 64 0 120
0 66 41 0
0 66 0 120
0 52 46 0
0 52 0 120
0 59 33 0
0 59 0 120
0 64 43 0
0 64 0 120
0 66 53 0
0 66 0 120
0 54 58 0
0 54 0 120
0 61 40 0
0 61 0 120
0 64 46 0
0 64 0 120
0 66 38 0
0 66 0 120
0 54 40 0
0 54 0 120
0 58 32 0
0 58 0 120
0 64 31 0
0 64 0 120
0 66 28 0
0 66 0 120
0 54 36 0
0 54 0 120
0 59 32 0
0 59 0 120
0 63 32 0
0 63 0 120
0 66 31 0
0 66 0 120
0 54 40 0
0 54 0 120
0 59 31 0
0 59 0 120
0 63 31 0
0 63 0 120
0 66 28 0
0 66 0 120
0 51 36 0
0 51 0 120
0 54 31 0
0 54 0 120
0 59 31 0
0 59 0 120
0 63 30 0
0 63 0 120
0 47 31 0
0 47 0 120
0 51 26 0
0 51 0 120
0 54 32 0
0 54 0 120
0 59 34 0
0 59 0 120
0 47 40 0
0 47 0 120
0 52 26 0
0 52 0 120
0 56 26 0
0 56 0 120
0 59 25 0
0 59 0 120
0 47 32 0
0 47 0 120
0 51 25 0
0 51 0 120
0 57 25 0
0 57 0 120
0 59 23 0
0 59 0 120
0 47 33 0
0 47 0 120
0 52 27 0
0 52 0 120
0 56 34 0
0 56 0 120
0 59 44 0
0 59 0 120
0 54 53 0
0 54 0 120
0 61 31 0
0 61 0 120
0 64 39 0
0 64 0 120
0 66 23 0
0 66 0 120
0 54 35 0
0 54 0 120
0 59 26 0
0 59 0 120
0 63 26 0
0 63 0 120
0 66 25 0
0 66 0 120
0 54 32 0
0 54 0 120
0 58 25 0
0 58 0 120
0 64 25 0
0 64 0 120
0 66 23 0
0 66 0 120
0 54 33 0
0 54 0 120
0 59 27 0
0 59 0 120
0 63 33 0
0 63 0 120
0 66 40 0
0 66 0 120
0 56 46 0
0 56 0 120
0 59 26 0
0 59 0 120
0 61 25 0
0 61 0 120
0 68 23 0
0 68 0 120
0 57 26 120
0 57 0 120
0 61 26 0
0 61 0 120
0 64 25 0
0 64 0 120
0 54 32 0
0 54 0 120
0 57 25 0
0 57 0 120
0 59 25 0
0 59 0 120
0 63 23 0
0 63 0 120
0 56 25 120
0 56 0 120
0 59 25 0
0 59 0 120
0 64 24 0
0 64 0 120
0 52 31 0
0 52 0 120
0 54 26 0
0 54 0 120
0 61 25 0
0 61 0 120
0 64 23 0
0 64 0 120
0 52 35 0
0 52 0 120
0 56 26 0
0 56 0 120
0 59 26 0
0 59 0 120
0 64 25 0
0 64 0 120
0 52 32 0
0 52 0 120
0 56 25 0
0 56 0 120
0 59 25 0
0 59 0 120
0 64 23 0
0 64 0 120
0 51 29 0
0 51 0 120
0 54 25 0
0 54 0 120
0 59 25 0
0 59 0 120
0 63 24 0
0 63 0 120
0 47 31 0
0 47 0 120
0 54 27 0
0 54 0 120
0 57 29 0
0 57 0 120
0 59 32 0
0 59 0 120
0 47 40 0
0 47 0 120
0 52 26 0
0 52 0 120
0 56 29 0
0 56 0 120
0 59 31 0
0 59 0 120
0 47 38 0
0 47 0 120
0 51 25 0
0 51 0 120
0 57 30 0
0 57 0 120
0 59 26 0
0 59 0 120
0 47 33 0
0 47 0 120
0 52 29 0
0 52 0 120
0 56 31 0
0 56 0 120
0 59 36 0
0 59 0 120
0 54 42 0
0 54 0 120
0 61 30 0
0 61 0 120
0 64 32 0
0 64 0 120
0 66 29 0
0 66 0 120
0 54 35 0
0 54 0 120
0 59 26 0
0 59 0 120
0 63 26 0
0 63 0 120
0 66 25 0
0 66 0 120
0 54 32 0
0 54 0 120
0 58 25 0
0 58 0 120
0 64 25 0
0 64 0 120
0 66 23 0
0 66 0 120
0 54 33 0
0 54 0 120
0 59 38 0
0 59 0 120
0 63 39 0
0 63 0 120
0 66 48 0
0 66 0 120
0 59 54 0
0 59 0 120
0 61 35 0
0 61 0 120
0 68 40 0
0 68 0 120
0 71 33 0
0 71 0 120
0 59 42 0
0 59 0 120
0 61 29 0
0 61 0 120
0 68 29 0
0 68 0 120
0 71 29 0
0 71 0 120
0 59 38 0
0 59 0 120
0 61 26 0
0 61 0 120
0 68 26 0
0 68 0 120
0 71 26 0
0 71 0 120
0 59 35 0
0 59 0 120
0 61 27 0
0 61 0 120
0 68 27 0
0 68 0 120
0 71 27 0
0 71 0 120
0 59 35 0
0 59 0 120
0 61 18 0
0 61 0 120
0 68 19 0
0 68 0 120
0 71 20 0
0 71 0 120
0 59 29 0
0 59 0 120
0 61 20 0
0 61 0 120
0 68 20 0
0 68 0 120
0 71 20 0
0 71 0 120
0 59 26 0
0 59 0 120
0 61 18 0
0 61 0 120
0 68 18 0
0 68 0 120
0 71 18 0
0 71 0 120
0 59 24 0
0 59 0 120
0 61 18 0
0 61 0 120
0 68 18 0
0 68 0 120
0 71 18 0
0 71 0 120
0 59 31 0
0 59 0 120
0 61 26 0
0 61 0 120
0 68 25 0
0 68 0 120
0 71 23 0
0 71 0 120
0 58 29 0
0 58 0 120
0 61 25 0
0 61 0 120
0 66 29 0
0 66 0 120
0 70 25 0
0 70 0 120
0 54 32 0
0 54 0 120
0 61 25 0
0 61 0 120
0 64 25 0
0 64 0 120
0 66 23 0
0 66 0 120
0 54 29 0
0 54 0 120
0 59 25 0
0 59 0 120
0 63 25 0
0 63 0 120
0 66 24 0
0 66 0 120
0 56 26 120
0 56 0 120
0 61 25 0
0 61 0 120
0 64 23 0
0 64 0 120
0 59 26 120
0 59 0 120
0 63 26 0
0 63 0 120
0 66 25 0
0 66 0 120
0 54 32 0
0 54 0 120
0 59 25 0
0 59 0 120
0 63 25 0
0 63 0 120
0 66 23 0
0 66 0 120
0 54 29 0
0 54 0 120
0 61 31 0
0 61 0 120
0 64 38 0
0 64 0 120
0 66 44 0
0 66 0 120
0 54 49 0
0 54 0 120
0 61 33 0
0 61 0 120
0 64 41 0
0 64 0 120
0 66 31 0
0 66 0 120
0 54 32 0
0 54 0 120
0 60 26 0
0 60 0 120
0 63 30 0
0 63 0 120
0 66 38 0
0 66 0 120
0 54 41 0
0 54 0 120
0 60 25 0
0 60 0 120
0 63 25 0
0 63 0 120
0 66 23 0
0 66 0 120
0 52 29 0
0 52 0 120
0 56 25 0
0 56 0 120
0 61 25 0
0 61 0 120
0 64 24 0
0 64 0 110
0 52 31 10
0 52 0 120
0 56 30 0
0 56 0 120
0 61 33 0
0 61 0 120
0 64 38 0
0 64 0 120
0 52 45 0
0 52 0 120
0 58 30 0
0 58 0 120
0 64 32 0
0 64 0 120
0 66 41 0
0 66 0 120
0 52 46 0
0 52 0 120
0 59 33 0
0 59 0 120
0 64 43 0
0 64 0 120
0 66 53 0
0 66 0 120
0 54 58 0
0 54 0 120
0 61 40 0
0 61 0 120
0 64 46 0
0 64 0 120
0 66 38 0
0 66 0 120
0 54 40 0
0 54 0 120
0 58 32 0
0 58 0 120
0 64 31 0
0 64 0 120
0 66 28 0
0 66 0 120
0 54 36 0
0 54 0 120
0 59 32 0
0 59 0 120
0 63 32 0
0 63 0 120
0 66 31 0
0 66 0 120
0 54 40 0
0 54 0 120
0 59 31 0
0 59 0 120
0 63 31 0
0 63 0 120
0 66 28 0
0 66 0 120
0 51 36 0
0 51 0 120
0 54 31 0
0 54 0 120
0 59 31 0
0 59 0 120
0 63 30 0
0 63 0 120
0 51 31 0
0 51 0 120
0 54 26 0
0 54 0 120
0 59 32 0
0 59 0 120
0 63 34 0
0 63 0 120
0 47 40 0
0 47 0 120
0 52 26 0
0 52 0 120
0 55 26 0
0 55 0 120
0 59 26 0
0 59 0 120
0 47 33 0
0 47 0 120
0 52 26 0
0 52 0 120
0 55 27 0
0 55 0 120
0 59 25 0
0 59 0 120
0 48 36 0
0 48 0 120
0 50 30 0
0 50 0 120
0 57 38 0
0 57 0 120
0 60 51 0
0 60 0 120
0 54 36 120
0 54 0 120
0 60 46 0
0 60 0 120
0 62 27 0
0 62 0 120
0 50 49 0
0 50 0 120
0 55 32 0
0 55 0 120
0 59 32 0
0 59 0 120
0 62 31 0
0 62 0 120
0 52 41 0
0 52 0 120
0 55 32 0
0 55 0 120
0 59 33 0
0 59 0 120
0 64 30 0
0 64 0 120
0 52 44 0
0 52 0 120
0 57 36 0
0 57 0 120
0 60 46 0
0 60 0 120
0 64 42 0
0 64 0 120
0 51 46 0
0 51 0 120
0 57 44 0
0 57 0 120
0 60 55 0
0 60 0 120
0 66 33 0
0 66 0 120
0 50 58 0
0 50 0 120
0 55 38 0
0 55 0 120
0 62 38 0
0 62 0 120
0 67 37 0
0 67 0 120
0 55 48 0
0 55 0 120
0 59 38 0
0 59 0 120
0 62 38 0
0 62 0 120
0 67 35 0
0 67 0 120
0 55 52 0
0 55 0 120
0 64 45 0
0 64 0 120
0 67 54 0
0 67 0 120
0 72 63 0
0 72 0 120
0 55 56 0
0 55 0 120
0 64 52 0
0 64 0 120
0 67 56 0
0 67 0 120
0 72 39 0
0 72 0 120
0 54 52 0
0 54 0 120
0 60 45 0
0 60 0 120
0 62 54 0
0 62 0 120
0 69 50 0
0 69 0 120
0 55 56 0
0 55 0 120
0 60 52 0
0 60 0 120
0 62 56 0
0 62 0 120
0 67 39 0
0 67 0 120
0 62 62 0
0 60 52 0
0 57 52 0
0 54 52 0
0 54 0 480
0 62 0 0
0 60 0 0
0 57 0 0
0 59 26 2520
0 59 0 120
0 62 26 0
0 62 0 120
0 67 25 0
0 67 0 120
0 55 32 0
0 55 0 120
0 59 25 0
0 59 0 120
0 62 25 0
0 62 0 120
0 67 23 0
0 67 0 120
0 55 33 0
0 55 0 120
0 57 27 0
0 57 0 120
0 64 34 0
0 64 0 120
0 67 44 0
0 67 0 120
0 55 53 0
0 55 0 120
0 57 31 0
0 57 0 120
0 64 39 0
0 64 0 120
0 67 23 0
0 67 0 120
0 55 35 0
0 55 0 120
0 59 26 0
0 59 0 120
0 62 26 0
0 62 0 120
0 67 25 0
0 67 0 120
0 55 32 0
0 55 0 120
0 59 25 0
0 59 0 120
0 62 25 0
0 62 0 120
0 67 23 0
0 67 0 120
0 55 33 0
0 55 0 120
0 57 27 0
0 57 0 120
0 61 33 0
0 61 0 120
0 67 40 0
0 67 0 120
0 57 46 0
0 57 0 120
0 60 26 0
0 60 0 120
0 62 25 0
0 62 0 120
0 69 23 0
0 69 0 120
0 59 26 120
0 59 0 120
0 62 26 0
0 62 0 120
0 67 25 0
0 67 0 120
0 55 32 0
0 55 0 120
0 59 25 0
0 59 0 120
0 62 25 0
0 62 0 120
0 67 23 0
0 67 0 120
0 52 33 0
0 52 0 120
0 57 27 0
0 57 0 120
0 60 33 0
0 60 0 120
0 64 31 0
0 64 0 120
0 52 37 0
0 52 0 120
0 57 26 0
0 57 0 120
0 60 25 0
0 60 0 120
0 64 23 0
0 64 0 120
0 51 32 0
0 51 0 120
0 54 26 0
0 54 0 120
0 59 26 0
0 59 0 120
0 63 25 0
0 63 0 120
0 51 32 0
0 51 0 120
0 54 25 0
0 54 0 120
0 59 25 0
0 59 0 120
0 63 23 0
0 63 0 120
0 51 33 0
0 51 0 120
0 54 27 0
0 54 0 120
0 59 26 0
0 59 0 120
0 63 26 0
0 63 0 120
0 51 30 0
0 51 0 120
0 54 26 0
0 54 0 120
0 59 25 0
0 59 0 120
0 63 22 0
0 63 0 120
0 50 32 0
0 50 0 120
0 55 19 0
0 55 0 120
0 59 19 0
0 59 0 120
0 67 18 0
0 67 0 120
0 50 24 0
0 50 0 120
0 55 18 0
0 55 0 120
0 59 18 0
0 59 0 120
0 67 17 0
0 67 0 120
0 52 24 0
0 52 0 120
0 57 20 0
0 57 0 120
0 60 24 0
0 60 0 120
0 64 23 0
0 64 0 120
0 52 27 0
0 52 0 120
0 57 19 0
0 57 0 120
0 60 18 0
0 60 0 120
0 64 17 0
0 64 0 120
0 51 24 0
0 51 0 120
0 54 19 0
0 54 0 120
0 59 19 0
0 59 0 120
0 63 18 0
0 63 0 120
0 54 25 0
0 54 0 120
0 57 19 0
0 57 0 120
0 59 19 0
0 59 0 120
0 63 27 0
0 63 0 120
0 52 31 0
0 52 0 120
0 55 27 0
0 55 0 120
0 59 30 0
0 59 0 120
0 64 32 0
0 64 0 120
0 52 34 0
0 52 0 120
0 55 30 0
0 55 0 120
0 59 32 0
0 59 0 120
0 64 34 0
0 64 0 120
0 51 35 0
0 51 0 120
0 54 26 0
0 54 0 120
0 59 26 0
0 59 0 120
0 63 25 0
0 63 0 120
0 54 32 0
0 54 0 120
0 57 25 0
0 57 0 120
0 59 25 0
0 59 0 120
0 63 23 0
0 63 0 120
0 52 33 0
0 52 0 120
0 55 27 0
0 55 0 120
0 59 33 0
0 59 0 120
0 64 40 0
0 64 0 120
0 52 34 0
0 52 0 120
0 55 30 0
0 55 0 120
0 59 32 0
0 59 0 120
0 64 34 0
0 64 0 120
0 51 35 0
0 51 0 120
0 54 26 0
0 54 0 120
0 59 26 0
0 59 0 120
0 63 25 0
0 63 0 120
0 51 32 0
0 51 0 120
0 54 25 0
0 54 0 120
0 59 25 0
0 59 0 120
0 63 23 0
0 63 0 120
0 54 33 0
0 54 0 120
0 57 27 0
0 57 0 120
0 59 33 0
0 59 0 120
0 63 40 0
0 63 0 120
0 51 43 0
0 51 0 120
0 54 36 0
0 54 0 120
0 59 44 0
0 59 0 120
0 63 47 0
0 63 0 120
0 47 56 0
0 47 0 120
0 52 37 0
0 52 0 120
0 56 38 0
0 56 0 120
0 59 38 0
0 59 0 120
0 47 50 0
0 47 0 120
0 51 43 0
0 51 0 120
0 57 46 0
0 57 0 120
0 59 48 0
0 59 0 120
0 47 59 0
0 47 0 120
0 52 48 0
0 52 0 120
0 56 63 0
0 56 0 120
0 59 61 0
0 59 0 120
0 54 74 0
0 54 0 120
0 61 43 0
0 61 0 120
0 64 54 0
0 64 0 120
0 66 32 0
0 66 0 120
0 54 49 0
0 54 0 120
0 59 36 0
0 59 0 120
0 63 36 0
0 63 0 120
0 66 35 0
0 66 0 120
0 54 44 0
0 54 0 120
0 58 35 0
0 58 0 120
0 64 35 0
0 64 0 120
0 66 32 0
0 66 0 120
0 54 46 0
0 54 0 120
0 59 37 0
0 59 0 120
0 63 46 0
0 63 0 120
0 66 56 0
0 66 0 120
0 56 64 0
0 56 0 120
0 59 48 0
0 59 0 120
0 61 51 0
0 61 0 120
0 68 38 0
0 68 0 120
0 57 49 0
0 57 0 120
0 61 46 0
0 61 0 120
0 64 49 0
0 64 0 120
0 66 45 0
0 66 0 120
0 54 57 0
0 54 0 120
0 57 45 0
0 57 0 120
0 59 45 0
0 59 0 120
0 63 41 0
0 63 0 120
0 56 45 120
0 56 0 120
0 59 45 0
0 59 0 120
0 64 42 0
0 64 0 120
0 52 46 120
0 52 0 120
0 57 45 0
0 57 0 120
0 64 41 0
0 64 0 120
0 52 63 0
0 52 0 120
0 56 46 0
0 56 0 120
0 59 46 0
0 59 0 120
0 64 45 0
0 64 0 120
0 52 57 0
0 52 0 120
0 56 45 0
0 56 0 120
0 59 45 0
0 59 0 120
0 64 41 0
0 64 0 120
0 51 52 0
0 51 0 120
0 54 46 0
0 54 0 120
0 59 40 0
0 59 0 120
0 63 35 0
0 63 0 120
0 51 30 0
0 51 0 120
0 54 26 0
0 54 0 120
0 59 32 0
0 59 0 120
0 63 34 0
0 63 0 120
0 52 40 0
0 52 0 120
0 56 26 0
0 56 0 120
0 59 26 0
0 59 0 120
0 64 25 0
0 64 0 120
0 52 32 0
0 52 0 120
0 56 25 0
0 56 0 120
0 59 25 0
0 59 0 120
0 64 23 0
0 64 0 120
0 52 33 0
0 52 0 120
0 54 27 0
0 54 0 120
0 61 34 0
0 61 0 120
0 64 44 0
0 64 0 120
0 52 53 0
0 52 0 120
0 54 31 0
0 54 0 120
0 61 39 0
0 61 0 120
0 64 23 0
0 64 0 120
0 52 35 0
0 52 0 120
0 56 26 0
0 56 0 120
0 59 26 0
0 59 0 120
0 64 25 0
0 64 0 120
0 52 32 0
0 52 0 120
0 56 25 0
0 56 0 120
0 59 25 0
0 59 0 120
0 64 23 0
0 64 0 120
0 52 33 0
0 52 0 120
0 54 28 0
0 54 0 120
0 58 34 0
0 58 0 120
0 64 42 0
0 64 0 120
0 54 55 0
0 54 0 120
0 58 32 0
0 58 0 120
0 64 41 0
0 64 0 120
0 66 24 0
0 66 0 120
0 56 37 0
0 56 0 120
0 59 27 0
0 59 0 120
0 64 28 0
0 64 0 120
0 68 27 0
0 68 0 120
0 56 34 0
0 56 0 120
0 59 27 0
0 59 0 120
0 64 27 0
0 64 0 120
0 68 25 0
0 68 0 120
0 57 36 0
0 57 0 120
0 59 29 0
0 59 0 120
0 64 36 0
0 64 0 120
0 66 44 0
0 66 0 120
0 57 36 0
0 57 0 120
0 59 37 0
0 59 0 120
0 63 42 0
0 63 0 120
0 66 37 0
0 66 0 120
0 54 49 0
0 54 0 120
0 57 37 0
0 57 0 120
0 59 43 0
0 59 0 120
0 63 36 0
0 63 0 120
0 54 35 0
0 54 0 120
0 57 44 0
0 57 0 120
0 59 44 0
0 59 0 120
0 63 39 0
0 63 0 120
0 56 46 120
0 56 0 120
0 59 40 0
0 59 0 120
0 64 34 0
0 64 0 120
0 52 36 0
0 52 0 120
0 56 31 0
0 56 0 120
0 59 38 0
0 59 0 120
0 64 41 0
0 64 0 120
0 52 48 0
0 52 0 120
0 56 31 0
0 56 0 120
0 59 31 0
0 59 0 120
0 64 30 0
0 64 0 120
0 52 39 0
0 52 0 120
0 56 31 0
0 56 0 120
0 59 31 0
0 59 0 120
0 64 28 0
0 64 0 120
0 52 41 0
0 52 0 120
0 54 34 0
0 54 0 120
0 61 42 0
0 61 0 120
0 64 55 0
0 64 0 120
0 51 67 0
0 51 0 120
0 54 39 0
0 54 0 120
0 63 49 0
0 63 0 120
0 66 29 0
0 66 0 120
0 52 45 0
0 52 0 120
0 56 33 0
0 56 0 120
0 59 33 0
0 59 0 120
0 64 32 0
0 64 0 120
0 52 41 0
0 52 0 120
0 56 32 0
0 56 0 120
0 59 32 0
0 59 0 120
0 64 30 0
0 64 0 120
0 52 43 0
0 52 0 120
0 54 35 0
0 54 0 120
0 61 43 0
0 61 0 120
0 64 53 0
0 64 0 120
0 54 71 0
0 54 0 120
0 58 41 0
0 58 0 120
0 64 52 0
0 64 0 120
0 66 31 0
0 66 0 120
0 54 47 0
0 54 0 120
0 59 35 0
0 59 0 120
0 63 35 0
0 63 0 120
0 66 34 0
0 66 0 120
0 58 44 0
0 58 0 120
0 61 34 0
0 61 0 120
0 64 34 0
0 64 0 120
0 67 31 0
0 67 0 120
0 59 46 0
0 59 0 120
0 63 37 0
0 63 0 120
0 66 46 0
0 66 0 120
0 69 56 0
0 69 0 120
0 63 46 0
0 63 0 120
0 66 46 0
0 66 0 120
0 69 53 0
0 69 0 120
0 71 46 0
0 71 0 120
0 59 60 0
0 59 0 120
0 64 46 0
0 64 0 120
0 68 53 0
0 68 0 120
0 71 44 0
0 71 0 120
0 60 43 0
0 60 0 120
0 64 46 0
0 64 0 120
0 68 53 0
0 68 0 120
0 72 47 0
0 72 0 120
0 61 54 120
0 61 0 120
0 64 47 0
0 64 0 120
0 66 40 0
0 66 0 120
0 52 43 0
0 52 0 120
0 54 53 0
0 54 0 120
0 57 53 0
0 57 0 120
0 60 47 0
0 60 0 120
0 52 43 120
0 52 0 120
0 56 40 0
0 56 0 120
0 59 34 0
0 59 0 120
0 47 42 0
0 47 0 120
0 52 34 0
0 52 0 120
0 56 40 0
0 56 0 120
0 59 36 0
0 59 0 120
0 47 29 0
0 47 0 120
0 54 31 0
0 54 0 120
0 57 38 0
0 57 0 120
0 59 44 0
0 59 0 120
0 47 49 0
0 47 0 120
0 54 33 0
0 54 0 120
0 57 41 0
0 57 0 120
0 59 31 0
0 59 0 120
0 47 32 0
0 47 0 120
0 53 26 0
0 53 0 120
0 56 30 0
0 56 0 120
0 59 38 0
0 59 0 120
0 47 41 0
0 47 0 120
0 53 25 0
0 53 0 120
0 56 25 0
0 56 0 120
0 59 23 0
0 59 0 120
0 45 29 0
0 45 0 120
0 49 25 0
0 49 0 120
0 54 25 0
0 54 0 120
0 57 24 0
0 57 0 110
0 45 31 10
0 45 0 120
0 49 30 0
0 49 0 120
0 54 33 0
0 54 0 120
0 57 38 0
0 57 0 120
0 45 45 0
0 45 0 120
0 51 30 0
0 51 0 120
0 57 32 0
0 57 0 120
0 59 37 0
0 59 0 120
0 45 41 0
0 45 0 120
0 52 33 0
0 52 0 120
0 57 37 0
0 57 0 120
0 59 41 0
0 59 0 120
0 47 45 0
0 47 0 120
0 54 35 0
0 54 0 120
0 57 46 0
0 57 0 120
0 59 38 0
0 59 0 120
0 47 40 0
0 47 0 120
0 51 32 0
0 51 0 120
0 57 31 0
0 57 0 120
0 59 28 0
0 59 0 120
0 47 36 0
0 47 0 120
0 52 32 0
0 52 0 120
0 56 32 0
0 56 0 120
0 59 31 0
0 59 0 120
0 47 40 0
0 47 0 120
0 52 31 0
0 52 0 120
0 56 31 0
0 56 0 120
0 59 28 0
0 59 0 120
0 47 36 0
0 47 0 120
0 52 31 0
0 52 0 120
0 56 31 0
0 56 0 120
0 59 30 0
0 59 0 120
0 47 34 0
0 47 0 120
0 52 30 0
0 52 0 120
0 56 31 0
0 56 0 120
0 59 33 0
0 59 0 120
0 45 33 0
0 45 0 120
0 49 24 0
0 49 0 120
0 52 24 0
0 52 0 120
0 57 23 0
0 57 0 120
0 45 30 0
0 45 0 120
0 49 23 0
0 49 0 120
0 52 23 0
0 52 0 120
0 57 20 0
0 57 0 120
0 45 29 0
0 45 0 120
0 49 24 0
0 49 0 120
0 52 29 0
0 52 0 120
0 57 35 0
0 57 0 120
0 45 29 0
0 45 0 120
0 48 25 0
0 48 0 120
0 52 27 0
0 52 0 120
0 57 28 0
0 57 0 120
0 42 29 0
0 42 0 120
0 47 21 0
0 47 0 120
0 51 21 0
0 51 0 120
0 57 20 0
0 57 0 120
0 42 25 0
0 42 0 120
0 47 20 0
0 47 0 120
0 51 19 0
0 51 0 120
0 57 17 0
0 57 0 120
0 42 25 0
0 42 0 120
0 47 20 0
0 47 0 120
0 51 24 0
0 51 0 120
0 57 30 0
0 57 0 120
0 47 25 0
0 47 0 120
0 51 21 0
0 51 0 120
0 57 23 0
0 57 0 120
0 59 24 0
0 59 0 120
0 47 24 0
0 47 0 120
0 52 18 0
0 52 0 120
0 56 18 0
0 56 0 120
0 59 17 0
0 59 0 120
0 47 22 0
0 47 0 120
0 52 17 0
0 52 0 120
0 56 17 0
0 56 0 120
0 59 16 0
0 59 0 120
0 47 23 0
0 47 0 120
0 52 15 0
0 52 0 120
0 56 19 0
0 56 0 120
0 59 22 0
0 59 0 120
0 47 24 0
0 47 0 120
0 52 18 0
0 52 0 120
0 56 20 0
0 56 0 120
0 59 20 0
0 59 0 120
0 47 24 0
0 47 0 120
0 52 17 0
0 52 0 120
0 56 17 0
0 56 0 120
0 59 17 0
0 59 0 120
0 47 21 0
0 47 0 120
0 52 17 0
0 52 0 120
0 56 16 0
0 56 0 120
0 59 14 0
0 59 0 120
0 47 24 0
0 47 0 120
0 52 17 0
0 52 0 120
0 56 17 0
0 56 0 120
0 59 17 0
0 59 0 120
0 47 21 0
0 47 0 120
0 52 17 0
0 52 0 120
0 56 16 0
0 56 0 120
0 59 14 0
0 59 0 120
0 40 40 0
0 40 0 960
0 44 42 0
0 44 0 960
0 42 45 0
0 42 0 960
0 35 41 0
0 35 0 480
0 40 46 480
0 40 0 480
0 42 42 0
0 42 0 480
0 44 42 0
0 44 0 480
0 46 42 0
0 46 0 480
0 47 46 0
0 47 0 480
0 49 42 0
0 49 0 480
0 51 37 0
0 51 0 480
0 53 42 0
0 53 0 480
0 54 46 0
0 54 0 480
0 47 42 0
0 47 0 480
0 52 42 0
0 52 0 480
0 45 42 0
0 45 0 480
0 47 46 0
0 47 0 960
0 47 38 0
0 47 0 240
0 39 42 240
0 39 0 480
0 40 46 0
0 40 0 480
0 42 42 0
0 42 0 480
0 44 42 0
0 44 0 480
0 46 42 0
0 46 0 480
0 47 46 0
0 47 0 480
0 49 42 0
0 49 0 480
0 51 37 0
0 51 0 480
0 52 42 0
0 52 0 480
0 49 48 0
0 49 0 480
0 56 54 0
0 56 0 480
0 52 49 0
0 52 0 1440
0 56 37 0
0 56 0 480
0 53 34 0
0 53 0 960
0 54 46 0
0 54 0 480
0 46 42 0
0 46 0 480
0 47 42 0
0 47 0 480
0 52 42 0
0 52 0 480
0 54 46 0
0 54 0 480
0 42 38 960
0 42 0 960
0 42 40 0
0 42 0 480
0 40 34 0
0 40 0 480
0 39 39 0
0 39 0 480
0 37 48 0
0 37 0 480
0 47 53 0
0 47 0 480
0 46 57 0
0 46 0 480
0 42 62 0
0 42 0 480
0 47 55 0
0 47 0 1440
0 40 46 480
0 40 0 480
0 42 42 0
0 42 0 480
0 44 42 0
0 44 0 480
0 46 42 0
0 46 0 480
0 47 46 0
0 47 0 480
0 49 42 0
0 49 0 480
0 51 37 0
0 51 0 480
0 53 42 0
0 53 0 480
0 54 46 0
0 54 0 480
0 47 42 0
0 47 0 480
0 52 42 0
0 52 0 480
0 45 42 0
0 45 0 480
0 47 46 0
0 47 0 960
0 47 38 0
0 47 0 240
0 39 42 240
0 39 0 480
0 40 46 0
0 40 0 480
0 42 42 0
0 42 0 480
0 44 42 0
0 44 0 480
0 46 42 0
0 46 0 480
0 47 46 0
0 47 0 480
0 49 42 0
0 49 0 480
0 51 37 0
0 51 0 480
0 52 42 0
0 52 0 480
0 49 48 0
0 49 0 480
0 56 54 0
0 56 0 480
0 52 49 0
0 52 0 1440
0 56 37 0
0 56 0 480
0 53 34 0
0 53 0 960
0 54 46 0
0 54 0 480
0 46 42 0
0 46 0 480
0 47 42 0
0 47 0 480
0 52 42 0
0 52 0 480
0 54 46 0
0 54 0 480
0 42 38 960
0 42 0 960
0 42 40 0
0 42 0 480
0 40 34 0
0 40 0 480
0 39 39 0
0 39 0 480
0 37 48 0
0 37 0 480
0 47 53 0
0 47 0 480
0 46 57 0
0 46 0 480
0 42 62 0
0 42 0 480
0 47 55 0
0 47 0 1440
0 40 46 480
0 40 0 960
0 42 46 0
0 42 0 480
0 50 49 0
0 50 0 480
0 43 56 0
0 43 0 960
0 45 56 0
0 45 0 960
0 47 67 0
0 47 0 960
0 48 66 0
0 48 0 960
0 50 66 0
0 50 0 480
0 52 62 0
0 52 0 480
0 47 42 3360
0 47 0 480
0 48 42 0
0 48 0 960
0 50 46 0
0 50 0 960
0 52 37 0
0 52 0 480
0 54 42 0
0 54 0 480
0 55 46 0
0 55 0 480
0 48 37 480
0 48 0 960
0 47 40 0
0 47 0 1920
0 43 34 0
0 43 0 960
0 48 27 0
0 48 0 960
0 47 30 0
0 47 0 1920
0 47 46 0
0 47 0 1920
0 47 46 0
0 47 0 1440
0 40 64 480
0 40 0 480
0 42 58 0
0 42 0 480
0 44 58 0
0 44 0 480
0 46 58 0
0 46 0 480
0 47 64 0
0 47 0 480
0 49 58 0
0 49 0 480
0 51 51 0
0 51 0 480
0 53 58 0
0 53 0 480
0 54 64 0
0 54 0 480
0 47 58 0
0 47 0 480
0 52 58 0
0 52 0 480
0 49 58 0
0 49 0 480
0 47 64 0
0 47 0 1440
0 45 37 0
0 45 0 480
0 44 46 0
0 44 0 960
0 45 42 0
0 45 0 960
0 47 46 0
0 47 0 960
0 49 38 0
0 49 0 960
0 47 49 0
0 47 0 960
0 47 40 0
0 47 0 960
0 52 55 0
0 52 0 480
0 47 46 0
0 47 0 480
0 52 53 0
0 52 0 480
0 47 47 960
0 47 0 480
0 46 52 0
0 46 0 480
0 45 47 0
0 45 0 480
0 44 59 0
0 44 0 480
0 47 53 0
0 47 0 480
0 46 60 0
0 46 0 480
0 49 61 0
0 49 0 480
0 47 62 0
0 47 0 480
0 52 58 0
0 52 0 480
0 51 64 0
0 51 0 480
0 59 61 0
0 59 0 480
0 52 68 0
0 52 0 480
0 56 58 0
0 56 0 480
0 57 63 0
0 57 0 480
0 45 57 0
0 45 0 480
0 47 63 0
0 47 0 480
0 35 38 960
0 35 0 960
0 35 40 0
0 35 0 480
0 33 34 0
0 33 0 480
0 32 39 0
0 32 0 480
0 30 48 0
0 30 0 480
0 40 53 0
0 40 0 480
0 39 57 0
0 39 0 480
0 35 49 0
0 35 0 480
0 40 55 0
0 40 0 950
0 40 47 10
0 40 0 1910
0 40 42 10
0 40 0 1910
0 40 36 10
0 40 0 1910
0 40 32 10
0 40 0 1430
0 40 24 10
0 40 0 470
0 40 24 10
0 40 0 470
0 40 23 10
0 40 0 470
0 40 15 10
0 47 15 0
0 47 0 1920
0 40 0 0
