0 76 65 480
0 76 0 240
0 74 72 0
0 74 0 240
0 72 60 0
0 72 0 240
0 71 60 0
0 71 0 110
0 71 54 10
0 71 0 40
0 72 49 0
0 72 0 40
0 74 51 0
0 74 0 40
0 72 68 0
0 72 0 240
0 71 60 0
0 71 0 240
0 69 66 0
0 77 77 240
0 77 0 240
0 69 0 0
0 77 63 0
0 69 63 0
0 69 0 120
0 77 0 0
0 77 58 120
0 71 49 0
0 71 0 120
0 77 0 0
0 71 51 120
0 77 61 0
0 77 0 480
0 71 0 0
0 72 39 0
0 76 46 0
0 76 0 210
0 72 0 0
0 76 47 30
0 81 56 0
0 81 0 480
0 76 0 0
0 80 46 0
0 74 39 0
0 74 0 210
0 80 0 0
0 72 47 30
0 77 56 0
0 77 0 480
0 72 0 0
0 71 38 0
0 76 45 0
0 76 0 210
0 71 0 0
0 71 50 30
0 68 42 0
0 68 0 240
0 71 0 0
0 74 50 0
0 71 42 0
0 71 0 240
0 74 0 0
0 72 43 0
0 69 36 0
0 69 0 240
0 72 0 0
0 71 46 0
0 68 39 0
0 68 0 480
0 71 0 0
0 76 65 0
0 76 0 240
0 74 72 0
0 74 0 240
0 72 60 0
0 72 0 240
0 71 60 0
0 71 0 110
0 71 54 10
0 71 0 40
0 72 49 0
0 72 0 40
0 74 51 0
0 74 0 40
0 72 68 0
0 72 0 240
0 71 60 0
0 71 0 240
0 69 66 0
0 69 0 240
0 77 77 0
0 77 0 240
0 77 63 0
0 72 53 0
0 72 0 120
0 77 0 0
0 77 58 120
0 71 49 0
0 71 0 120
0 77 0 0
0 71 51 120
0 77 61 0
0 77 0 480
0 71 0 0
0 72 39 0
0 76 46 0
0 76 0 210
0 72 0 0
0 69 47 30
0 76 61 0
0 76 0 230
0 76 61 10
0 76 0 230
0 69 0 10
0 71 48 0
0 76 60 0
0 76 0 240
0 71 0 0
0 72 48 0
0 79 70 0
0 79 0 120
0 78 54 0
0 78 0 120
0 76 56 0
0 72 0 240
0 71 46 0
0 71 0 240
0 76 0 0
0 69 47 0
0 76 61 0
0 76 0 230
0 76 61 10
0 76 0 230
0 69 0 10
0 71 48 0
0 76 60 0
0 76 0 240
0 71 0 0
0 72 48 0
0 79 70 0
0 79 0 120
0 78 55 0
0 78 0 120
0 76 56 0
0 72 0 240
0 71 46 0
0 71 0 240
0 76 0 0
0 69 42 0
0 76 61 0
0 69 0 120
0 64 33 0
0 76 0 110
0 64 0 10
0 72 39 0
0 76 61 0
0 72 0 120
0 64 33 0
0 76 0 110
0 64 0 10
0 71 38 0
0 74 60 0
0 71 0 120
0 64 42 0
0 64 0 120
0 74 0 0
0 69 42 0
0 72 61 0
0 69 0 120
0 64 33 0
0 72 0 110
0 64 0 10
0 68 39 0
0 71 61 0
0 68 0 120
0 64 33 0
0 71 0 110
0 64 0 10
0 67 38 0
0 70 60 0
0 67 0 120
0 64 42 0
0 64 0 120
0 70 0 0
0 78 70 0
0 69 70 0
0 78 0 240
0 72 62 0
0 72 0 720
0 69 0 0
0 71 62 0
0 71 0 240
0 66 54 0
0 69 62 0
0 69 0 240
0 66 0 0
0 67 62 0
0 59 41 120
0 59 0 120
0 64 45 0
0 64 0 120
0 59 41 0
0 59 0 120
0 67 0 0
0 66 45 0
0 69 62 0
0 66 0 120
0 59 41 0
0 59 0 120
0 69 0 0
0 67 62 0
0 71 62 0
0 71 0 240
0 67 0 0
0 79 55 0
0 79 0 240
0 78 42 0
0 69 35 0
0 69 0 240
0 78 0 0
0 76 54 0
0 76 0 1200
0 74 48 0
0 74 0 230
0 67 37 10
0 74 54 0
0 67 0 120
0 64 29 0
0 74 0 110
0 64 0 10
0 67 35 0
0 72 54 0
0 67 0 120
0 64 29 0
0 72 0 110
0 64 0 10
0 67 34 0
0 71 54 0
0 67 0 120
0 64 37 0
0 64 0 120
0 71 0 0
0 66 37 0
0 69 54 0
0 66 0 120
0 64 29 0
0 69 0 110
0 64 0 10
0 67 35 0
0 71 54 0
0 67 0 120
0 62 29 0
0 71 0 110
0 62 0 10
0 69 34 0
0 72 54 0
0 69 0 120
0 60 37 0
0 60 0 120
0 72 0 0
0 64 55 0
0 64 0 360
0 66 49 0
0 66 0 60
0 64 46 0
0 64 0 60
0 63 55 0
0 63 0 120
0 64 62 0
0 64 0 120
0 67 68 0
0 67 0 480
0 66 55 0
0 66 0 240
0 64 55 0
0 64 0 705
0 64 52 15
0 64 0 475
0 64 46 5
0 64 0 235
0 65 52 5
0 65 0 465
0 65 48 15
0 65 0 225
0 65 55 15
0 65 0 465
0 65 51 15
0 65 0 225
0 69 59 15
0 69 0 240
0 68 52 0
0 68 0 240
0 68 62 240
0 68 0 475
0 68 56 5
0 68 0 235
0 69 65 5
0 69 0 465
0 69 58 15
0 69 0 225
0 69 67 15
0 69 0 465
0 69 61 15
0 69 0 225
0 72 70 15
0 72 0 240
0 71 62 0
0 71 0 240
0 74 71 240
0 74 0 465
0 72 64 15
0 72 0 90
0 71 61 30
0 71 0 90
0 69 70 30
0 69 0 240
0 68 62 0
0 68 0 240
0 76 65 720
0 76 0 240
0 74 72 0
0 74 0 240
0 72 60 0
0 72 0 240
0 71 60 0
0 71 0 110
0 71 54 10
0 71 0 40
0 72 49 0
0 72 0 40
0 74 51 0
0 74 0 40
0 72 68 0
0 72 0 240
0 71 60 0
0 71 0 240
0 69 66 0
0 77 77 240
0 77 0 240
0 69 0 0
0 72 50 0
0 77 63 0
0 69 50 0
0 69 0 120
0 77 0 0
0 72 0 0
0 77 58 120
0 71 49 0
0 71 0 120
0 77 0 0
0 71 51 120
0 77 61 0
0 77 0 480
0 71 0 0
0 72 39 0
0 76 46 0
0 76 0 210
0 72 0 0
0 76 47 30
0 81 56 0
0 81 0 480
0 76 0 0
0 80 46 0
0 74 39 0
0 74 0 210
0 80 0 0
0 72 47 30
0 77 56 0
0 77 0 480
0 72 0 0
0 71 38 0
0 76 45 0
0 76 0 210
0 71 0 0
0 71 50 30
0 68 42 0
0 68 0 240
0 71 0 0
0 74 50 0
0 71 42 0
0 71 0 240
0 74 0 0
0 72 43 0
0 69 36 0
0 69 0 240
0 72 0 0
0 71 46 0
0 68 39 0
0 68 0 480
0 71 0 0
0 71 40 0
0 71 0 240
0 76 46 0
0 76 0 240
0 72 42 0
0 72 0 240
0 69 42 0
0 69 0 240
0 72 50 0
0 72 0 240
0 70 46 0
0 70 0 210
0 70 51 30
0 70 0 240
0 79 65 0
0 79 0 240
0 77 57 0
0 77 0 120
0 76 50 0
0 76 0 120
0 74 56 0
0 74 0 120
0 72 49 0
0 72 0 120
0 70 54 0
0 70 0 240
0 69 47 0
0 69 0 240
0 68 40 0
0 68 0 240
0 69 46 0
0 69 0 240
0 72 42 0
0 72 0 240
0 74 42 0
0 74 0 240
0 69 39 0
0 76 46 0
0 76 0 480
0 74 40 0
0 74 0 120
0 72 40 0
0 72 0 120
0 69 0 0
0 74 45 0
0 68 38 0
0 74 0 480
0 72 40 0
0 72 0 120
0 71 40 0
0 71 0 120
0 68 0 0
0 69 46 0
0 69 0 480
0 81 47 0
0 81 0 240
0 79 54 0
0 79 0 240
0 77 46 0
0 77 0 240
0 76 43 0
0 67 43 0
0 67 0 240
0 76 0 0
0 76 54 0
0 66 45 0
0 76 0 240
0 74 49 0
0 74 0 210
0 66 0 30
0 67 47 0
0 79 47 0
0 79 0 240
0 67 0 0
0 67 51 0
0 77 51 0
0 77 0 240
0 76 46 0
0 76 0 240
0 74 43 0
0 74 0 210
0 74 58 30
0 74 0 240
0 67 0 0
0 72 49 0
0 72 0 120
0 71 41 0
0 71 0 120
0 69 49 0
0 69 0 120
0 68 45 0
0 68 0 120
0 69 49 0
0 69 0 120
0 71 49 0
0 71 0 120
0 72 46 0
0 72 0 240
0 74 42 0
0 74 0 240
0 69 35 0
0 76 42 0
0 76 0 480
0 74 37 0
0 74 0 120
0 72 37 0
0 72 0 120
0 69 0 0
0 68 35 0
0 74 42 0
0 74 0 480
0 72 37 0
0 72 0 120
0 71 37 0
0 71 0 120
0 68 0 0
0 72 42 0
0 64 35 240
0 72 0 240
0 71 37 0
0 71 0 120
0 69 37 0
0 69 0 120
0 71 42 0
0 64 0 230
0 64 35 10
0 71 0 240
0 69 37 0
0 69 0 120
0 68 37 0
0 68 0 120
0 69 42 0
0 64 0 720
0 58 35 0
0 69 0 480
0 67 35 0
0 58 0 240
0 57 34 0
0 67 0 240
0 65 33 0
0 65 0 240
0 64 33 0
0 64 0 240
0 57 0 0
0 62 32 0
0 62 0 240
0 64 31 0
0 60 31 0
0 60 0 240
0 64 0 0
0 62 29 0
0 65 29 0
0 65 0 240
0 62 0 0
0 57 30 0
0 57 0 360
0 59 27 0
0 59 0 60
0 57 27 0
0 57 0 60
0 56 29 0
0 56 0 120
0 57 26 0
0 57 0 120
0 60 28 0
0 60 0 480
0 56 26 0
0 59 26 0
0 59 0 240
0 56 0 0
0 57 30 0
0 57 0 240
0 57 22 0
0 57 0 120
0 56 20 0
0 56 0 120
0 57 22 0
0 57 0 120
0 52 20 0
0 52 0 120
0 53 26 0
0 53 0 120
0 50 20 0
0 50 0 120
0 57 22 0
0 57 0 120
0 56 20 0
0 56 0 120
0 57 22 0
0 57 0 120
0 53 20 0
0 53 0 120
0 52 26 0
0 52 0 120
0 48 20 0
0 48 0 120
0 57 22 0
0 57 0 120
0 56 20 0
0 56 0 120
0 57 22 0
0 57 0 120
0 52 20 0
0 52 0 120
0 47 20 0
0 53 20 0
0 56 26 0
0 56 0 120
0 53 0 0
0 47 0 0
0 50 20 0
0 50 0 120
0 47 17 0
0 53 17 0
0 56 22 0
0 56 0 120
0 53 0 0
0 47 0 0
0 50 20 0
0 50 0 120
0 47 17 0
0 53 17 0
0 56 22 0
0 56 0 120
0 53 0 0
0 47 0 0
0 50 20 0
0 50 0 120
0 48 24 0
0 57 28 0
0 57 0 480
0 48 0 0
0 81 51 720
0 81 0 240
0 79 57 0
0 79 0 240
0 77 49 0
0 77 0 240
0 76 45 0
0 76 0 120
0 76 37 0
0 76 0 40
0 77 37 0
0 77 0 40
0 79 37 0
0 79 0 40
0 77 54 0
0 77 0 240
0 76 64 0
0 76 0 240
0 74 72 0
0 74 0 240
0 82 79 0
0 82 0 240
0 82 70 0
0 82 0 180
0 82 70 60
0 82 0 180
0 82 65 60
0 82 0 480
0 81 52 0
0 76 40 0
0 76 0 240
0 74 46 0
0 74 0 240
0 72 40 0
0 72 0 240
0 71 37 0
0 71 0 120
0 71 37 0
0 71 0 40
0 72 37 0
0 72 0 40
0 74 37 0
0 74 0 40
0 72 49 0
0 72 0 240
0 71 53 0
0 71 0 240
0 69 56 0
0 69 0 240
0 81 0 0
0 77 65 0
0 77 0 240
0 68 48 0
0 74 48 0
0 77 61 0
0 77 0 180
0 74 0 0
0 68 0 0
0 68 48 60
0 74 48 0
0 77 61 0
0 77 0 180
0 74 0 0
0 68 0 0
0 68 52 60
0 74 52 0
0 77 65 0
0 77 0 2880
0 74 0 0
0 68 0 0
0 72 27 0
0 76 34 0
0 69 27 4
0 76 0 236
0 72 0 0
0 69 0 4
0 57 29 236
0 57 0 60
0 57 34 180
0 57 0 60
0 57 31 420
0 57 0 60
0 57 34 180
0 57 0 60
0 60 40 480
0 60 0 120
0 64 32 0
0 64 0 120
0 59 40 0
0 59 0 120
0 64 29 0
0 64 0 120
0 57 32 0
0 57 0 120
0 64 31 0
0 64 0 120
0 56 38 0
0 56 0 120
0 64 32 0
0 64 0 120
0 57 40 0
0 57 0 120
0 64 33 0
0 64 0 120
0 59 38 0
0 59 0 120
0 64 31 0
0 64 0 120
0 60 39 0
0 60 0 120
0 64 42 0
0 64 0 120
0 50 47 0
0 50 0 120
0 62 46 0
0 62 0 120
0 53 47 0
0 53 0 120
0 62 40 0
0 62 0 120
0 56 31 0
0 56 0 120
0 62 26 0
0 62 0 120
0 48 33 0
0 48 0 120
0 62 24 0
0 62 0 120
0 56 28 0
0 56 0 120
0 62 23 0
0 62 0 120
0 57 27 0
0 57 0 120
0 59 26 0
0 59 0 120
0 60 25 0
0 60 0 120
0 64 20 0
0 64 0 120
0 60 24 0
0 60 0 120
0 64 21 0
0 64 0 120
0 59 22 0
0 59 0 120
0 64 21 0
0 64 0 120
0 57 24 0
0 57 0 120
0 64 21 0
0 64 0 120
0 57 23 0
0 57 0 120
0 64 22 0
0 64 0 120
0 56 24 0
0 56 0 120
0 64 22 0
0 64 0 120
0 52 40 0
0 52 0 120
0 64 32 0
0 64 0 120
0 57 37 0
0 57 0 120
0 64 31 0
0 64 0 120
0 51 37 0
0 51 0 120
0 66 31 0
0 66 0 120
0 52 40 0
0 52 0 120
0 65 42 0
0 65 0 120
0 64 39 0
0 64 0 120
0 62 37 0
0 62 0 120
0 60 40 0
0 60 0 120
0 64 32 0
0 64 0 120
0 59 40 0
0 59 0 120
0 64 29 0
0 64 0 120
0 57 32 0
0 57 0 120
0 64 31 0
0 64 0 120
0 56 38 0
0 56 0 120
0 64 32 0
0 64 0 120
0 57 40 0
0 57 0 120
0 64 33 0
0 64 0 120
0 59 38 0
0 59 0 120
0 64 31 0
0 64 0 120
0 60 39 0
0 60 0 120
0 64 42 0
0 64 0 120
0 50 47 0
0 50 0 120
0 62 46 0
0 62 0 120
0 53 47 0
0 53 0 120
0 62 40 0
0 62 0 120
0 56 31 0
0 56 0 120
0 62 26 0
0 62 0 120
0 48 33 0
0 48 0 120
0 62 24 0
0 62 0 120
0 56 28 0
0 56 0 120
0 62 23 0
0 62 0 120
0 57 27 0
0 57 0 120
0 59 26 0
0 59 0 120
0 60 42 0
0 60 0 120
0 64 33 0
0 64 0 120
0 60 39 0
0 60 0 120
0 64 33 0
0 64 0 120
0 59 38 0
0 59 0 120
0 64 42 0
0 64 0 120
0 57 53 0
0 57 0 120
0 64 41 0
0 64 0 120
0 57 30 0
0 57 0 120
0 64 24 0
0 64 0 120
0 59 28 0
0 59 0 120
0 64 26 0
0 64 0 120
0 60 42 0
0 60 0 120
0 64 33 0
0 64 0 120
0 60 39 0
0 60 0 120
0 64 33 0
0 64 0 120
0 59 38 0
0 59 0 120
0 64 42 0
0 64 0 120
0 57 53 0
0 57 0 120
0 64 33 0
0 64 0 120
0 57 31 0
0 57 0 120
0 64 28 0
0 64 0 120
0 59 33 0
0 59 0 120
0 64 26 0
0 64 0 120
0 60 56 0
0 60 0 480
0 56 50 0
0 56 0 240
0 57 56 0
0 57 0 240
0 59 49 0
0 59 0 240
0 61 55 0
0 61 0 240
0 51 62 0
0 51 0 120
0 60 45 0
0 60 0 120
0 66 54 0
0 66 0 120
0 60 42 0
0 60 0 120
0 51 54 0
0 51 0 120
0 60 41 0
0 60 0 120
0 51 62 0
0 51 0 120
0 60 45 0
0 60 0 120
0 66 54 0
0 66 0 120
0 60 42 0
0 60 0 120
0 51 54 0
0 51 0 120
0 60 41 0
0 60 0 120
0 52 56 0
0 52 0 240
0 47 56 0
0 47 0 240
0 45 61 0
0 45 0 240
0 43 69 0
0 43 0 120
0 59 45 0
0 59 0 120
0 55 33 0
0 55 0 120
0 59 30 0
0 59 0 120
0 57 37 0
0 57 0 120
0 60 29 0
0 60 0 120
0 59 46 0
0 59 0 120
0 64 30 0
0 64 0 120
0 67 35 0
0 67 0 120
0 71 31 0
0 71 0 120
0 67 34 0
0 67 0 120
0 64 34 0
0 64 0 120
0 59 45 0
0 64 27 120
0 64 0 120
0 67 34 0
0 67 0 120
0 65 27 0
0 65 0 120
0 67 34 0
0 67 0 120
0 65 28 0
0 65 0 120
0 59 0 0
0 60 50 0
0 60 0 720
0 48 50 0
0 48 0 240
0 47 44 0
0 47 0 240
0 45 49 0
0 45 0 240
0 47 50 0
0 59 29 120
0 59 0 120
0 55 35 0
0 55 0 120
0 59 29 0
0 59 0 120
0 55 35 0
0 55 0 120
0 59 40 0
0 59 0 120
0 55 47 0
0 55 0 120
0 59 34 0
0 59 0 120
0 64 37 0
0 64 0 120
0 59 29 0
0 59 0 120
0 51 35 0
0 59 29 120
0 59 0 120
0 51 0 0
0 47 0 0
0 40 45 0
0 56 35 0
0 56 0 120
0 59 29 0
0 59 0 120
0 56 32 0
0 56 0 120
0 52 29 0
0 52 0 120
0 51 34 0
0 51 0 120
0 52 29 0
0 52 0 120
0 40 0 0
0 47 45 0
0 56 35 0
0 56 0 120
0 59 29 0
0 59 0 120
0 56 32 0
0 56 0 120
0 52 29 0
0 52 0 120
0 51 34 0
0 51 0 120
0 52 29 0
0 52 0 120
0 47 0 0
0 45 45 0
0 57 35 0
0 57 0 120
0 60 29 0
0 60 0 120
0 57 32 0
0 57 0 120
0 52 29 0
0 52 0 120
0 51 35 0
0 51 0 120
0 52 30 0
0 52 0 120
0 45 0 0
0 45 48 0
0 57 37 0
0 57 0 120
0 60 31 0
0 60 0 120
0 57 35 0
0 57 0 120
0 52 32 0
0 52 0 120
0 51 38 0
0 51 0 120
0 52 32 0
0 52 0 120
0 45 0 0
0 40 51 0
0 59 40 0
0 59 0 120
0 62 33 0
0 62 0 120
0 59 36 0
0 59 0 120
0 52 33 0
0 52 0 120
0 51 39 0
0 51 0 120
0 52 33 0
0 52 0 120
0 40 0 0
0 47 54 0
0 59 42 0
0 59 0 120
0 62 34 0
0 62 0 120
0 59 38 0
0 59 0 120
0 52 35 0
0 52 0 120
0 51 41 0
0 51 0 120
0 52 35 0
0 52 0 120
0 47 0 0
0 40 56 0
0 60 43 0
0 60 0 120
0 64 36 0
0 64 0 120
0 60 40 0
0 60 0 120
0 52 36 0
0 52 0 120
0 51 43 0
0 51 0 120
0 52 37 0
0 52 0 120
0 40 0 0
0 48 58 0
0 60 45 0
0 60 0 120
0 64 37 0
0 64 0 120
0 60 41 0
0 60 0 120
0 52 38 0
0 52 0 120
0 51 45 0
0 51 0 120
0 52 38 0
0 52 0 120
0 48 0 0
0 40 60 0
0 62 47 0
0 62 0 120
0 68 39 0
0 68 0 120
0 62 43 0
0 62 0 120
0 52 39 0
0 52 0 120
0 51 45 0
0 51 0 120
0 52 39 0
0 52 0 120
0 40 0 0
0 47 58 0
0 62 45 0
0 62 0 120
0 65 37 0
0 65 0 120
0 62 41 0
0 62 0 120
0 53 38 0
0 53 0 120
0 52 45 0
0 52 0 120
0 53 38 0
0 53 0 120
0 47 0 0
0 40 60 0
0 62 47 0
0 62 0 120
0 65 39 0
0 65 0 120
0 62 43 0
0 62 0 120
0 52 39 0
0 52 0 120
0 51 45 0
0 51 0 120
0 52 39 0
0 52 0 120
0 40 0 0
0 59 40 0
0 59 0 120
0 65 42 0
0 65 0 120
0 64 39 0
0 64 0 120
0 62 37 0
0 62 0 120
0 60 40 0
0 60 0 120
0 64 32 0
0 64 0 120
0 59 40 0
0 59 0 120
0 64 29 0
0 64 0 120
0 57 32 0
0 57 0 120
0 64 31 0
0 64 0 120
0 56 38 0
0 56 0 120
0 64 32 0
0 64 0 120
0 57 40 0
0 57 0 120
0 64 33 0
0 64 0 120
0 59 38 0
0 59 0 120
0 64 31 0
0 64 0 120
0 60 39 0
0 60 0 120
0 64 42 0
0 64 0 120
0 50 47 0
0 50 0 120
0 62 46 0
0 62 0 120
0 53 47 0
0 53 0 120
0 62 40 0
0 62 0 120
0 56 31 0
0 56 0 120
0 62 26 0
0 62 0 120
0 48 33 0
0 48 0 120
0 62 24 0
0 62 0 120
0 56 28 0
0 56 0 120
0 62 23 0
0 62 0 120
0 57 27 0
0 57 0 120
0 59 26 0
0 59 0 120
0 60 25 0
0 60 0 120
0 64 20 0
0 64 0 120
0 62 24 0
0 62 0 120
0 60 21 0
0 60 0 120
0 59 22 0
0 59 0 120
0 64 21 0
0 64 0 120
0 57 24 0
0 57 0 120
0 64 21 0
0 64 0 120
0 57 23 0
0 57 0 120
0 64 22 0
0 64 0 120
0 56 24 0
0 56 0 120
0 64 22 0
0 64 0 120
0 52 40 0
0 52 0 120
0 64 32 0
0 64 0 120
0 57 37 0
0 57 0 120
0 53 31 0
0 53 0 120
0 52 37 0
0 52 0 120
0 51 31 0
0 51 0 120
0 52 40 0
0 52 0 120
0 62 42 0
0 62 0 120
0 59 39 0
0 59 0 120
0 56 37 0
0 56 0 120
0 52 37 0
0 52 0 120
0 50 37 0
0 50 0 120
0 48 34 0
0 48 0 120
0 57 26 0
0 57 0 120
0 64 34 0
0 64 0 120
0 57 30 0
0 57 0 120
0 48 34 0
0 48 0 120
0 57 30 0
0 57 0 120
0 50 34 0
0 50 0 120
0 57 30 0
0 57 0 120
0 65 38 0
0 65 0 120
0 57 31 0
0 57 0 120
0 50 37 0
0 50 0 120
0 57 44 0
0 57 0 120
0 52 48 0
0 52 0 120
0 55 37 0
0 55 0 120
0 67 43 0
0 67 0 120
0 55 31 0
0 55 0 120
0 52 38 0
0 52 0 120
0 55 32 0
0 55 0 120
0 53 37 0
0 53 0 120
0 60 31 0
0 60 0 120
0 65 37 0
0 65 0 120
0 60 29 0
0 60 0 120
0 59 33 0
0 59 0 120
0 53 29 0
0 53 0 120
0 60 34 0
0 60 0 120
0 53 26 0
0 53 0 120
0 57 34 0
0 57 0 120
0 53 30 0
0 53 0 120
0 59 34 0
0 59 0 120
0 53 30 0
0 53 0 120
0 60 34 0
0 52 34 0
0 60 0 120
0 64 30 0
0 64 0 120
0 60 31 0
0 60 0 120
0 64 27 0
0 64 0 120
0 57 31 0
0 57 0 120
0 64 29 0
0 64 0 120
0 52 0 0
0 59 34 0
0 52 34 0
0 59 0 120
0 64 27 0
0 64 0 120
0 59 34 0
0 59 0 120
0 64 31 0
0 64 0 120
0 62 34 0
0 62 0 120
0 64 27 0
0 64 0 120
0 52 0 0
0 60 34 0
0 60 0 120
0 64 29 0
0 64 0 120
0 69 34 0
0 69 0 120
0 67 30 0
0 67 0 120
0 65 37 0
0 65 0 120
0 57 37 0
0 57 0 120
0 64 45 0
0 64 0 120
0 57 31 0
0 57 0 120
0 62 34 0
0 62 0 120
0 57 30 0
0 57 0 120
0 61 34 0
0 61 0 120
0 57 30 0
0 57 0 120
0 60 43 0
0 50 43 0
0 50 0 120
0 60 0 0
0 57 30 0
0 57 0 120
0 62 38 0
0 62 0 120
0 60 31 0
0 60 0 120
0 59 37 0
0 59 0 120
0 55 37 0
0 55 0 120
0 59 45 0
0 59 0 120
0 55 31 0
0 55 0 120
0 60 34 0
0 60 0 120
0 55 30 0
0 55 0 120
0 59 34 0
0 59 0 120
0 53 30 0
0 53 0 120
0 52 43 0
0 52 0 120
0 55 30 0
0 55 0 120
0 60 38 0
0 60 0 120
0 64 31 0
0 64 0 120
0 60 31 0
0 60 0 120
0 59 29 0
0 59 0 120
0 57 35 0
0 57 0 120
0 56 31 0
0 56 0 120
0 57 31 0
0 57 0 120
0 53 26 0
0 53 0 120
0 59 31 0
0 59 0 120
0 53 27 0
0 53 0 120
0 52 28 0
0 60 33 0
0 60 0 120
0 64 26 0
0 64 0 120
0 60 29 0
0 60 0 120
0 64 26 0
0 64 0 120
0 57 29 0
0 57 0 120
0 64 27 0
0 64 0 120
0 52 0 0
0 52 28 0
0 59 33 0
0 59 0 120
0 64 26 0
0 64 0 120
0 59 29 0
0 59 0 120
0 64 26 0
0 64 0 120
0 62 29 0
0 62 0 120
0 64 27 0
0 64 0 120
0 52 0 0
0 60 33 0
0 60 0 120
0 52 26 0
0 52 0 120
0 60 29 0
0 60 0 120
0 52 26 0
0 52 0 120
0 62 29 0
0 62 0 120
0 60 27 0
0 60 0 120
0 62 33 0
0 62 0 120
0 52 26 0
0 52 0 120
0 62 29 0
0 62 0 120
0 52 26 0
0 52 0 120
0 60 29 0
0 60 0 120
0 59 27 0
0 59 0 120
0 60 33 0
0 60 0 120
0 52 26 0
0 52 0 120
0 60 29 0
0 60 0 120
0 52 26 0
0 52 0 120
0 60 29 0
0 60 0 120
0 52 27 0
0 52 0 120
0 60 33 0
0 60 0 120
0 52 26 0
0 52 0 120
0 60 29 0
0 60 0 120
0 52 26 0
0 52 0 120
0 60 29 0
0 60 0 120
0 52 27 0
0 52 0 120
0 60 32 0
0 60 0 120
0 53 25 0
0 53 0 120
0 60 28 0
0 60 0 120
0 53 24 0
0 53 0 120
0 60 27 0
0 60 0 120
0 53 25 0
0 53 0 120
0 59 30 0
0 59 0 120
0 53 23 0
0 53 0 120
0 52 26 0
0 52 0 120
0 57 23 0
0 57 0 120
0 50 25 0
0 50 0 120
0 53 23 0
0 53 0 120
0 40 27 0
0 52 22 120
0 52 0 120
0 48 24 0
0 48 0 120
0 52 21 0
0 52 0 120
0 48 24 0
0 48 0 120
0 52 22 0
0 52 0 120
0 48 26 0
0 48 0 120
0 52 20 0
0 52 0 120
0 57 22 0
0 57 0 120
0 52 20 0
0 52 0 120
0 50 22 0
0 50 0 120
0 52 20 0
0 52 0 120
0 40 0 0
0 45 25 0
0 48 26 0
0 48 0 120
0 52 20 0
0 52 0 120
0 45 0 240
0 33 25 240
0 45 25 0
0 45 0 480
0 33 0 0
0 33 25 240
0 45 25 0
0 45 0 480
0 33 0 0
0 33 20 240
0 45 25 0
0 45 0 180
0 33 0 0
0 33 20 60
0 45 25 0
0 45 0 180
0 33 0 0
0 33 20 60
0 45 25 0
0 45 0 180
0 33 0 0
0 33 26 60
0 33 0 120
0 40 20 0
0 40 0 120
0 45 22 0
0 45 0 120
0 44 20 0
0 44 0 120
0 45 22 0
0 45 0 120
0 40 20 0
0 40 0 120
0 41 26 0
0 41 0 120
0 38 20 0
0 38 0 120
0 45 22 0
0 45 0 120
0 44 20 0
0 44 0 120
0 45 22 0
0 45 0 120
0 41 20 0
0 41 0 120
0 40 26 0
0 40 0 120
0 37 20 0
0 37 0 120
0 45 22 0
0 44 20 113
0 45 0 7
0 44 0 113
0 45 22 7
0 45 0 120
0 40 20 0
0 40 0 120
0 38 28 0
0 38 0 120
0 45 23 0
0 45 0 120
0 40 26 0
0 40 0 120
0 45 25 0
0 45 0 120
0 41 33 0
0 41 0 120
0 45 42 0
0 45 0 120
0 43 47 0
0 43 0 120
0 33 41 0
0 33 0 120
0 43 43 0
0 43 0 120
0 33 38 0
0 33 0 120
0 43 43 0
0 43 0 120
0 33 38 0
0 33 0 120
0 43 48 0
0 43 0 120
0 33 30 0
0 33 0 120
0 43 38 0
0 43 0 120
0 33 26 0
0 33 0 120
0 43 33 0
0 43 0 120
0 33 26 0
0 33 0 120
0 41 26 0
0 41 0 120
0 33 20 0
0 33 0 120
0 40 22 0
0 40 0 120
0 33 20 0
0 33 0 120
0 38 22 0
0 38 0 120
0 33 20 0
0 33 0 120
0 40 28 0
0 40 0 120
0 33 23 0
0 33 0 120
0 38 26 0
0 38 0 120
0 33 25 0
0 33 0 120
0 36 33 0
0 36 0 120
0 33 42 0
0 33 0 120
0 35 47 0
0 35 0 120
0 33 41 0
0 33 0 120
0 35 43 0
0 35 0 120
0 33 38 0
0 33 0 120
0 35 43 0
0 35 0 120
0 33 38 0
0 33 0 120
0 35 48 0
0 35 0 120
0 33 30 0
0 33 0 120
0 35 38 0
0 35 0 120
0 38 41 0
0 38 0 120
0 41 47 0
0 41 0 120
0 38 26 0
0 38 0 120
0 35 48 0
0 35 0 120
0 33 30 0
0 33 0 120
0 35 38 0
0 35 0 120
0 38 43 0
0 38 0 120
0 41 50 0
0 41 0 120
0 38 26 0
0 38 0 120
0 33 30 0
0 33 0 180
0 33 21 60
0 33 0 180
0 33 21 60
0 33 0 180
0 33 27 60
0 33 0 180
0 33 21 60
0 33 0 180
0 33 20 60
0 33 0 180
0 33 21 60
0 33 0 240
0 45 18 240
0 33 18 0
0 33 0 60
0 45 0 0
0 33 21 180
0 45 21 0
0 45 0 60
0 33 0 0
0 45 17 420
0 33 17 0
0 33 0 60
0 45 0 0
0 33 21 180
0 45 21 0
0 45 0 60
0 33 0 0
