0 64 70 720
0 64 0 960
0 61 69 0
0 61 0 120
0 64 72 0
0 64 0 120
0 69 75 0
0 69 0 120
0 73 77 0
0 73 0 120
0 76 85 0
0 76 0 960
0 73 73 0
0 73 0 120
0 76 77 0
0 76 0 120
0 81 80 0
0 81 0 120
0 85 81 0
0 85 0 120
0 88 87 0
0 83 79 240
0 76 67 0
0 76 0 60
0 83 0 0
0 83 70 180
0 76 59 0
0 76 0 60
0 83 0 0
0 88 0 180
0 88 81 0
0 85 81 0
0 81 68 0
0 81 0 240
0 85 0 0
0 76 59 0
0 83 70 0
0 83 0 60
0 76 0 0
0 76 59 180
0 83 70 0
0 83 0 60
0 76 0 0
0 88 0 180
0 88 76 0
0 85 76 0
0 81 64 0
0 81 0 240
0 85 0 0
0 76 59 0
0 83 70 0
0 83 0 60
0 76 0 0
0 76 59 180
0 83 70 0
0 83 0 60
0 76 0 0
0 88 0 180
0 88 83 0
0 81 71 0
0 81 0 480
0 88 0 0
0 64 59 600
0 69 70 0
0 69 0 108
0 64 0 0
0 69 68 12
0 64 57 0
0 64 0 180
0 69 0 0
0 64 59 60
0 69 70 0
0 69 0 240
0 64 0 0
0 71 69 0
0 68 58 0
0 68 0 240
0 71 0 0
0 73 69 0
0 69 69 0
0 64 58 0
0 64 0 120
0 69 0 0
0 73 0 0
0 73 73 120
0 69 73 0
0 64 62 0
0 64 0 480
0 69 0 0
0 73 0 0
0 73 65 0
0 69 55 0
0 69 0 180
0 73 0 0
0 69 59 60
0 73 70 0
0 73 0 240
0 69 0 0
0 74 66 0
0 71 56 0
0 71 0 240
0 74 0 0
0 76 64 0
0 73 54 0
0 69 54 0
0 69 0 120
0 73 0 0
0 76 0 0
0 76 78 120
0 73 66 0
0 69 66 0
0 69 0 360
0 73 0 0
0 76 0 0
0 74 59 0
0 78 70 0
0 78 0 108
0 74 0 0
0 74 62 12
0 78 73 0
0 78 0 180
0 74 0 0
0 81 80 60
0 78 68 0
0 69 68 0
0 69 0 360
0 78 0 0
0 81 0 0
0 78 61 0
0 81 72 0
0 81 0 108
0 78 0 0
0 81 72 12
0 78 61 0
0 78 0 180
0 81 0 0
0 69 66 60
0 78 66 0
0 81 78 0
0 81 0 240
0 78 0 0
0 69 0 0
0 80 66 0
0 76 56 0
0 76 0 240
0 80 0 0
0 78 66 0
0 74 56 0
0 74 0 120
0 78 0 0
0 78 76 120
0 74 64 0
0 69 64 0
0 69 0 720
0 74 0 0
0 78 0 0
0 76 66 0
0 73 56 0
0 73 0 240
0 76 0 0
0 64 59 120
0 69 70 0
0 69 0 108
0 64 0 0
0 69 68 12
0 64 57 0
0 64 0 180
0 69 0 0
0 64 59 60
0 69 70 0
0 69 0 240
0 64 0 0
0 71 69 0
0 68 58 0
0 68 0 240
0 71 0 0
0 73 69 0
0 69 69 0
0 64 58 0
0 64 0 120
0 69 0 0
0 73 0 0
0 73 73 120
0 69 73 0
0 64 62 0
0 64 0 480
0 69 0 0
0 73 0 0
0 73 65 0
0 69 55 0
0 69 0 180
0 73 0 0
0 69 59 60
0 73 70 0
0 73 0 240
0 69 0 0
0 74 66 0
0 71 56 0
0 71 0 240
0 74 0 0
0 76 64 0
0 73 54 0
0 69 54 0
0 69 0 120
0 73 0 0
0 76 0 0
0 76 78 120
0 73 66 0
0 69 66 0
0 69 0 360
0 73 0 0
0 76 0 0
0 73 44 0
0 78 52 0
0 78 0 108
0 73 0 0
0 73 46 12
0 78 54 0
0 78 0 180
0 73 0 0
0 81 60 60
0 73 51 0
0 73 0 360
0 81 0 0
0 73 45 0
0 81 54 0
0 81 0 108
0 73 0 0
0 81 54 12
0 73 45 0
0 73 0 180
0 81 0 0
0 73 51 60
0 81 60 0
0 81 0 240
0 80 60 0
0 80 0 240
0 78 60 0
0 78 0 240
0 85 60 0
0 85 0 240
0 81 60 0
0 81 0 240
0 80 55 0
0 80 0 240
0 78 55 0
0 78 0 360
0 73 0 0
0 73 45 0
0 78 54 0
0 78 0 108
0 73 0 0
0 78 54 12
0 73 45 0
0 73 0 180
0 78 0 0
0 73 51 60
0 81 60 0
0 81 0 360
0 81 54 0
0 81 0 108
0 81 54 12
0 81 0 180
0 81 60 60
0 81 0 240
0 80 60 0
0 80 0 240
0 78 60 0
0 78 0 240
0 85 60 0
0 85 0 240
0 81 60 0
0 81 0 240
0 80 55 0
0 80 0 240
0 78 55 0
0 78 0 240
0 73 0 0
0 83 83 0
0 71 70 0
0 71 0 120
0 83 0 0
0 71 66 120
0 83 78 0
0 83 0 120
0 71 0 0
0 71 74 120
0 83 88 0
0 83 0 720
0 71 0 0
0 71 71 0
0 83 84 0
0 83 0 720
0 71 0 0
0 71 86 0
0 83 86 0
0 71 0 360
0 71 71 0
0 71 0 108
0 71 71 12
0 71 0 120
0 71 85 120
0 71 0 240
0 83 0 0
0 76 58 0
0 71 49 0
0 71 0 120
0 76 0 0
0 71 45 120
0 76 53 0
0 76 0 120
0 71 0 0
0 76 62 120
0 71 52 0
0 71 0 240
0 76 0 0
0 75 45 0
0 78 53 0
0 78 0 240
0 75 0 0
0 80 49 0
0 76 41 0
0 76 0 120
0 80 0 0
0 80 53 120
0 76 45 0
0 76 0 480
0 80 0 0
0 80 55 0
0 76 46 0
0 76 0 120
0 80 0 0
0 80 78 120
0 76 66 0
0 76 0 240
0 80 0 0
0 85 68 0
0 85 0 240
0 88 71 0
0 88 0 120
0 88 79 120
0 88 0 360
0 76 72 0
0 73 61 0
0 73 0 108
0 76 0 0
0 76 75 12
0 73 63 0
0 73 0 120
0 76 0 0
0 76 81 120
0 71 69 0
0 71 0 240
0 76 0 0
0 75 59 0
0 78 70 0
0 78 0 240
0 75 0 0
0 80 66 0
0 76 55 0
0 76 0 120
0 80 0 0
0 80 72 120
0 76 61 0
0 76 0 480
0 80 0 0
0 80 77 0
0 76 63 0
0 76 0 120
0 80 0 0
0 80 96 120
0 76 82 0
0 76 0 240
0 80 0 0
0 85 85 0
0 85 0 240
0 88 91 0
0 88 0 120
0 88 102 120
0 88 0 360
0 76 83 0
0 73 70 0
0 73 0 108
0 76 0 0
0 76 86 12
0 73 73 0
0 73 0 120
0 76 0 0
0 76 83 120
0 71 70 0
0 71 0 360
0 76 0 0
0 78 88 0
0 78 0 120
0 80 81 0
0 80 0 120
0 80 97 120
0 76 82 0
0 76 0 240
0 80 0 0
0 83 85 0
0 83 0 240
0 88 90 0
0 88 0 120
0 81 95 120
0 76 95 0
0 88 112 0
0 88 0 960
0 76 0 0
0 81 0 0
0 87 78 0
0 87 0 120
0 85 72 120
0 85 0 120
0 83 80 120
0 83 0 120
0 81 68 120
0 81 0 120
0 80 61 120
0 80 0 120
0 81 72 120
0 81 0 120
0 78 62 120
0 78 0 120
0 75 62 120
0 75 0 120
0 95 81 120
0 83 68 0
0 83 0 960
0 95 0 0
0 81 59 0
0 93 70 0
0 93 0 120
0 81 0 0
0 80 59 120
0 92 70 0
0 92 0 120
0 80 0 0
0 90 79 120
0 78 67 0
0 78 0 120
0 90 0 0
0 76 59 120
0 88 70 0
0 88 0 120
0 76 0 0
0 75 59 120
0 87 70 0
0 87 0 120
0 75 0 0
0 85 76 120
0 73 64 0
0 73 0 120
0 85 0 0
0 71 59 120
0 83 70 0
0 83 0 120
0 71 0 0
0 70 59 120
0 82 70 0
0 82 0 120
0 70 0 0
0 80 78 120
0 68 66 0
0 68 0 120
0 80 0 0
0 78 64 120
0 66 54 0
0 66 0 120
0 78 0 0
0 76 64 120
0 64 54 0
0 64 0 120
0 76 0 0
0 75 70 120
0 63 59 0
0 63 0 120
0 75 0 0
0 76 61 120
0 64 51 0
0 64 0 120
0 76 0 0
0 73 61 120
0 61 51 0
0 61 0 120
0 73 0 0
0 71 69 120
0 59 58 0
0 59 0 120
0 71 0 0
0 76 53 120
0 64 45 0
0 64 0 120
0 76 0 0
0 68 53 120
0 64 45 0
0 64 0 120
0 68 0 0
0 71 62 120
0 63 52 0
0 63 0 120
0 71 0 0
0 69 45 120
0 63 38 0
0 63 0 120
0 69 0 0
0 66 45 120
0 63 38 0
0 63 0 120
0 66 0 0
0 64 57 120
0 64 0 240
0 64 59 840
0 69 70 0
0 69 0 108
0 64 0 0
0 69 68 12
0 64 57 0
0 64 0 180
0 69 0 0
0 64 59 60
0 69 70 0
0 69 0 240
0 64 0 0
0 71 69 0
0 68 58 0
0 68 0 240
0 71 0 0
0 73 69 0
0 69 69 0
0 64 58 0
0 64 0 120
0 69 0 0
0 73 0 0
0 73 73 120
0 69 73 0
0 64 62 0
0 64 0 480
0 69 0 0
0 73 0 0
0 73 65 0
0 69 55 0
0 69 0 180
0 73 0 0
0 69 59 60
0 73 70 0
0 73 0 240
0 69 0 0
0 74 66 0
0 71 56 0
0 71 0 240
0 74 0 0
0 76 64 0
0 73 54 0
0 69 54 0
0 69 0 120
0 73 0 0
0 76 0 0
0 76 78 120
0 73 66 0
0 69 66 0
0 69 0 360
0 73 0 0
0 76 0 0
0 74 59 0
0 78 70 0
0 78 0 108
0 74 0 0
0 74 62 12
0 78 73 0
0 78 0 180
0 74 0 0
0 81 80 60
0 78 68 0
0 69 68 0
0 69 0 360
0 78 0 0
0 81 0 0
0 78 61 0
0 81 72 0
0 81 0 108
0 78 0 0
0 81 72 12
0 78 61 0
0 78 0 180
0 81 0 0
0 69 66 60
0 78 66 0
0 81 78 0
0 81 0 240
0 78 0 0
0 69 0 0
0 80 66 0
0 76 56 0
0 76 0 240
0 80 0 0
0 78 66 0
0 74 56 0
0 74 0 120
0 78 0 0
0 78 76 120
0 74 64 0
0 69 64 0
0 69 0 720
0 74 0 0
0 78 0 0
0 76 66 0
0 73 56 0
0 73 0 240
0 76 0 0
0 64 59 120
0 69 70 0
0 69 0 108
0 64 0 0
0 69 68 12
0 64 57 0
0 64 0 180
0 69 0 0
0 64 59 60
0 69 70 0
0 69 0 240
0 64 0 0
0 71 69 0
0 68 58 0
0 68 0 240
0 71 0 0
0 73 69 0
0 69 69 0
0 64 58 0
0 64 0 120
0 69 0 0
0 73 0 0
0 73 73 120
0 69 73 0
0 64 62 0
0 64 0 480
0 69 0 0
0 73 0 0
0 73 65 0
0 69 55 0
0 69 0 180
0 73 0 0
0 69 59 60
0 73 70 0
0 73 0 240
0 69 0 0
0 74 66 0
0 71 56 0
0 71 0 240
0 74 0 0
0 76 64 0
0 73 54 0
0 69 54 0
0 69 0 120
0 73 0 0
0 76 0 0
0 76 78 120
0 73 66 0
0 69 66 0
0 69 0 360
0 73 0 0
0 76 0 0
0 73 44 0
0 78 52 0
0 78 0 108
0 73 0 0
0 73 46 12
0 78 54 0
0 78 0 180
0 73 0 0
0 81 60 60
0 73 51 0
0 73 0 360
0 81 0 0
0 73 45 0
0 81 54 0
0 81 0 108
0 73 0 0
0 81 54 12
0 73 45 0
0 73 0 180
0 81 0 0
0 73 51 60
0 81 60 0
0 81 0 240
0 80 60 0
0 80 0 240
0 78 60 0
0 78 0 240
0 85 60 0
0 85 0 240
0 81 60 0
0 81 0 240
0 80 55 0
0 80 0 240
0 78 55 0
0 78 0 360
0 73 0 0
0 73 45 0
0 78 54 0
0 78 0 108
0 73 0 0
0 78 54 12
0 73 45 0
0 73 0 180
0 78 0 0
0 73 51 60
0 81 60 0
0 81 0 360
0 81 54 0
0 81 0 108
0 81 54 12
0 81 0 180
0 81 60 60
0 81 0 240
0 80 60 0
0 80 0 240
0 78 60 0
0 78 0 240
0 85 60 0
0 85 0 240
0 81 60 0
0 81 0 240
0 80 55 0
0 80 0 240
0 78 55 0
0 78 0 240
0 73 0 0
0 83 83 0
0 71 70 0
0 71 0 120
0 83 0 0
0 71 66 120
0 83 78 0
0 83 0 120
0 71 0 0
0 71 74 120
0 83 88 0
0 83 0 720
0 71 0 0
0 71 71 0
0 83 84 0
0 83 0 720
0 71 0 0
0 71 86 0
0 83 86 0
0 71 0 360
0 71 71 0
0 71 0 108
0 71 71 12
0 71 0 120
0 71 85 120
0 71 0 240
0 83 0 0
0 76 58 0
0 71 49 0
0 71 0 120
0 76 0 0
0 71 45 120
0 76 53 0
0 76 0 120
0 71 0 0
0 76 62 120
0 71 52 0
0 71 0 240
0 76 0 0
0 75 45 0
0 78 53 0
0 78 0 240
0 75 0 0
0 80 49 0
0 76 41 0
0 76 0 120
0 80 0 0
0 80 53 120
0 76 45 0
0 76 0 480
0 80 0 0
0 80 55 0
0 76 46 0
0 76 0 120
0 80 0 0
0 80 78 120
0 76 66 0
0 76 0 240
0 80 0 0
0 85 68 0
0 85 0 240
0 88 71 0
0 88 0 120
0 88 79 120
0 88 0 360
0 76 72 0
0 73 61 0
0 73 0 108
0 76 0 0
0 76 75 12
0 73 63 0
0 73 0 120
0 76 0 0
0 76 81 120
0 71 69 0
0 71 0 240
0 76 0 0
0 75 59 0
0 78 70 0
0 78 0 240
0 75 0 0
0 80 66 0
0 76 55 0
0 76 0 120
0 80 0 0
0 80 72 120
0 76 61 0
0 76 0 480
0 80 0 0
0 80 77 0
0 76 63 0
0 76 0 120
0 80 0 0
0 80 96 120
0 76 82 0
0 76 0 240
0 80 0 0
0 85 85 0
0 85 0 240
0 88 91 0
0 88 0 120
0 88 102 120
0 88 0 360
0 76 83 0
0 73 70 0
0 73 0 108
0 76 0 0
0 76 86 12
0 73 73 0
0 73 0 120
0 76 0 0
0 76 83 120
0 71 70 0
0 71 0 360
0 76 0 0
0 78 88 0
0 78 0 120
0 80 81 0
0 80 0 120
0 80 97 120
0 76 82 0
0 76 0 240
0 80 0 0
0 83 85 0
0 83 0 240
0 88 90 0
0 88 0 120
0 81 95 120
0 76 95 0
0 88 112 0
0 88 0 960
0 76 0 0
0 81 0 0
0 87 78 0
0 87 0 120
0 85 72 120
0 85 0 120
0 83 80 120
0 83 0 120
0 81 68 120
0 81 0 120
0 80 61 120
0 80 0 120
0 81 72 120
0 81 0 120
0 78 62 120
0 78 0 120
0 75 62 120
0 75 0 120
0 95 81 120
0 83 68 0
0 83 0 960
0 95 0 0
0 81 59 0
0 93 70 0
0 93 0 120
0 81 0 0
0 80 59 120
0 92 70 0
0 92 0 120
0 80 0 0
0 90 79 120
0 78 67 0
0 78 0 120
0 90 0 0
0 76 59 120
0 88 70 0
0 88 0 120
0 76 0 0
0 75 59 120
0 87 70 0
0 87 0 120
0 75 0 0
0 85 76 120
0 73 64 0
0 73 0 120
0 85 0 0
0 71 59 120
0 83 70 0
0 83 0 120
0 71 0 0
0 70 59 120
0 82 70 0
0 82 0 120
0 70 0 0
0 80 78 120
0 68 66 0
0 68 0 120
0 80 0 0
0 78 64 120
0 66 54 0
0 66 0 120
0 78 0 0
0 76 64 120
0 64 54 0
0 64 0 120
0 76 0 0
0 75 70 120
0 63 59 0
0 63 0 120
0 75 0 0
0 76 61 120
0 64 51 0
0 64 0 120
0 76 0 0
0 73 61 120
0 61 51 0
0 61 0 120
0 73 0 0
0 71 69 120
0 59 58 0
0 59 0 120
0 71 0 0
0 76 53 120
0 64 45 0
0 64 0 120
0 76 0 0
0 68 53 120
0 64 45 0
0 64 0 120
0 68 0 0
0 71 62 120
0 63 52 0
0 63 0 120
0 71 0 0
0 69 45 120
0 63 38 0
0 63 0 120
0 69 0 0
0 66 45 120
0 63 38 0
0 63 0 120
0 66 0 0
0 64 57 120
0 64 0 240
0 68 70 480
0 80 83 0
0 80 0 713
0 68 0 0
0 68 74 7
0 80 88 0
0 80 0 713
0 68 0 0
0 68 71 7
0 80 84 0
0 68 0 230
0 80 0 483
0 80 78 7
0 68 66 0
0 68 0 240
0 80 0 0
0 69 63 0
0 81 75 0
0 81 0 240
0 69 0 0
0 68 61 0
0 80 72 0
0 80 0 120
0 68 0 0
0 68 66 120
0 80 78 0
0 80 0 120
0 68 0 0
0 68 59 120
0 80 70 0
0 80 0 120
0 68 0 0
0 68 59 120
0 80 70 0
0 80 0 120
0 68 0 0
0 68 74 120
0 80 88 0
0 80 0 713
0 68 0 0
0 68 71 7
0 80 84 0
0 68 0 230
0 80 0 483
0 68 74 7
0 80 88 0
0 80 0 713
0 68 0 0
0 80 85 247
0 73 72 0
0 73 0 120
0 80 0 0
0 73 64 120
0 80 77 0
0 80 0 120
0 73 0 0
0 80 85 120
0 73 72 0
0 73 0 240
0 80 0 0
0 69 69 0
0 78 82 0
0 78 0 240
0 69 0 0
0 73 67 0
0 80 79 0
0 80 0 120
0 73 0 0
0 81 85 120
0 78 72 0
0 78 0 240
0 81 0 0
0 85 81 0
0 85 0 240
0 73 68 0
0 80 81 0
0 80 0 120
0 73 0 0
0 73 72 120
0 80 85 0
0 80 0 480
0 73 0 0
0 80 85 480
0 73 72 0
0 73 0 120
0 80 0 0
0 73 64 120
0 80 77 0
0 80 0 120
0 73 0 0
0 80 85 120
0 73 72 0
0 73 0 240
0 80 0 0
0 69 69 0
0 78 82 0
0 78 0 240
0 69 0 0
0 73 67 0
0 80 79 0
0 80 0 120
0 73 0 0
0 81 85 120
0 78 72 0
0 78 0 240
0 81 0 0
0 85 81 0
0 85 0 240
0 73 68 0
0 80 81 0
0 80 0 120
0 73 0 0
0 80 85 120
0 73 72 0
0 73 0 713
0 80 0 0
0 69 72 7
0 81 85 0
0 81 0 713
0 69 0 0
0 69 72 7
0 81 85 0
0 81 0 713
0 69 0 0
0 68 72 7
0 80 85 0
0 80 0 713
0 68 0 0
0 66 72 7
0 78 85 0
0 78 0 713
0 66 0 0
0 64 72 7
0 76 85 0
0 76 0 713
0 64 0 0
0 57 72 7
0 69 85 0
0 69 0 713
0 57 0 0
0 56 72 7
0 68 85 0
0 68 0 713
0 56 0 0
0 54 72 7
0 66 85 0
0 66 0 713
0 54 0 0
0 64 90 7
0 64 0 240
0 73 80 0
0 61 68 0
0 61 0 120
0 73 0 0
0 73 80 120
0 61 68 0
0 61 0 120
0 73 0 0
0 63 72 120
0 75 85 0
0 75 0 120
0 63 0 0
0 76 80 120
0 64 68 0
0 64 0 120
0 76 0 0
0 78 80 120
0 66 68 0
0 66 0 120
0 78 0 0
0 63 72 120
0 75 85 0
0 75 0 120
0 63 0 0
0 76 81 120
0 64 68 0
0 64 0 120
0 76 0 0
0 78 81 120
0 66 68 0
0 66 0 120
0 78 0 0
0 68 72 120
0 80 85 0
0 80 0 120
0 68 0 0
0 81 79 120
0 69 66 0
0 69 0 120
0 81 0 0
0 83 76 120
0 71 64 0
0 71 0 120
0 83 0 0
0 69 66 120
0 81 79 0
0 81 0 120
0 69 0 0
0 83 72 120
0 71 61 0
0 71 0 120
0 83 0 0
0 85 70 120
0 73 59 0
0 73 0 120
0 85 0 0
0 76 72 120
0 80 72 0
0 76 0 240
0 75 67 0
0 75 0 240
0 73 67 0
0 73 0 240
0 80 0 0
0 75 72 0
0 80 72 0
0 75 0 240
0 72 68 0
0 72 0 240
0 68 68 0
0 68 0 240
0 80 0 0
0 73 80 0
0 73 0 120
0 80 80 120
0 77 68 0
0 73 68 0
0 73 0 120
0 77 0 0
0 80 0 0
0 80 88 120
0 77 74 0
0 73 74 0
0 73 0 120
0 77 0 0
0 80 0 0
0 81 95 120
0 78 80 0
0 78 0 720
0 81 0 0
0 73 80 0
0 73 0 120
0 80 80 120
0 77 68 0
0 73 68 0
0 73 0 120
0 77 0 0
0 80 0 0
0 80 88 120
0 77 74 0
0 73 74 0
0 73 0 120
0 77 0 0
0 80 0 0
0 81 95 120
0 78 80 0
0 78 0 720
0 81 0 0
0 85 105 0
0 80 89 0
0 77 89 0
0 73 89 0
0 73 0 480
0 85 0 0
0 80 0 0
0 77 0 0
0 73 76 0
0 85 90 0
0 85 0 180
0 73 0 0
0 73 80 60
0 85 95 0
0 85 0 180
0 73 0 0
0 85 88 60
0 73 74 0
0 73 0 180
0 85 0 0
0 85 89 60
0 73 75 0
0 73 0 180
0 85 0 0
0 85 105 60
0 73 89 0
0 73 0 480
0 85 0 0
0 73 76 0
0 85 90 0
0 85 0 180
0 73 0 0
0 73 80 60
0 85 95 0
0 85 0 180
0 73 0 0
0 85 88 60
0 73 74 0
0 73 0 180
0 85 0 0
0 85 89 60
0 73 75 0
0 73 0 180
0 85 0 0
0 88 105 60
0 85 89 0
0 80 89 0
0 76 89 0
0 76 0 480
0 88 0 0
0 85 0 0
0 80 0 0
0 76 76 0
0 88 90 0
0 88 0 180
0 76 0 0
0 76 80 60
0 88 95 0
0 88 0 180
0 76 0 0
0 88 88 60
0 76 74 0
0 76 0 180
0 88 0 0
0 88 89 60
0 76 75 0
0 76 0 180
0 88 0 0
0 88 105 60
0 76 89 0
0 76 0 480
0 88 0 0
0 76 72 0
0 88 85 0
0 88 0 180
0 76 0 0
0 76 76 60
0 88 90 0
0 88 0 180
0 76 0 0
0 88 70 60
0 76 59 0
0 76 0 180
0 88 0 0
0 88 71 60
0 76 60 0
0 76 0 180
0 88 0 0
0 88 76 60
0 76 64 0
0 76 0 180
0 88 0 0
0 88 70 60
0 76 59 0
0 76 0 180
0 88 0 0
0 76 60 60
0 88 71 0
0 88 0 180
0 76 0 0
0 88 76 60
0 76 64 0
0 76 0 180
0 88 0 0
0 88 70 60
0 76 59 0
0 76 0 180
0 88 0 0
0 88 71 60
0 76 60 0
0 76 0 180
0 88 0 0
0 88 76 60
0 76 64 0
0 76 0 180
0 88 0 0
0 88 70 60
0 76 59 0
0 76 0 180
0 88 0 0
0 76 60 60
0 88 71 0
0 88 0 180
0 76 0 0
0 88 76 60
0 76 64 0
0 76 0 180
0 88 0 0
0 90 66 60
0 78 56 0
0 78 0 180
0 90 0 0
0 90 64 60
0 78 53 0
0 78 0 180
0 90 0 0
0 93 68 60
0 81 57 0
0 81 0 180
0 93 0 0
0 81 52 60
0 93 62 0
0 93 0 180
0 81 0 0
0 81 53 60
0 93 63 0
0 93 0 180
0 81 0 0
0 93 67 60
0 81 47 0
0 81 0 180
0 93 0 0
0 93 63 60
0 81 54 0
0 81 0 180
0 93 0 0
0 81 52 60
0 93 62 0
0 93 0 180
0 81 0 0
0 93 61 60
0 81 51 0
0 81 0 240
0 93 0 0
0 64 59 840
0 69 70 0
0 69 0 108
0 64 0 0
0 69 68 12
0 64 57 0
0 64 0 180
0 69 0 0
0 64 59 60
0 69 70 0
0 69 0 240
0 64 0 0
0 71 69 0
0 68 58 0
0 68 0 240
0 71 0 0
0 73 69 0
0 69 69 0
0 64 58 0
0 64 0 120
0 69 0 0
0 73 0 0
0 73 73 120
0 69 73 0
0 64 62 0
0 64 0 480
0 69 0 0
0 73 0 0
0 73 65 0
0 69 55 0
0 69 0 180
0 73 0 0
0 69 59 60
0 73 70 0
0 73 0 240
0 69 0 0
0 74 66 0
0 71 56 0
0 71 0 240
0 74 0 0
0 76 64 0
0 73 54 0
0 73 0 120
0 76 0 0
0 76 54 120
0 73 54 0
0 73 0 240
0 76 0 0
0 74 50 0
0 74 0 240
0 73 43 0
0 73 0 240
0 69 49 0
0 71 55 0
0 71 0 360
0 69 0 0
0 71 45 0
0 69 45 0
0 69 0 108
0 71 0 0
0 71 45 12
0 69 45 0
0 69 0 180
0 71 0 0
0 69 49 60
0 74 54 0
0 74 0 240
0 73 50 0
0 73 0 240
0 71 43 0
0 71 0 240
0 78 54 0
0 78 0 240
0 74 50 0
0 74 0 240
0 73 50 0
0 73 0 240
0 71 55 0
0 71 0 360
0 69 0 0
0 71 45 0
0 69 45 0
0 69 0 108
0 71 0 0
0 71 45 12
0 69 45 0
0 69 0 180
0 71 0 0
0 69 49 60
0 71 55 0
0 71 0 360
0 71 45 0
0 71 0 108
0 71 45 12
0 71 0 180
0 74 54 60
0 74 0 240
0 73 50 0
0 73 0 240
0 71 43 0
0 71 0 240
0 78 54 0
0 78 0 240
0 74 50 0
0 74 0 240
0 73 50 0
0 73 0 240
0 71 55 0
0 71 0 233
0 69 0 7
0 71 45 0
0 69 45 0
0 71 0 220
0 69 0 8
0 71 45 12
0 69 45 0
0 69 0 180
0 71 0 0
0 78 90 60
0 78 0 960
0 75 78 0
0 75 0 120
0 73 72 120
0 73 0 120
0 71 78 120
0 83 90 0
0 83 0 960
0 71 0 0
0 80 97 0
0 80 0 120
0 78 90 120
0 78 0 120
0 88 101 120
0 76 85 0
0 76 0 960
0 88 0 0
0 74 70 0
0 86 84 0
0 86 0 120
0 74 0 0
0 73 70 120
0 85 83 0
0 85 0 120
0 73 0 0
0 83 94 120
0 71 79 0
0 71 0 120
0 83 0 0
0 69 69 120
0 81 82 0
0 81 0 120
0 69 0 0
0 68 69 120
0 80 81 0
0 80 0 120
0 68 0 0
0 78 88 120
0 66 74 0
0 66 0 120
0 78 0 0
0 64 67 120
0 76 80 0
0 76 0 120
0 64 0 0
0 62 67 120
0 74 79 0
0 74 0 120
0 62 0 0
0 73 88 120
0 61 74 0
0 61 0 120
0 73 0 0
0 71 71 120
0 59 60 0
0 59 0 120
0 71 0 0
0 69 71 120
0 57 59 0
0 57 0 120
0 69 0 0
0 68 77 120
0 56 65 0
0 56 0 120
0 68 0 0
0 69 67 120
0 57 56 0
0 57 0 120
0 69 0 0
0 66 66 120
0 54 55 0
0 54 0 120
0 66 0 0
0 64 74 120
0 52 62 0
0 52 0 120
0 64 0 0
0 69 56 120
0 57 48 0
0 57 0 120
0 69 0 0
0 61 56 120
0 57 47 0
0 57 0 120
0 61 0 0
0 64 65 120
0 56 54 0
0 56 0 120
0 64 0 0
0 62 46 120
0 56 39 0
0 56 0 120
0 62 0 0
0 59 46 120
0 56 39 0
0 56 0 120
0 59 0 0
0 57 49 120
0 57 0 180
0 57 45 60
0 57 0 120
0 57 43 120
0 57 0 120
0 57 49 120
0 52 40 240
0 52 0 120
0 52 46 120
0 52 0 120
0 54 53 120
0 50 53 0
0 57 0 230
0 57 45 10
0 57 0 120
0 50 0 120
0 54 0 0
0 57 43 0
0 57 0 120
0 57 49 120
0 52 40 240
0 52 0 120
0 52 46 120
0 52 0 120
0 54 63 120
0 50 63 0
0 57 0 230
0 57 53 10
0 57 0 120
0 50 0 120
0 54 0 0
0 57 61 0
0 57 0 120
0 61 67 120
0 61 0 950
0 61 59 10
0 61 0 120
0 61 68 120
0 61 0 120
0 64 75 120
0 64 0 960
0 61 70 0
0 61 0 120
0 64 73 0
0 64 0 120
0 69 76 0
0 69 0 120
0 73 84 0
0 73 0 120
0 76 88 0
0 76 0 960
0 61 74 0
0 61 0 120
0 64 77 0
0 64 0 120
0 67 81 0
0 67 0 120
0 73 88 0
0 73 0 120
0 76 93 0
0 76 0 960
0 66 78 0
0 66 0 120
0 69 82 0
0 69 0 120
0 74 85 0
0 74 0 120
0 78 93 0
0 78 0 120
0 81 98 0
0 81 0 960
0 66 82 0
0 66 0 120
0 69 86 0
0 69 0 120
0 75 90 0
0 75 0 120
0 78 98 0
0 78 0 120
0 81 103 0
0 81 0 960
0 73 86 0
0 73 0 120
0 76 90 0
0 76 0 120
0 81 94 0
0 81 0 120
0 85 98 0
0 85 0 120
0 88 101 0
0 88 0 120
0 85 94 0
0 85 0 120
0 81 77 0
0 81 0 120
0 76 63 0
0 76 0 120
0 81 69 0
0 81 0 120
0 76 67 0
0 76 0 120
0 88 76 0
0 88 0 120
0 85 67 0
0 85 0 120
0 81 70 0
0 81 0 120
0 76 63 0
0 76 0 120
0 81 69 0
0 81 0 120
0 76 67 0
0 76 0 120
0 88 76 0
0 88 0 120
0 85 67 0
0 85 0 120
0 81 70 0
0 81 0 120
0 76 63 0
0 76 0 120
0 81 69 0
0 81 0 120
0 76 67 0
0 76 0 120
0 88 76 0
0 88 0 120
0 85 67 0
0 85 0 120
0 81 70 0
0 81 0 120
0 76 63 0
0 76 0 120
0 81 69 0
0 81 0 120
0 76 67 0
0 76 0 120
0 88 76 0
0 88 0 120
0 85 67 0
0 85 0 120
0 81 70 0
0 81 0 120
0 76 63 0
0 76 0 120
0 81 69 0
0 81 0 120
0 76 67 0
0 76 0 120
0 88 76 0
0 88 0 120
0 86 67 0
0 86 0 120
0 83 70 0
0 83 0 120
0 76 63 0
0 76 0 120
0 83 69 0
0 83 0 120
0 76 67 0
0 76 0 120
0 88 76 0
0 88 0 120
0 86 67 0
0 86 0 120
0 83 70 0
0 83 0 120
0 76 63 0
0 76 0 120
0 83 69 0
0 83 0 120
0 76 67 0
0 76 0 120
0 88 76 0
0 88 0 120
0 86 67 0
0 86 0 120
0 83 70 0
0 83 0 120
0 76 63 0
0 76 0 120
0 83 69 0
0 83 0 120
0 76 67 0
0 76 0 120
0 88 76 0
0 88 0 120
0 85 67 0
0 85 0 120
0 81 70 0
0 81 0 120
0 76 63 0
0 76 0 120
0 81 69 0
0 81 0 120
0 76 67 0
0 76 0 120
0 88 76 0
0 88 0 120
0 85 67 0
0 85 0 120
0 81 70 0
0 81 0 120
0 76 63 0
0 76 0 120
0 81 69 0
0 81 0 120
0 76 67 0
0 76 0 120
0 88 76 0
0 88 0 120
0 85 67 0
0 85 0 120
0 81 70 0
0 81 0 120
0 76 63 0
0 76 0 120
0 81 69 0
0 81 0 120
0 76 67 0
0 76 0 120
0 88 76 0
0 88 0 120
0 85 67 0
0 85 0 120
0 81 70 0
0 81 0 120
0 76 63 0
0 76 0 120
0 81 69 0
0 81 0 120
0 76 67 0
0 76 0 120
0 88 76 0
0 88 0 120
0 85 67 0
0 85 0 120
0 81 70 0
0 81 0 120
0 76 63 0
0 76 0 120
0 81 69 0
0 81 0 120
0 76 67 0
0 76 0 120
0 88 76 0
0 88 0 120
0 86 67 0
0 86 0 120
0 83 70 0
0 83 0 120
0 76 63 0
0 76 0 120
0 83 69 0
0 83 0 120
0 76 67 0
0 76 0 120
0 88 76 0
0 88 0 120
0 86 67 0
0 86 0 120
0 83 70 0
0 83 0 120
0 76 63 0
0 76 0 120
0 83 69 0
0 83 0 120
0 76 67 0
0 76 0 120
0 88 76 0
0 88 0 120
0 86 67 0
0 86 0 120
0 83 70 0
0 83 0 120
0 76 63 0
0 76 0 120
0 83 69 0
0 83 0 120
0 76 67 0
0 76 0 120
0 88 76 0
0 88 0 120
0 85 67 0
0 85 0 120
0 83 70 0
0 83 0 120
0 81 63 0
0 81 0 120
0 83 69 0
0 83 0 120
0 81 67 0
0 81 0 120
0 88 76 0
0 88 0 120
0 85 67 0
0 85 0 120
0 83 70 0
0 83 0 120
0 81 63 0
0 81 0 120
0 83 69 0
0 83 0 120
0 81 67 0
0 81 0 120
0 88 76 0
0 88 0 120
0 85 67 0
0 85 0 120
0 83 70 0
0 83 0 120
0 81 63 0
0 81 0 120
0 83 69 0
0 83 0 120
0 81 67 0
0 81 0 120
0 88 76 0
0 88 0 120
0 85 67 0
0 85 0 120
0 83 70 0
0 83 0 120
0 81 63 0
0 81 0 120
0 83 69 0
0 83 0 120
0 81 67 0
0 81 0 120
0 88 76 0
0 88 0 120
0 85 67 0
0 85 0 120
0 83 56 0
0 83 0 120
0 81 53 0
0 81 0 120
0 83 58 0
0 83 0 120
0 81 56 0
0 81 0 120
0 93 71 0
0 93 0 120
0 90 56 0
0 90 0 120
0 83 59 0
0 83 0 120
0 81 53 0
0 81 0 120
0 83 58 0
0 83 0 120
0 81 56 0
0 81 0 120
0 93 64 0
0 93 0 120
0 90 56 0
0 90 0 120
0 83 59 0
0 83 0 120
0 81 53 0
0 81 0 120
0 83 58 0
0 83 0 120
0 81 56 0
0 81 0 120
0 93 71 0
0 93 0 120
0 90 56 0
0 90 0 120
0 83 59 0
0 83 0 120
0 81 53 0
0 81 0 120
0 83 58 0
0 83 0 120
0 81 56 0
0 81 0 120
0 93 64 0
0 93 0 120
0 90 56 0
0 90 0 120
0 83 59 0
0 83 0 120
0 81 53 0
0 81 0 120
0 83 58 0
0 83 0 120
0 81 56 0
0 81 0 120
0 93 71 0
0 93 0 120
0 90 56 0
0 90 0 120
0 86 58 0
0 86 0 120
0 81 51 0
0 81 0 120
0 86 56 0
0 86 0 120
0 81 53 0
0 81 0 120
0 93 60 0
0 93 0 120
0 90 53 0
0 90 0 120
0 86 55 0
0 86 0 120
0 81 49 0
0 81 0 120
0 86 53 0
0 86 0 120
0 81 50 0
0 81 0 120
0 93 63 0
0 93 0 120
0 90 50 0
0 90 0 120
0 86 52 0
0 86 0 120
0 81 46 0
0 81 0 120
0 86 50 0
0 86 0 120
0 81 48 0
0 81 0 120
0 93 54 0
0 93 0 120
0 90 47 0
0 90 0 120
0 86 49 0
0 86 0 120
0 81 43 0
0 81 0 120
0 86 47 0
0 86 0 120
0 81 45 0
0 81 0 120
0 93 56 0
0 93 0 120
0 88 44 0
0 88 0 120
0 85 47 0
0 85 0 120
0 81 42 0
0 81 0 120
0 85 46 0
0 85 0 120
0 81 44 0
0 81 0 120
0 90 56 0
0 90 0 120
0 88 44 0
0 88 0 120
0 90 47 0
0 90 0 120
0 88 42 0
0 88 0 120
0 90 46 0
0 90 0 120
0 88 44 0
0 88 0 120
0 93 56 0
0 93 0 120
0 88 44 0
0 88 0 120
0 85 47 0
0 85 0 120
0 81 42 0
0 81 0 120
0 85 46 0
0 85 0 120
0 81 44 0
0 81 0 120
0 90 56 0
0 90 0 120
0 88 44 0
0 88 0 120
0 90 47 0
0 90 0 120
0 88 42 0
0 88 0 120
0 90 46 0
0 90 0 120
0 88 44 0
0 88 0 120
0 93 56 0
0 93 0 120
0 88 44 0
0 88 0 120
0 85 47 0
0 85 0 120
0 81 42 0
0 81 0 120
0 85 45 0
0 85 0 120
0 81 43 0
0 81 0 120
0 90 55 0
0 90 0 120
0 88 43 0
0 88 0 120
0 90 46 0
0 90 0 120
0 88 41 0
0 88 0 120
0 90 45 0
0 90 0 120
0 88 42 0
0 88 0 120
0 93 54 0
0 93 0 120
0 88 42 0
0 88 0 120
0 85 45 0
0 85 0 120
0 81 40 0
0 81 0 120
0 85 44 0
0 85 0 120
0 81 42 0
0 81 0 120
0 90 53 0
0 90 0 120
0 88 41 0
0 88 0 120
0 90 44 0
0 90 0 120
0 88 39 0
0 88 0 120
0 90 43 0
0 90 0 120
0 88 41 0
0 88 0 120
0 93 52 0
0 93 0 120
0 88 41 0
0 88 0 120
0 85 43 0
0 85 0 120
0 81 39 0
0 81 0 120
0 85 42 0
0 85 0 120
0 81 40 0
0 81 0 120
0 88 51 0
0 88 0 120
0 85 40 0
0 85 0 120
0 83 43 0
0 83 0 120
0 81 38 0
0 81 0 120
0 83 41 0
0 83 0 120
0 81 40 0
0 81 0 120
0 88 50 0
0 88 0 120
0 85 39 0
0 85 0 120
0 83 42 0
0 83 0 120
0 81 37 0
0 81 0 120
0 83 40 0
0 83 0 120
0 81 39 0
0 81 0 120
0 88 49 0
0 88 0 120
0 85 39 0
0 85 0 120
0 83 41 0
0 83 0 120
0 81 36 0
0 81 0 120
0 83 40 0
0 83 0 120
0 81 38 0
0 81 0 120
0 88 48 0
0 88 0 120
0 85 38 0
0 85 0 120
0 83 40 0
0 83 0 120
0 81 36 0
0 81 0 120
0 83 39 0
0 83 0 120
0 81 37 0
0 81 0 120
0 88 47 0
0 88 0 120
0 85 37 0
0 85 0 120
0 83 39 0
0 83 0 120
0 81 35 0
0 81 0 120
0 83 39 0
0 83 0 120
0 81 45 0
0 81 0 120
0 88 49 0
0 88 0 120
0 85 46 0
0 85 0 120
0 83 49 0
0 83 0 120
0 81 53 0
0 81 0 120
0 83 55 0
0 83 0 120
0 85 57 0
0 85 0 120
0 86 61 0
0 86 0 120
0 88 65 0
0 88 0 120
0 90 68 0
0 90 0 120
0 92 70 0
0 92 0 120
0 93 73 0
0 93 0 120
0 95 77 0
0 95 0 120
0 97 78 0
0 97 0 240
0 76 41 1080
0 81 41 60
0 88 49 60
0 88 0 240
0 81 0 0
0 76 0 0
0 57 34 1200
0 57 0 120
0 33 59 0
0 45 70 0
0 49 61 240
0 49 0 120
0 52 63 0
0 52 0 120
0 45 0 0
0 33 0 0
0 57 67 0
0 57 0 120
0 61 70 0
0 61 0 120
0 59 63 240
0 52 53 0
0 52 0 60
0 59 0 0
0 59 63 180
0 52 53 0
0 52 0 60
0 59 0 0
0 61 70 180
0 57 70 0
0 57 0 480
0 61 0 0
0 71 66 480
0 64 56 0
0 64 0 60
0 71 0 0
0 71 62 180
0 64 52 0
0 64 0 60
0 71 0 0
0 69 59 180
0 73 70 0
0 73 0 480
0 69 0 0
0 71 66 480
0 64 56 0
0 64 0 60
0 71 0 0
0 71 66 180
0 64 56 0
0 64 0 60
0 71 0 0
0 69 59 180
0 73 70 0
0 73 0 240
0 69 0 0
0 71 64 0
0 64 54 0
0 64 0 60
0 71 0 0
0 71 64 180
0 64 54 0
0 64 0 60
0 71 0 0
0 69 59 180
0 73 70 0
0 73 0 240
0 69 0 0
0 71 64 0
0 64 54 0
0 64 0 60
0 71 0 0
0 71 64 180
0 64 54 0
0 64 0 60
0 71 0 0
0 69 59 180
0 73 70 0
0 73 0 480
0 69 0 0
0 45 79 240
0 33 67 0
0 33 0 360
0 45 0 0
0 49 50 0
0 57 59 0
0 57 0 108
0 49 0 0
0 57 54 12
0 49 45 0
0 49 0 180
0 57 0 0
0 49 50 60
0 57 59 0
0 57 0 240
0 49 0 0
0 59 55 0
0 52 46 0
0 52 0 240
0 59 0 0
0 57 46 0
0 61 55 0
0 61 0 120
0 57 0 0
0 57 51 120
0 61 60 0
0 61 0 480
0 57 0 0
0 57 50 0
0 61 59 0
0 61 0 180
0 57 0 0
0 57 53 60
0 61 63 0
0 61 0 240
0 57 0 0
0 62 59 0
0 59 50 0
0 59 0 240
0 62 0 0
0 61 50 0
0 64 59 0
0 64 0 120
0 61 0 0
0 64 66 120
0 61 56 0
0 61 0 360
0 64 0 0
0 62 50 0
0 66 59 0
0 66 0 108
0 62 0 0
0 66 62 12
0 62 52 0
0 62 0 180
0 66 0 0
0 66 70 60
0 62 59 0
0 57 59 0
0 57 0 360
0 62 0 0
0 66 0 0
0 62 50 0
0 66 59 0
0 66 0 108
0 62 0 0
0 62 50 12
0 66 59 0
0 66 0 180
0 62 0 0
0 66 67 60
0 62 56 0
0 62 0 240
0 66 0 0
0 64 50 0
0 68 59 0
0 68 0 240
0 64 0 0
0 62 50 0
0 66 59 0
0 66 0 120
0 62 0 0
0 66 67 120
0 62 56 0
0 57 56 0
0 57 0 720
0 62 0 0
0 66 0 0
0 64 58 0
0 61 49 0
0 61 0 240
0 64 0 0
0 49 50 120
0 57 59 0
0 57 0 108
0 49 0 0
0 57 54 12
0 49 45 0
0 49 0 180
0 57 0 0
0 49 50 60
0 57 59 0
0 57 0 240
0 49 0 0
0 59 55 0
0 52 46 0
0 52 0 240
0 59 0 0
0 57 46 0
0 61 55 0
0 61 0 120
0 57 0 0
0 57 51 120
0 61 60 0
0 61 0 480
0 57 0 0
0 57 50 0
0 61 59 0
0 61 0 180
0 57 0 0
0 57 53 60
0 61 63 0
0 61 0 240
0 57 0 0
0 62 59 0
0 59 50 0
0 59 0 240
0 62 0 0
0 61 50 0
0 64 59 0
0 64 0 120
0 61 0 0
0 64 66 120
0 61 56 0
0 61 0 480
0 64 0 0
0 45 52 240
0 33 44 0
0 33 0 240
0 45 0 0
0 54 37 0
0 61 37 0
0 64 44 0
0 64 0 230
0 61 0 0
0 54 0 0
0 54 37 10
0 61 37 0
0 64 44 0
0 64 0 180
0 61 0 0
0 54 0 0
0 54 29 60
0 61 29 0
0 64 35 0
0 64 0 240
0 61 0 0
0 54 0 0
0 54 29 0
0 61 29 0
0 64 35 0
0 64 0 240
0 61 0 0
0 54 0 0
0 54 29 0
0 61 29 0
0 64 35 0
0 64 0 240
0 61 0 0
0 54 0 0
0 54 37 0
0 61 37 0
0 64 37 0
0 64 0 1440
0 61 0 0
0 54 0 0
0 45 52 0
0 33 44 0
0 33 0 240
0 45 0 0
0 54 37 0
0 61 37 0
0 64 44 0
0 64 0 230
0 61 0 0
0 54 0 0
0 54 37 10
0 61 37 0
0 64 44 0
0 64 0 180
0 61 0 0
0 54 0 0
0 54 29 60
0 61 29 0
0 64 35 0
0 64 0 240
0 61 0 0
0 54 0 0
0 54 29 0
0 61 29 0
0 64 35 0
0 64 0 240
0 61 0 0
0 54 0 0
0 54 29 0
0 61 29 0
0 64 35 0
0 64 0 240
0 61 0 0
0 54 0 0
0 54 37 0
0 61 37 0
0 64 37 0
0 64 0 960
0 61 0 0
0 54 0 0
0 66 78 0
0 59 66 0
0 59 0 120
0 66 0 0
0 59 59 120
0 66 70 0
0 66 0 120
0 59 0 0
0 66 78 120
0 59 66 0
0 59 0 240
0 66 0 0
0 56 63 0
0 64 75 0
0 64 0 240
0 56 0 0
0 59 61 0
0 66 72 0
0 66 0 120
0 59 0 0
0 68 78 120
0 64 66 0
0 64 0 240
0 68 0 0
0 71 74 0
0 68 62 0
0 68 0 240
0 71 0 0
0 59 62 0
0 66 74 0
0 66 0 120
0 59 0 0
0 66 84 120
0 59 71 0
0 59 0 960
0 66 0 0
0 32 41 480
0 44 49 0
0 44 0 240
0 32 0 0
0 52 30 0
0 56 30 0
0 64 37 0
0 59 30 0
0 59 0 120
0 52 0 0
0 56 0 0
0 64 0 0
0 52 30 120
0 56 30 0
0 59 30 0
0 64 37 0
0 64 0 120
0 52 0 0
0 56 0 0
0 59 0 0
0 52 30 120
0 56 30 0
0 59 30 0
0 64 37 0
0 64 0 480
0 52 0 0
0 56 0 0
0 59 0 0
0 33 41 240
0 45 49 0
0 45 0 240
0 33 0 0
0 52 37 0
0 56 37 0
0 64 45 0
0 61 37 0
0 61 0 120
0 52 0 0
0 56 0 0
0 64 0 0
0 52 37 120
0 56 37 0
0 61 37 0
0 64 45 0
0 64 0 120
0 52 0 0
0 56 0 0
0 61 0 0
0 52 37 120
0 56 37 0
0 61 37 0
0 64 45 0
0 64 0 480
0 52 0 0
0 56 0 0
0 61 0 0
0 35 53 240
0 47 63 0
0 47 0 240
0 35 0 0
0 52 39 0
0 56 39 0
0 64 48 0
0 59 39 0
0 59 0 120
0 52 0 0
0 56 0 0
0 64 0 0
0 52 40 120
0 56 40 0
0 59 40 0
0 64 50 0
0 64 0 120
0 52 0 0
0 56 0 0
0 59 0 0
0 52 40 120
0 56 40 0
0 59 40 0
0 64 50 0
0 64 0 480
0 52 0 0
0 56 0 0
0 59 0 0
0 37 51 240
0 49 61 0
0 49 0 240
0 37 0 0
0 52 46 0
0 56 46 0
0 64 56 0
0 61 46 0
0 61 0 120
0 52 0 0
0 56 0 0
0 64 0 0
0 52 47 120
0 56 47 0
0 61 47 0
0 64 57 0
0 64 0 120
0 52 0 0
0 56 0 0
0 61 0 0
0 52 48 120
0 56 48 0
0 61 48 0
0 64 58 0
0 64 0 480
0 52 0 0
0 56 0 0
0 61 0 0
0 38 56 240
0 50 66 0
0 50 0 240
0 38 0 0
0 52 41 0
0 56 41 0
0 64 50 0
0 59 41 0
0 59 0 120
0 52 0 0
0 56 0 0
0 64 0 0
0 52 41 120
0 56 41 0
0 59 41 0
0 64 50 0
0 64 0 120
0 52 0 0
0 56 0 0
0 59 0 0
0 52 42 120
0 56 42 0
0 59 42 0
0 64 51 0
0 64 0 480
0 52 0 0
0 56 0 0
0 59 0 0
0 37 60 240
0 49 71 0
0 49 0 240
0 37 0 0
0 52 53 0
0 57 53 0
0 64 64 0
0 61 53 0
0 61 0 120
0 52 0 0
0 57 0 0
0 64 0 0
0 52 53 120
0 57 53 0
0 61 53 0
0 64 64 0
0 64 0 120
0 52 0 0
0 57 0 0
0 61 0 0
0 52 53 120
0 57 53 0
0 61 53 0
0 64 64 0
0 64 0 480
0 52 0 0
0 57 0 0
0 61 0 0
0 39 46 240
0 51 55 0
0 51 0 120
0 39 0 0
0 51 41 120
0 54 41 0
0 59 50 0
0 57 41 0
0 57 0 120
0 51 0 0
0 54 0 0
0 59 0 0
0 51 41 120
0 54 41 0
0 57 41 0
0 59 50 0
0 59 0 120
0 51 0 0
0 54 0 0
0 57 0 0
0 51 41 120
0 54 41 0
0 57 41 0
0 59 50 0
0 59 0 240
0 51 0 0
0 54 0 0
0 57 0 0
0 52 46 480
0 47 46 0
0 44 46 0
0 56 55 0
0 56 0 120
0 52 0 0
0 47 0 0
0 44 0 0
0 44 41 120
0 47 41 0
0 56 50 0
0 52 41 0
0 52 0 120
0 44 0 0
0 47 0 0
0 56 0 0
0 44 41 120
0 47 41 0
0 52 41 0
0 56 50 0
0 56 0 120
0 44 0 0
0 47 0 0
0 52 0 0
0 44 41 120
0 47 41 0
0 52 41 0
0 56 50 0
0 56 0 240
0 44 0 0
0 47 0 0
0 52 0 0
0 52 39 480
0 46 39 0
0 54 46 0
0 54 0 120
0 46 0 0
0 52 0 0
0 46 34 120
0 54 42 0
0 52 34 0
0 52 0 120
0 54 0 0
0 46 0 0
0 46 34 120
0 52 34 0
0 54 42 0
0 54 0 120
0 52 0 0
0 46 0 0
0 52 39 120
0 46 39 0
0 54 46 0
0 54 0 120
0 46 0 0
0 52 0 0
0 46 34 120
0 54 42 0
0 52 34 0
0 52 0 120
0 54 0 0
0 46 0 0
0 46 34 120
0 52 34 0
0 54 42 0
0 54 0 120
0 52 0 0
0 46 0 0
0 52 39 120
0 46 39 0
0 54 46 0
0 54 0 120
0 46 0 0
0 52 0 0
0 46 33 120
0 54 41 0
0 52 33 0
0 52 0 120
0 54 0 0
0 46 0 0
0 46 32 120
0 52 32 0
0 54 40 0
0 54 0 120
0 52 0 0
0 46 0 0
0 52 37 120
0 46 37 0
0 54 43 0
0 54 0 120
0 46 0 0
0 52 0 0
0 46 31 120
0 54 39 0
0 52 31 0
0 52 0 120
0 54 0 0
0 46 0 0
0 46 31 120
0 52 31 0
0 54 38 0
0 54 0 120
0 52 0 0
0 46 0 0
0 47 35 120
0 56 41 0
0 52 35 6
0 56 0 114
0 47 0 0
0 52 0 6
0 47 29 114
0 56 36 0
0 52 29 6
0 56 0 114
0 47 0 0
0 52 0 6
0 47 29 114
0 56 36 0
0 52 29 6
0 56 0 114
0 47 0 0
0 52 0 6
0 47 33 114
0 54 33 0
0 57 39 0
0 57 0 120
0 54 0 0
0 47 0 0
0 47 28 120
0 54 28 0
0 57 34 0
0 57 0 120
0 54 0 0
0 47 0 0
0 47 27 120
0 54 27 0
0 57 34 0
0 57 0 120
0 54 0 0
0 47 0 0
0 52 33 120
0 56 33 0
0 56 0 240
0 52 0 0
0 45 79 480
0 33 67 0
0 33 0 360
0 45 0 0
0 49 50 0
0 57 59 0
0 57 0 108
0 49 0 0
0 57 54 12
0 49 45 0
0 49 0 180
0 57 0 0
0 49 50 60
0 57 59 0
0 57 0 240
0 49 0 0
0 59 55 0
0 52 46 0
0 52 0 240
0 59 0 0
0 57 46 0
0 61 55 0
0 61 0 120
0 57 0 0
0 57 51 120
0 61 60 0
0 61 0 480
0 57 0 0
0 57 50 0
0 61 59 0
0 61 0 180
0 57 0 0
0 57 53 60
0 61 63 0
0 61 0 240
0 57 0 0
0 62 59 0
0 59 50 0
0 59 0 240
0 62 0 0
0 61 50 0
0 64 59 0
0 64 0 120
0 61 0 0
0 64 66 120
0 61 56 0
0 61 0 360
0 64 0 0
0 62 50 0
0 66 59 0
0 66 0 108
0 62 0 0
0 66 62 12
0 62 52 0
0 62 0 180
0 66 0 0
0 66 70 60
0 62 59 0
0 57 59 0
0 57 0 360
0 62 0 0
0 66 0 0
0 62 50 0
0 66 59 0
0 66 0 108
0 62 0 0
0 62 50 12
0 66 59 0
0 66 0 180
0 62 0 0
0 66 67 60
0 62 56 0
0 62 0 240
0 66 0 0
0 64 50 0
0 68 59 0
0 68 0 240
0 64 0 0
0 62 50 0
0 66 59 0
0 66 0 120
0 62 0 0
0 66 67 120
0 62 56 0
0 57 56 0
0 57 0 720
0 62 0 0
0 66 0 0
0 64 58 0
0 61 49 0
0 61 0 240
0 64 0 0
0 49 50 120
0 57 59 0
0 57 0 108
0 49 0 0
0 57 54 12
0 49 45 0
0 49 0 180
0 57 0 0
0 49 50 60
0 57 59 0
0 57 0 240
0 49 0 0
0 59 55 0
0 52 46 0
0 52 0 240
0 59 0 0
0 57 46 0
0 61 55 0
0 61 0 120
0 57 0 0
0 57 51 120
0 61 60 0
0 61 0 480
0 57 0 0
0 57 50 0
0 61 59 0
0 61 0 180
0 57 0 0
0 57 53 60
0 61 63 0
0 61 0 240
0 57 0 0
0 62 59 0
0 59 50 0
0 59 0 240
0 62 0 0
0 61 50 0
0 64 59 0
0 64 0 120
0 61 0 0
0 64 66 120
0 61 56 0
0 61 0 480
0 64 0 0
0 45 52 240
0 33 44 0
0 33 0 240
0 45 0 0
0 54 37 0
0 61 37 0
0 64 44 0
0 64 0 230
0 61 0 0
0 54 0 0
0 54 37 10
0 61 37 0
0 64 44 0
0 64 0 180
0 61 0 0
0 54 0 0
0 54 29 60
0 61 29 0
0 64 35 0
0 64 0 240
0 61 0 0
0 54 0 0
0 54 29 0
0 61 29 0
0 64 35 0
0 64 0 240
0 61 0 0
0 54 0 0
0 54 29 0
0 61 29 0
0 64 35 0
0 64 0 240
0 61 0 0
0 54 0 0
0 54 37 0
0 61 37 0
0 64 37 0
0 64 0 1440
0 61 0 0
0 54 0 0
0 45 52 0
0 33 44 0
0 33 0 240
0 45 0 0
0 54 37 0
0 61 37 0
0 64 44 0
0 64 0 230
0 61 0 0
0 54 0 0
0 54 37 10
0 61 37 0
0 64 44 0
0 64 0 180
0 61 0 0
0 54 0 0
0 54 29 60
0 61 29 0
0 64 35 0
0 64 0 240
0 61 0 0
0 54 0 0
0 54 29 0
0 61 29 0
0 64 35 0
0 64 0 240
0 61 0 0
0 54 0 0
0 54 29 0
0 61 29 0
0 64 35 0
0 64 0 240
0 61 0 0
0 54 0 0
0 54 37 0
0 61 37 0
0 64 37 0
0 64 0 960
0 61 0 0
0 54 0 0
0 66 78 0
0 59 66 0
0 59 0 120
0 66 0 0
0 59 59 120
0 66 70 0
0 66 0 120
0 59 0 0
0 66 78 120
0 59 66 0
0 59 0 240
0 66 0 0
0 56 63 0
0 64 75 0
0 64 0 240
0 56 0 0
0 59 61 0
0 66 72 0
0 66 0 120
0 59 0 0
0 68 78 120
0 64 66 0
0 64 0 240
0 68 0 0
0 71 74 0
0 68 62 0
0 68 0 240
0 71 0 0
0 59 62 0
0 66 74 0
0 66 0 120
0 59 0 0
0 66 84 120
0 59 71 0
0 59 0 960
0 66 0 0
0 32 41 480
0 44 49 0
0 44 0 240
0 32 0 0
0 52 30 0
0 56 30 0
0 64 37 0
0 59 30 0
0 59 0 120
0 52 0 0
0 56 0 0
0 64 0 0
0 52 30 120
0 56 30 0
0 59 30 0
0 64 37 0
0 64 0 120
0 52 0 0
0 56 0 0
0 59 0 0
0 52 30 120
0 56 30 0
0 59 30 0
0 64 37 0
0 64 0 480
0 52 0 0
0 56 0 0
0 59 0 0
0 33 41 240
0 45 49 0
0 45 0 240
0 33 0 0
0 52 37 0
0 56 37 0
0 64 45 0
0 61 37 0
0 61 0 120
0 52 0 0
0 56 0 0
0 64 0 0
0 52 37 120
0 56 37 0
0 61 37 0
0 64 45 0
0 64 0 120
0 52 0 0
0 56 0 0
0 61 0 0
0 52 37 120
0 56 37 0
0 61 37 0
0 64 45 0
0 64 0 480
0 52 0 0
0 56 0 0
0 61 0 0
0 35 53 240
0 47 63 0
0 47 0 240
0 35 0 0
0 52 39 0
0 56 39 0
0 64 48 0
0 59 39 0
0 59 0 120
0 52 0 0
0 56 0 0
0 64 0 0
0 52 40 120
0 56 40 0
0 59 40 0
0 64 50 0
0 64 0 120
0 52 0 0
0 56 0 0
0 59 0 0
0 52 40 120
0 56 40 0
0 59 40 0
0 64 50 0
0 64 0 480
0 52 0 0
0 56 0 0
0 59 0 0
0 37 51 240
0 49 61 0
0 49 0 240
0 37 0 0
0 52 46 0
0 56 46 0
0 64 56 0
0 61 46 0
0 61 0 120
0 52 0 0
0 56 0 0
0 64 0 0
0 52 47 120
0 56 47 0
0 61 47 0
0 64 57 0
0 64 0 120
0 52 0 0
0 56 0 0
0 61 0 0
0 52 48 120
0 56 48 0
0 61 48 0
0 64 58 0
0 64 0 480
0 52 0 0
0 56 0 0
0 61 0 0
0 38 56 240
0 50 66 0
0 50 0 240
0 38 0 0
0 52 41 0
0 56 41 0
0 64 50 0
0 59 41 0
0 59 0 120
0 52 0 0
0 56 0 0
0 64 0 0
0 52 41 120
0 56 41 0
0 59 41 0
0 64 50 0
0 64 0 120
0 52 0 0
0 56 0 0
0 59 0 0
0 52 42 120
0 56 42 0
0 59 42 0
0 64 51 0
0 64 0 480
0 52 0 0
0 56 0 0
0 59 0 0
0 37 60 240
0 49 71 0
0 49 0 240
0 37 0 0
0 52 53 0
0 57 53 0
0 64 64 0
0 61 53 0
0 61 0 120
0 52 0 0
0 57 0 0
0 64 0 0
0 52 53 120
0 57 53 0
0 61 53 0
0 64 64 0
0 64 0 120
0 52 0 0
0 57 0 0
0 61 0 0
0 52 53 120
0 57 53 0
0 61 53 0
0 64 64 0
0 64 0 480
0 52 0 0
0 57 0 0
0 61 0 0
0 39 46 240
0 51 55 0
0 51 0 120
0 39 0 0
0 51 41 120
0 54 41 0
0 59 50 0
0 57 41 0
0 57 0 120
0 51 0 0
0 54 0 0
0 59 0 0
0 51 41 120
0 54 41 0
0 57 41 0
0 59 50 0
0 59 0 120
0 51 0 0
0 54 0 0
0 57 0 0
0 51 41 120
0 54 41 0
0 57 41 0
0 59 50 0
0 59 0 240
0 51 0 0
0 54 0 0
0 57 0 0
0 52 46 480
0 47 46 0
0 44 46 0
0 56 55 0
0 56 0 120
0 52 0 0
0 47 0 0
0 44 0 0
0 44 41 120
0 47 41 0
0 56 50 0
0 52 41 0
0 52 0 120
0 44 0 0
0 47 0 0
0 56 0 0
0 44 41 120
0 47 41 0
0 52 41 0
0 56 50 0
0 56 0 120
0 44 0 0
0 47 0 0
0 52 0 0
0 44 41 120
0 47 41 0
0 52 41 0
0 56 50 0
0 56 0 240
0 44 0 0
0 47 0 0
0 52 0 0
0 52 39 480
0 46 39 0
0 54 46 0
0 54 0 120
0 46 0 0
0 52 0 0
0 46 34 120
0 54 42 0
0 52 34 0
0 52 0 120
0 54 0 0
0 46 0 0
0 46 34 120
0 52 34 0
0 54 42 0
0 54 0 120
0 52 0 0
0 46 0 0
0 52 39 120
0 46 39 0
0 54 46 0
0 54 0 120
0 46 0 0
0 52 0 0
0 46 34 120
0 54 42 0
0 52 34 0
0 52 0 120
0 54 0 0
0 46 0 0
0 46 34 120
0 52 34 0
0 54 42 0
0 54 0 120
0 52 0 0
0 46 0 0
0 52 39 120
0 46 39 0
0 54 46 0
0 54 0 120
0 46 0 0
0 52 0 0
0 46 33 120
0 54 41 0
0 52 33 0
0 52 0 120
0 54 0 0
0 46 0 0
0 46 32 120
0 52 32 0
0 54 40 0
0 54 0 120
0 52 0 0
0 46 0 0
0 52 37 120
0 46 37 0
0 54 43 0
0 54 0 120
0 46 0 0
0 52 0 0
0 46 31 120
0 54 39 0
0 52 31 0
0 52 0 120
0 54 0 0
0 46 0 0
0 46 31 120
0 52 31 0
0 54 38 0
0 54 0 120
0 52 0 0
0 46 0 0
0 47 35 120
0 56 41 0
0 52 35 6
0 56 0 114
0 47 0 0
0 52 0 6
0 47 29 114
0 56 36 0
0 52 29 6
0 56 0 114
0 47 0 0
0 52 0 6
0 47 29 114
0 56 36 0
0 52 29 6
0 56 0 114
0 47 0 0
0 52 0 6
0 47 33 114
0 54 33 0
0 57 39 0
0 57 0 120
0 54 0 0
0 47 0 0
0 47 28 120
0 54 28 0
0 57 34 0
0 57 0 120
0 54 0 0
0 47 0 0
0 47 27 120
0 54 27 0
0 57 34 0
0 57 0 120
0 54 0 0
0 47 0 0
0 52 33 120
0 56 33 0
0 56 0 240
0 52 0 0
0 63 78 720
0 56 66 0
0 56 0 120
0 63 0 0
0 56 59 120
0 63 70 0
0 63 0 120
0 56 0 0
0 63 78 120
0 56 66 0
0 56 0 240
0 63 0 0
0 52 63 0
0 61 75 0
0 61 0 240
0 52 0 0
0 56 61 0
0 63 72 0
0 63 0 120
0 56 0 0
0 64 78 120
0 61 66 0
0 61 0 240
0 64 0 0
0 68 74 0
0 56 62 240
0 63 74 0
0 63 0 120
0 56 0 0
0 68 0 110
0 56 66 10
0 63 78 0
0 63 0 480
0 56 0 0
0 63 78 480
0 56 66 0
0 56 0 120
0 63 0 0
0 56 59 120
0 63 70 0
0 63 0 120
0 56 0 0
0 63 78 120
0 56 66 0
0 56 0 240
0 63 0 0
0 52 63 0
0 61 75 0
0 61 0 240
0 52 0 0
0 56 61 0
0 63 72 0
0 63 0 120
0 56 0 0
0 64 78 120
0 61 66 0
0 61 0 240
0 64 0 0
0 68 74 0
0 56 62 240
0 63 74 0
0 63 0 120
0 56 0 0
0 68 0 110
0 63 78 10
0 56 66 0
0 56 0 720
0 63 0 0
0 49 63 0
0 61 74 0
0 61 0 713
0 49 0 0
0 49 66 7
0 61 79 0
0 61 0 713
0 49 0 0
0 49 63 7
0 61 75 0
0 61 0 713
0 49 0 0
0 61 70 7
0 49 59 0
0 49 0 240
0 61 0 0
0 50 56 0
0 62 67 0
0 62 0 240
0 50 0 0
0 49 54 0
0 61 64 0
0 61 0 120
0 49 0 0
0 49 59 120
0 61 70 0
0 61 0 120
0 49 0 0
0 49 53 120
0 61 63 0
0 61 0 120
0 49 0 0
0 49 53 120
0 61 63 0
0 61 0 120
0 49 0 0
0 49 66 120
0 61 79 0
0 61 0 713
0 49 0 0
0 49 63 7
0 61 75 0
0 61 0 713
0 49 0 0
0 49 66 7
0 61 79 0
0 61 0 713
0 49 0 0
0 66 66 247
0 66 0 120
0 66 66 120
0 66 0 120
0 66 70 120
0 66 0 120
0 64 66 120
0 64 0 120
0 63 66 120
0 63 0 120
0 64 70 120
0 64 0 120
0 63 66 120
0 63 0 120
0 61 65 120
0 61 0 120
0 63 70 120
0 63 0 120
0 60 65 120
0 60 0 120
0 56 65 120
0 56 0 120
0 61 70 120
0 61 0 180
0 54 64 60
0 42 64 0
0 42 0 120
0 54 0 0
0 54 64 120
0 42 64 0
0 42 0 120
0 54 0 0
0 42 70 120
0 54 70 0
0 54 0 180
0 42 0 0
0 52 66 60
0 40 66 0
0 40 0 180
0 52 0 0
0 51 66 60
0 39 66 0
0 39 0 180
0 51 0 0
0 40 70 60
0 52 70 0
0 52 0 180
0 40 0 0
0 51 65 60
0 39 65 0
0 39 0 180
0 51 0 0
0 49 65 60
0 37 65 0
0 37 0 180
0 49 0 0
0 39 70 60
0 51 70 0
0 51 0 180
0 39 0 0
0 48 66 60
0 36 66 0
0 36 0 180
0 48 0 0
0 44 66 60
0 32 66 0
0 32 0 180
0 44 0 0
0 37 58 60
0 49 76 0
0 49 0 240
0 37 0 0
0 51 68 0
0 39 57 0
0 39 0 120
0 51 0 0
0 52 68 120
0 40 57 0
0 40 0 120
0 52 0 0
0 42 61 120
0 54 72 0
0 54 0 120
0 42 0 0
0 54 57 120
0 61 68 0
0 57 57 0
0 57 0 120
0 61 0 0
0 54 0 0
0 54 57 120
0 61 68 0
0 57 57 0
0 57 0 120
0 61 0 0
0 54 0 0
0 54 61 120
0 57 61 0
0 60 72 0
0 60 0 120
0 57 0 0
0 54 0 0
0 54 57 120
0 60 68 0
0 57 57 0
0 57 0 120
0 60 0 0
0 54 0 0
0 54 57 120
0 60 68 0
0 57 57 0
0 57 0 120
0 60 0 0
0 54 0 0
0 52 61 120
0 61 72 0
0 61 0 120
0 52 0 0
0 61 66 120
0 54 55 0
0 54 0 120
0 61 0 0
0 61 64 120
0 56 54 0
0 56 0 120
0 61 0 0
0 54 56 120
0 61 66 0
0 61 0 120
0 54 0 0
0 61 61 120
0 56 51 0
0 56 0 120
0 61 0 0
0 61 59 120
0 57 50 0
0 57 0 120
0 61 0 0
0 56 58 120
0 64 61 0
0 64 0 240
0 63 57 0
0 63 0 240
0 61 57 0
0 56 0 237
0 61 0 3
0 56 58 0
0 63 61 0
0 63 0 240
0 60 57 0
0 56 0 230
0 60 0 10
0 56 57 0
0 56 0 240
0 49 60 0
0 61 71 0
0 61 0 480
0 49 0 0
0 49 65 480
0 37 55 0
0 37 0 120
0 49 0 0
0 37 52 120
0 49 62 0
0 49 0 120
0 37 0 0
0 49 60 120
0 61 71 0
0 61 0 480
0 49 0 0
0 49 65 480
0 37 55 0
0 37 0 120
0 49 0 0
0 37 52 120
0 49 62 0
0 49 0 120
0 37 0 0
0 61 79 120
0 49 67 0
0 49 0 480
0 61 0 0
0 61 68 0
0 49 57 0
0 49 0 180
0 61 0 0
0 49 60 60
0 61 71 0
0 61 0 180
0 49 0 0
0 61 70 60
0 49 59 0
0 49 0 180
0 61 0 0
0 61 70 60
0 49 59 0
0 49 0 180
0 61 0 0
0 61 79 60
0 49 67 0
0 49 0 480
0 61 0 0
0 61 68 0
0 49 57 0
0 49 0 180
0 61 0 0
0 49 60 60
0 61 71 0
0 61 0 180
0 49 0 0
0 61 70 60
0 49 59 0
0 49 0 180
0 61 0 0
0 61 70 60
0 49 59 0
0 49 0 180
0 61 0 0
0 61 67 60
0 56 67 0
0 64 79 0
0 52 67 0
0 52 0 480
0 61 0 0
0 56 0 0
0 64 0 0
0 64 68 0
0 52 57 0
0 52 0 180
0 64 0 0
0 52 60 60
0 64 71 0
0 64 0 180
0 52 0 0
0 64 70 60
0 52 59 0
0 52 0 180
0 64 0 0
0 64 70 60
0 52 59 0
0 52 0 180
0 64 0 0
0 64 79 60
0 52 67 0
0 52 0 480
0 64 0 0
0 33 60 240
0 45 71 0
0 45 0 180
0 33 0 0
0 49 61 180
0 57 73 0
0 57 0 90
0 49 0 0
0 57 73 30
0 49 61 0
0 49 0 180
0 57 0 0
0 49 63 60
0 57 73 0
0 57 0 240
0 49 0 0
0 59 69 0
0 52 57 0
0 52 0 240
0 59 0 0
0 57 57 0
0 61 69 0
0 61 0 120
0 57 0 0
0 57 64 120
0 61 75 0
0 61 0 480
0 57 0 0
0 57 63 0
0 61 73 0
0 61 0 180
0 57 0 0
0 57 66 60
0 61 78 0
0 61 0 240
0 57 0 0
0 62 73 0
0 59 63 0
0 59 0 240
0 62 0 0
0 61 63 0
0 64 73 0
0 64 0 120
0 61 0 0
0 64 82 120
0 61 70 0
0 61 0 360
0 64 0 0
0 62 55 0
0 66 65 0
0 66 0 108
0 62 0 0
0 66 66 12
0 62 55 0
0 62 0 180
0 66 0 0
0 57 59 60
0 69 71 0
0 66 59 0
0 66 0 360
0 69 0 0
0 57 0 0
0 69 59 0
0 66 51 0
0 66 0 108
0 69 0 0
0 69 59 12
0 66 51 0
0 66 0 180
0 69 0 0
0 69 67 60
0 66 47 0
0 66 0 240
0 69 0 0
0 68 63 0
0 64 53 0
0 64 0 240
0 68 0 0
0 62 42 0
0 66 50 0
0 66 0 120
0 62 0 0
0 57 46 120
0 62 46 0
0 66 55 0
0 66 0 720
0 62 0 0
0 57 0 0
0 61 45 0
0 64 54 0
0 64 0 240
0 61 0 0
0 49 50 120
0 57 59 0
0 57 0 108
0 49 0 0
0 57 54 12
0 49 45 0
0 49 0 180
0 57 0 0
0 49 50 60
0 57 59 0
0 57 0 240
0 49 0 0
0 59 55 0
0 52 46 0
0 52 0 240
0 59 0 0
0 57 46 0
0 61 55 0
0 61 0 120
0 57 0 0
0 57 51 120
0 61 60 0
0 61 0 480
0 57 0 0
0 57 50 0
0 61 59 0
0 61 0 180
0 57 0 0
0 57 53 60
0 61 63 0
0 61 0 240
0 57 0 0
0 62 59 0
0 59 50 0
0 59 0 240
0 62 0 0
0 61 50 0
0 64 59 0
0 64 0 120
0 61 0 0
0 64 66 120
0 61 56 0
0 61 0 240
0 64 0 0
0 38 45 480
0 50 45 0
0 50 0 240
0 38 0 0
0 59 34 0
0 57 27 0
0 54 27 0
0 50 27 0
0 50 0 228
0 59 0 0
0 57 0 0
0 54 0 0
0 59 34 12
0 57 27 0
0 54 27 0
0 50 27 0
0 50 0 228
0 59 0 0
0 57 0 0
0 54 0 0
0 59 40 12
0 57 32 0
0 54 32 0
0 50 32 0
0 50 0 228
0 59 0 0
0 57 0 0
0 54 0 0
0 59 34 12
0 57 27 0
0 54 27 0
0 50 27 0
0 50 0 228
0 59 0 0
0 57 0 0
0 54 0 0
0 59 34 12
0 57 27 0
0 54 27 0
0 50 27 0
0 50 0 228
0 59 0 0
0 57 0 0
0 54 0 0
0 59 40 12
0 57 32 0
0 54 32 0
0 50 32 0
0 50 0 1440
0 59 0 0
0 57 0 0
0 54 0 0
0 38 45 0
0 50 45 0
0 50 0 240
0 38 0 0
0 59 34 0
0 57 27 0
0 54 27 0
0 50 27 0
0 50 0 228
0 59 0 0
0 57 0 0
0 54 0 0
0 59 34 12
0 57 27 0
0 54 27 0
0 50 27 0
0 50 0 228
0 59 0 0
0 57 0 0
0 54 0 0
0 59 40 12
0 57 32 0
0 54 32 0
0 50 32 0
0 50 0 228
0 59 0 0
0 57 0 0
0 54 0 0
0 59 34 12
0 57 27 0
0 54 27 0
0 50 27 0
0 50 0 228
0 59 0 0
0 57 0 0
0 54 0 0
0 59 34 12
0 57 27 0
0 54 27 0
0 50 27 0
0 50 0 228
0 59 0 0
0 57 0 0
0 54 0 0
0 59 40 12
0 57 32 0
0 54 32 0
0 50 32 0
0 50 0 1440
0 59 0 0
0 57 0 0
0 54 0 0
0 39 60 0
0 51 71 0
0 51 0 456
0 39 0 0
0 57 46 24
0 59 55 0
0 54 46 0
0 51 46 0
0 51 0 180
0 57 0 0
0 59 0 0
0 54 0 0
0 51 45 60
0 57 45 0
0 54 45 0
0 59 64 0
0 59 0 456
0 51 0 0
0 57 0 0
0 54 0 0
0 59 56 24
0 57 47 0
0 54 47 0
0 51 47 0
0 51 0 120
0 59 0 0
0 57 0 0
0 54 0 0
0 56 60 120
0 52 60 0
0 50 60 0
0 59 71 0
0 59 0 456
0 50 0 0
0 52 0 24
0 56 0 0
0 56 46 0
0 59 55 0
0 52 46 0
0 50 46 0
0 50 0 180
0 56 0 0
0 59 0 0
0 52 0 0
0 50 45 60
0 56 45 0
0 52 45 0
0 59 64 0
0 59 0 456
0 50 0 0
0 56 0 0
0 52 0 0
0 59 70 24
0 56 58 0
0 52 58 0
0 50 58 0
0 50 0 120
0 59 0 0
0 56 0 0
0 52 0 0
0 57 57 120
0 52 57 0
0 49 57 0
0 61 68 0
0 61 0 456
0 57 0 0
0 52 0 0
0 49 0 0
0 49 51 24
0 52 51 0
0 57 51 0
0 61 62 0
0 61 0 120
0 49 0 0
0 52 0 0
0 57 0 0
0 49 51 120
0 52 51 0
0 57 51 0
0 61 62 0
0 61 0 480
0 49 0 0
0 52 0 0
0 57 0 0
0 45 46 240
0 38 46 0
0 47 54 0
0 47 0 120
0 38 0 0
0 45 0 0
0 38 40 120
0 47 49 0
0 45 40 0
0 45 0 120
0 47 0 0
0 38 0 0
0 38 39 120
0 45 39 0
0 47 49 0
0 47 0 120
0 45 0 0
0 38 0 0
0 45 45 120
0 38 45 0
0 47 53 0
0 47 0 120
0 38 0 0
0 45 0 0
0 38 39 120
0 47 48 0
0 45 39 0
0 45 0 120
0 47 0 0
0 38 0 0
0 38 38 120
0 45 38 0
0 47 47 0
0 47 0 120
0 45 0 0
0 38 0 0
0 45 44 120
0 38 44 0
0 47 51 0
0 47 0 120
0 38 0 0
0 45 0 0
0 38 36 120
0 47 45 0
0 45 36 0
0 45 0 120
0 47 0 0
0 38 0 0
0 38 35 120
0 45 35 0
0 47 44 0
0 47 0 120
0 45 0 0
0 38 0 0
0 45 41 120
0 38 41 0
0 47 47 0
0 47 0 120
0 38 0 0
0 45 0 0
0 38 34 120
0 47 42 0
0 45 34 0
0 45 0 120
0 47 0 0
0 38 0 0
0 38 33 120
0 45 33 0
0 47 41 0
0 47 0 120
0 45 0 0
0 38 0 0
0 45 37 120
0 40 37 0
0 49 44 0
0 49 0 120
0 40 0 0
0 45 0 0
0 45 31 120
0 40 31 0
0 49 38 0
0 49 0 120
0 40 0 0
0 45 0 0
0 45 30 120
0 40 30 0
0 49 38 0
0 49 0 120
0 40 0 0
0 45 0 0
0 40 34 120
0 47 40 0
0 47 0 120
0 40 0 0
0 40 29 120
0 47 35 0
0 47 0 120
0 40 0 0
0 38 28 120
0 40 35 0
0 40 0 120
0 38 0 0
0 37 28 120
0 40 28 0
0 45 28 0
0 45 0 480
0 40 0 0
0 37 0 0
0 45 31 480
0 33 26 0
0 33 0 120
0 45 0 0
0 45 27 120
0 33 22 0
0 33 0 120
0 45 0 0
0 45 34 120
0 38 28 0
0 38 0 480
0 45 0 0
0 45 34 480
0 33 28 0
0 33 0 120
0 45 0 0
0 45 32 120
0 33 27 0
0 33 0 120
0 45 0 0
0 45 45 120
0 38 38 0
0 38 0 480
0 45 0 0
0 56 45 480
0 49 38 0
0 49 0 120
0 56 0 0
0 49 39 120
0 56 47 0
0 56 0 120
0 49 0 0
0 54 49 120
0 57 59 0
0 57 0 480
0 54 0 0
0 59 50 480
0 52 42 0
0 52 0 120
0 59 0 0
0 52 44 120
0 59 52 0
0 59 0 120
0 52 0 0
0 57 55 120
0 61 66 0
0 61 0 480
0 57 0 0
0 49 45 480
0 57 52 0
0 52 45 0
0 52 0 120
0 57 0 0
0 49 0 0
0 49 46 120
0 52 46 0
0 57 55 0
0 57 0 120
0 52 0 0
0 49 0 0
0 49 58 120
0 52 58 0
0 58 70 0
0 58 0 480
0 52 0 0
0 49 0 0
0 49 47 480
0 58 56 0
0 52 47 0
0 52 0 120
0 58 0 0
0 49 0 0
0 49 49 120
0 52 49 0
0 58 58 0
0 58 0 120
0 52 0 0
0 49 0 0
0 50 60 120
0 54 60 0
0 59 73 0
0 59 0 480
0 54 0 0
0 50 0 0
0 57 50 480
0 50 50 0
0 59 58 0
0 54 50 0
0 54 0 120
0 57 0 0
0 50 0 0
0 59 0 0
0 57 51 120
0 50 51 0
0 54 51 0
0 59 61 0
0 59 0 120
0 57 0 0
0 50 0 0
0 54 0 0
0 57 64 120
0 51 64 0
0 54 64 0
0 60 77 0
0 60 0 480
0 57 0 0
0 51 0 0
0 54 0 0
0 57 52 480
0 51 52 0
0 60 62 0
0 54 52 0
0 54 0 120
0 57 0 0
0 51 0 0
0 60 0 0
0 57 54 120
0 51 54 0
0 54 54 0
0 60 64 0
0 60 0 120
0 57 0 0
0 51 0 0
0 54 0 0
0 57 67 120
0 52 67 0
0 61 81 0
0 61 0 480
0 52 0 0
0 57 0 0
0 49 61 600
0 57 73 0
0 57 0 90
0 49 0 0
0 57 73 30
0 49 61 0
0 49 0 180
0 57 0 0
0 49 63 60
0 57 73 0
0 57 0 240
0 49 0 0
0 59 69 0
0 52 57 0
0 52 0 240
0 59 0 0
0 57 57 0
0 61 69 0
0 61 0 120
0 57 0 0
0 57 64 120
0 61 75 0
0 61 0 480
0 57 0 0
0 57 63 0
0 61 73 0
0 61 0 180
0 57 0 0
0 57 66 60
0 61 78 0
0 61 0 240
0 57 0 0
0 62 73 0
0 59 63 0
0 59 0 240
0 62 0 0
0 61 63 0
0 64 73 0
0 64 0 120
0 61 0 0
0 61 66 120
0 64 78 0
0 64 0 240
0 61 0 0
0 62 73 0
0 59 63 0
0 59 0 240
0 62 0 0
0 57 63 0
0 61 73 0
0 61 0 120
0 57 0 0
0 52 66 120
0 56 66 0
0 59 78 0
0 59 0 960
0 56 0 0
0 52 0 0
0 52 63 0
0 59 73 0
0 56 63 0
0 56 0 120
0 59 0 0
0 52 0 0
0 52 63 120
0 56 63 0
0 59 73 0
0 59 0 120
0 56 0 0
0 52 0 0
0 52 66 120
0 56 66 0
0 59 78 0
0 59 0 480
0 56 0 0
0 52 0 0
0 28 75 240
0 40 78 0
0 40 0 240
0 28 0 0
0 49 61 120
0 57 73 0
0 57 0 90
0 49 0 0
0 57 73 30
0 49 61 0
0 49 0 180
0 57 0 0
0 49 63 60
0 57 73 0
0 57 0 240
0 49 0 0
0 59 69 0
0 52 57 0
0 52 0 240
0 59 0 0
0 57 57 0
0 61 69 0
0 61 0 120
0 57 0 0
0 57 64 120
0 61 75 0
0 61 0 480
0 57 0 0
0 57 63 0
0 61 73 0
0 61 0 180
0 57 0 0
0 57 66 60
0 61 78 0
0 61 0 240
0 57 0 0
0 62 73 0
0 59 63 0
0 59 0 240
0 62 0 0
0 61 63 0
0 64 73 0
0 64 0 120
0 61 0 0
0 61 66 120
0 64 78 0
0 64 0 240
0 61 0 0
0 62 73 0
0 59 63 0
0 59 0 240
0 62 0 0
0 57 63 0
0 61 73 0
0 61 0 120
0 57 0 0
0 52 66 120
0 56 66 0
0 59 78 0
0 59 0 960
0 56 0 0
0 52 0 0
0 52 63 0
0 59 73 0
0 56 63 0
0 56 0 120
0 59 0 0
0 52 0 0
0 52 63 120
0 56 63 0
0 59 73 0
0 59 0 120
0 56 0 0
0 52 0 0
0 52 66 120
0 56 66 0
0 59 78 0
0 59 0 480
0 56 0 0
0 52 0 0
0 33 75 240
0 45 78 0
0 45 0 240
0 33 0 0
0 49 61 120
0 57 73 0
0 57 0 90
0 49 0 0
0 57 73 30
0 49 61 0
0 49 0 180
0 57 0 0
0 49 63 60
0 57 73 0
0 57 0 240
0 49 0 0
0 59 69 0
0 52 57 0
0 52 0 240
0 59 0 0
0 57 57 0
0 61 69 0
0 61 0 120
0 57 0 0
0 57 64 120
0 61 75 0
0 61 0 480
0 57 0 0
0 57 63 0
0 61 73 0
0 61 0 180
0 57 0 0
0 57 66 60
0 61 78 0
0 61 0 240
0 57 0 0
0 62 73 0
0 59 63 0
0 59 0 240
0 62 0 0
0 61 63 0
0 64 73 0
0 64 0 120
0 61 0 0
0 61 78 120
0 64 78 0
0 64 0 360
0 61 0 0
0 62 68 0
0 66 68 0
0 66 0 120
0 62 0 0
0 62 64 0
0 66 64 0
0 66 0 240
0 62 0 0
0 69 61 0
0 66 51 0
0 57 51 0
0 57 0 1440
0 66 0 0
0 69 0 0
0 66 56 0
0 62 47 0
0 57 47 0
0 57 0 480
0 62 0 0
0 66 0 0
0 66 49 480
0 62 41 0
0 62 0 228
0 66 0 0
0 66 49 12
0 62 41 0
0 62 0 228
0 66 0 0
0 57 51 12
0 66 51 0
0 69 61 0
0 69 0 1200
0 66 0 0
0 57 0 0
0 66 46 0
0 62 39 0
0 62 0 240
0 66 0 0
0 57 45 0
0 66 45 0
0 69 54 0
0 57 0 720
0 69 0 240
0 66 0 0
0 64 39 0
0 68 42 0
0 68 0 240
0 64 0 0
0 66 41 0
0 62 35 0
0 62 0 240
0 66 0 0
0 57 31 0
0 61 31 0
0 64 37 0
0 64 0 480
0 61 0 0
0 57 0 0
0 68 29 240
0 74 40 0
0 74 0 720
0 68 0 0
0 69 31 0
0 73 37 0
0 73 0 480
0 69 0 0
0 68 31 240
0 62 31 0
0 71 44 0
0 71 0 720
0 62 0 0
0 68 0 0
0 61 31 0
0 64 31 0
0 69 37 0
0 69 0 720
0 64 0 0
0 61 0 0
0 56 30 0
0 62 42 0
0 62 0 720
0 56 0 0
0 57 30 0
0 61 35 0
0 61 0 720
0 57 0 0
0 52 27 0
0 62 38 0
0 56 27 7
0 62 0 233
0 52 0 0
0 56 0 7
0 45 29 353
0 52 29 60
0 61 34 60
0 61 0 240
0 52 0 0
0 45 0 0
0 69 26 720
0 73 36 0
0 73 0 180
0 69 0 0
0 69 26 60
0 73 26 0
0 73 0 180
0 69 0 0
0 69 27 60
0 73 33 0
0 73 0 480
0 69 0 0
0 61 25 480
0 69 35 0
0 69 0 180
0 61 0 0
0 61 25 60
0 69 25 0
0 69 0 180
0 61 0 0
0 61 26 60
0 69 32 0
0 69 0 480
0 61 0 0
0 57 24 480
0 61 34 0
0 61 0 180
0 57 0 0
0 57 24 60
0 61 24 0
0 61 0 180
0 57 0 0
0 57 26 60
0 61 31 0
0 61 0 480
0 57 0 0
0 52 41 240
0 59 48 0
0 59 0 480
0 52 0 0
0 57 56 240
0 49 51 0
0 49 0 240
0 57 0 0
0 61 25 1020
0 64 25 60
0 69 25 0
0 73 39 120
0 69 0 180
0 61 0 60
0 64 0 0
0 73 0 0
0 45 33 1200
0 33 28 0
0 33 0 120
0 45 0 0
