0 61 42 0
0 69 50 0
0 69 0 120
0 61 0 0
0 64 36 0
0 64 0 120
0 61 36 0
0 61 0 120
0 64 36 0
0 64 0 120
0 69 50 0
0 69 0 120
0 64 34 0
0 64 0 120
0 71 45 0
0 68 38 0
0 68 0 120
0 71 0 0
0 64 33 0
0 64 0 120
0 69 42 0
0 73 50 0
0 73 0 120
0 69 0 0
0 64 36 0
0 64 0 120
0 61 36 0
0 61 0 120
0 64 36 0
0 64 0 120
0 73 50 0
0 73 0 120
0 69 33 0
0 69 0 120
0 71 42 0
0 74 50 0
0 74 0 120
0 71 0 0
0 69 33 0
0 69 0 120
0 73 43 0
0 76 51 0
0 76 0 120
0 73 0 0
0 69 40 0
0 69 0 120
0 73 49 0
0 76 58 0
0 76 0 120
0 73 0 0
0 69 43 0
0 69 0 120
0 74 53 0
0 78 63 0
0 78 0 120
0 74 0 0
0 69 41 0
0 69 0 120
0 76 56 0
0 80 67 0
0 80 0 120
0 76 0 0
0 69 48 0
0 69 0 120
0 80 47 0
0 83 56 0
0 80 0 120
0 69 33 0
0 69 0 120
0 83 0 0
0 81 52 0
0 78 44 0
0 78 0 120
0 69 29 0
0 69 0 120
0 81 0 0
0 80 48 0
0 76 40 0
0 76 0 120
0 69 29 0
0 69 0 120
0 80 0 0
0 78 49 0
0 74 41 0
0 74 0 120
0 69 36 0
0 69 0 120
0 78 0 0
0 76 49 0
0 73 41 0
0 73 0 120
0 66 29 0
0 66 0 120
0 76 0 0
0 74 48 0
0 71 40 0
0 71 0 120
0 66 24 0
0 66 0 120
0 74 0 0
0 73 47 0
0 64 39 0
0 64 0 120
0 66 34 0
0 66 0 120
0 73 0 0
0 71 45 0
0 62 38 0
0 62 0 120
0 66 33 0
0 66 0 120
0 71 0 0
0 69 45 0
0 61 38 0
0 61 0 120
0 64 33 0
0 64 0 120
0 69 0 0
0 73 47 0
0 64 33 120
0 64 0 120
0 73 0 0
0 62 35 0
0 71 42 0
0 62 0 120
0 64 32 0
0 64 0 120
0 71 0 0
0 68 42 0
0 64 29 120
0 64 0 120
0 68 0 0
0 61 37 0
0 69 45 0
0 69 0 120
0 61 0 0
0 64 32 0
0 64 0 120
0 61 31 0
0 61 0 120
0 64 30 0
0 64 0 120
0 69 39 0
0 69 0 120
0 73 32 0
0 73 0 120
0 76 37 0
0 76 0 120
0 73 33 0
0 73 0 120
0 61 31 0
0 69 37 0
0 69 0 240
0 61 0 0
0 69 34 240
0 61 29 0
0 61 0 240
0 69 0 0
0 61 37 240
0 69 37 0
0 69 0 240
0 61 0 0
0 64 52 480
0 64 0 240
0 69 60 0
0 64 51 0
0 64 0 456
0 69 0 0
0 71 69 24
0 68 58 0
0 64 58 0
0 64 0 456
0 68 0 0
0 71 0 0
0 73 73 24
0 69 60 0
0 64 60 0
0 64 0 713
0 69 0 0
0 73 0 0
0 73 59 7
0 73 0 234
0 73 68 6
0 69 57 0
0 66 57 0
0 73 0 234
0 66 0 6
0 69 0 0
0 73 59 0
0 73 0 240
0 76 72 0
0 76 0 360
0 74 59 0
0 74 0 120
0 73 69 0
0 66 58 0
0 66 0 480
0 73 0 0
0 71 52 0
0 71 0 228
0 71 47 12
0 71 0 228
0 74 57 12
0 66 48 0
0 66 0 456
0 74 0 0
0 73 53 24
0 65 45 0
0 65 0 480
0 73 0 0
0 61 42 0
0 66 42 0
0 69 50 0
0 69 0 718
0 66 0 2
0 61 0 0
0 69 37 0
0 69 0 240
0 71 42 0
0 69 42 0
0 62 42 0
0 69 0 480
0 68 38 0
0 71 0 240
0 73 34 0
0 73 0 240
0 68 0 0
0 62 0 0
0 61 32 0
0 69 38 0
0 69 0 480
0 61 0 0
0 64 68 240
0 64 0 240
0 69 69 0
0 64 58 0
0 64 0 456
0 69 0 0
0 71 78 24
0 68 67 0
0 64 67 0
0 64 0 456
0 68 0 0
0 71 0 0
0 73 84 24
0 69 69 0
0 64 69 0
0 64 0 713
0 69 0 0
0 73 0 0
0 73 68 7
0 73 0 228
0 73 77 12
0 69 66 0
0 66 66 0
0 73 0 228
0 73 68 12
0 73 0 170
0 73 65 10
0 73 0 60
0 76 82 0
0 76 0 360
0 74 68 0
0 74 0 120
0 66 0 0
0 69 0 0
0 73 78 0
0 66 67 0
0 66 0 480
0 73 0 0
0 71 55 0
0 71 0 228
0 71 48 12
0 71 0 228
0 74 57 12
0 66 48 0
0 66 0 480
0 74 0 0
0 73 53 0
0 65 45 0
0 65 0 480
0 73 0 0
0 61 42 0
0 66 42 0
0 69 50 0
0 69 0 718
0 66 0 2
0 61 0 0
0 69 37 0
0 69 0 240
0 71 42 0
0 69 42 0
0 62 42 0
0 69 0 480
0 68 38 0
0 71 0 240
0 73 34 0
0 73 0 240
0 68 0 0
0 62 0 0
0 61 32 0
0 69 38 0
0 69 0 480
0 61 0 0
0 64 58 480
0 69 58 0
0 76 69 0
0 76 0 480
0 69 0 0
0 64 0 0
0 71 53 0
0 74 65 0
0 74 0 240
0 71 0 0
0 73 53 0
0 69 45 0
0 69 0 216
0 73 0 0
0 64 58 24
0 68 58 0
0 73 69 0
0 73 0 480
0 68 0 0
0 64 0 0
0 71 63 0
0 71 0 240
0 64 45 240
0 69 53 0
0 69 0 216
0 64 0 0
0 64 39 24
0 69 46 0
0 69 0 216
0 64 0 0
0 62 45 24
0 68 54 0
0 68 0 216
0 62 0 0
0 61 39 24
0 66 46 0
0 66 0 216
0 61 0 0
0 59 46 24
0 62 46 0
0 66 55 0
0 66 0 480
0 64 52 0
0 62 0 480
0 59 0 0
0 61 44 0
0 61 0 240
0 64 0 0
0 63 45 0
0 66 53 0
0 66 0 240
0 63 0 0
0 64 45 0
0 68 54 0
0 68 0 240
0 64 0 0
0 66 46 0
0 69 55 0
0 69 0 240
0 66 0 0
0 71 65 0
0 64 55 0
0 71 0 240
0 76 66 0
0 76 0 240
0 71 58 0
0 71 0 360
0 68 56 0
0 68 0 120
0 71 66 0
0 71 0 480
0 64 0 0
0 69 56 0
0 63 47 0
0 69 0 240
0 66 43 0
0 66 0 230
0 63 0 5
0 59 32 5
0 57 32 0
0 63 32 0
0 66 38 0
0 66 0 480
0 59 0 0
0 57 0 0
0 63 0 0
0 56 32 0
0 64 38 0
0 64 0 240
0 56 0 0
0 61 41 240
0 64 41 0
0 73 49 0
0 73 0 480
0 64 0 0
0 61 0 0
0 64 43 0
0 73 48 0
0 73 0 240
0 64 0 0
0 69 43 0
0 69 0 240
0 62 42 0
0 68 50 0
0 68 0 480
0 62 0 0
0 66 45 0
0 66 0 240
0 61 28 240
0 64 28 0
0 73 35 0
0 73 0 480
0 64 0 0
0 61 0 0
0 64 30 0
0 73 34 0
0 73 0 240
0 64 0 0
0 69 30 0
0 69 0 240
0 62 26 0
0 68 32 0
0 68 0 480
0 62 0 0
0 66 28 0
0 66 0 240
0 66 64 240
0 78 73 0
0 78 0 480
0 73 69 0
0 73 0 720
0 66 0 0
0 66 22 0
0 71 45 0
0 71 0 180
0 66 0 0
0 66 22 60
0 73 45 0
0 73 0 180
0 66 0 0
0 66 22 60
0 74 45 0
0 74 0 180
0 66 0 0
0 64 33 60
0 73 39 0
0 73 0 480
0 71 40 0
0 71 0 216
0 76 34 24
0 76 0 216
0 64 0 24
0 64 34 0
0 68 34 0
0 74 41 0
0 74 0 480
0 68 0 0
0 64 0 0
0 69 35 0
0 73 39 0
0 73 0 240
0 69 0 0
0 64 68 0
0 64 0 240
0 69 69 0
0 64 46 240
0 69 0 216
0 64 0 24
0 71 78 0
0 64 53 240
0 68 53 0
0 71 0 216
0 68 0 24
0 64 0 0
0 73 84 0
0 64 46 240
0 69 46 0
0 69 0 216
0 64 0 0
0 64 46 24
0 69 46 0
0 69 0 216
0 64 0 0
0 73 0 17
0 64 46 7
0 69 46 0
0 73 74 0
0 69 0 216
0 64 0 0
0 73 0 12
0 73 85 12
0 73 0 228
0 73 74 12
0 69 46 0
0 64 46 0
0 73 0 170
0 73 71 10
0 64 0 36
0 69 0 0
0 73 0 24
0 76 90 0
0 69 46 0
0 64 46 0
0 64 0 216
0 69 0 0
0 69 46 24
0 64 46 0
0 76 0 120
0 74 74 0
0 64 0 96
0 69 0 0
0 74 0 24
0 73 82 0
0 69 58 240
0 69 0 240
0 73 0 0
0 69 72 0
0 71 72 0
0 71 0 228
0 69 0 0
0 69 67 12
0 71 67 0
0 71 0 228
0 69 0 0
0 81 92 12
0 81 0 480
0 81 85 0
0 81 0 480
0 81 75 0
0 81 0 240
0 76 63 0
0 76 0 240
0 73 68 0
0 73 0 240
0 78 63 0
0 78 0 240
0 76 68 0
0 76 0 240
0 73 58 0
0 73 0 240
0 69 57 0
0 69 0 240
0 66 56 0
0 66 0 240
0 64 63 0
0 57 31 480
0 61 40 0
0 61 0 480
0 57 0 0
0 56 31 0
0 59 35 0
0 64 0 240
0 63 45 0
0 63 0 240
0 62 42 0
0 59 0 350
0 62 0 10
0 59 31 0
0 59 0 120
0 56 0 0
0 57 38 0
0 57 0 120
0 64 30 0
0 64 0 120
0 61 30 0
0 61 0 120
0 64 30 0
0 64 0 120
0 69 42 0
0 69 0 120
0 64 28 0
0 64 0 120
0 71 38 0
0 68 32 0
0 68 0 120
0 71 0 0
0 64 28 0
0 64 0 120
0 69 35 0
0 73 42 0
0 73 0 120
0 69 0 0
0 64 30 0
0 64 0 120
0 61 30 0
0 61 0 120
0 64 30 0
0 64 0 120
0 73 42 0
0 73 0 120
0 69 28 0
0 69 0 120
0 71 35 0
0 74 42 0
0 74 0 120
0 71 0 0
0 69 28 0
0 69 0 120
0 73 36 0
0 76 43 0
0 76 0 120
0 73 0 0
0 69 34 0
0 69 0 120
0 73 41 0
0 76 49 0
0 76 0 120
0 73 0 0
0 69 36 0
0 69 0 120
0 74 45 0
0 78 53 0
0 78 0 120
0 74 0 0
0 69 34 0
0 69 0 120
0 76 47 0
0 80 56 0
0 80 0 120
0 76 0 0
0 69 40 0
0 69 0 120
0 80 39 0
0 83 47 0
0 80 0 120
0 69 28 0
0 69 0 120
0 83 0 0
0 81 44 0
0 78 37 0
0 78 0 120
0 69 24 0
0 69 0 120
0 81 0 0
0 80 40 0
0 76 34 0
0 76 0 120
0 69 24 0
0 69 0 120
0 80 0 0
0 78 41 0
0 74 34 0
0 74 0 120
0 69 30 0
0 69 0 120
0 78 0 0
0 76 41 0
0 73 34 0
0 73 0 120
0 66 24 0
0 66 0 120
0 76 0 0
0 74 40 0
0 71 34 0
0 71 0 120
0 66 20 0
0 66 0 120
0 74 0 0
0 73 39 0
0 64 33 0
0 64 0 120
0 66 28 0
0 66 0 120
0 73 0 0
0 71 38 0
0 62 32 0
0 62 0 120
0 66 28 0
0 66 0 120
0 71 0 0
0 69 38 0
0 61 32 0
0 61 0 120
0 64 28 0
0 64 0 120
0 69 0 0
0 73 39 0
0 64 28 120
0 64 0 120
0 73 0 0
0 62 29 0
0 71 35 0
0 62 0 120
0 64 27 0
0 64 0 120
0 71 0 0
0 68 35 0
0 64 24 120
0 64 0 120
0 68 0 0
0 61 31 0
0 69 38 0
0 69 0 120
0 61 0 0
0 64 27 0
0 64 0 120
0 61 26 0
0 61 0 120
0 64 25 0
0 64 0 120
0 69 33 0
0 69 0 120
0 73 27 0
0 73 0 120
0 76 31 0
0 76 0 120
0 73 28 0
0 73 0 120
0 76 26 0
0 69 26 0
0 81 31 0
0 81 0 240
0 69 0 0
0 76 0 0
0 76 24 240
0 81 28 0
0 69 24 0
0 69 0 240
0 81 0 0
0 76 0 0
0 76 31 240
0 69 31 0
0 81 31 0
0 81 0 240
0 69 0 0
0 76 0 0
0 45 34 0
0 57 40 0
0 57 0 1920
0 45 0 0
0 33 34 0
0 45 40 0
0 45 0 720
0 33 0 0
0 32 34 0
0 44 40 0
0 44 0 240
0 32 0 0
0 42 45 0
0 30 38 0
0 30 0 1440
0 42 0 0
0 50 46 0
0 38 39 0
0 38 0 480
0 50 0 0
0 52 43 0
0 40 36 0
0 40 0 960
0 52 0 0
0 52 43 0
0 45 36 0
0 45 0 480
0 52 0 0
0 45 25 480
0 52 30 0
0 52 0 240
0 45 0 0
0 52 27 240
0 45 23 0
0 45 0 240
0 52 0 0
0 45 30 240
0 52 30 0
0 52 0 240
0 45 0 0
0 52 42 480
0 52 0 240
0 57 53 0
0 49 45 0
0 49 0 456
0 57 0 0
0 59 54 24
0 52 46 0
0 52 0 456
0 59 0 0
0 57 49 24
0 61 58 0
0 61 0 951
0 57 0 0
0 61 56 9
0 57 46 0
0 54 46 0
0 54 0 951
0 57 0 0
0 61 0 0
0 54 57 9
0 50 48 0
0 50 0 960
0 54 0 0
0 56 45 0
0 47 38 0
0 47 0 456
0 56 0 0
0 49 34 24
0 56 40 0
0 56 0 480
0 49 0 0
0 54 34 0
0 57 40 0
0 57 0 960
0 54 0 0
0 52 31 0
0 40 26 0
0 40 0 960
0 52 0 0
0 52 32 0
0 45 27 0
0 45 0 480
0 52 0 0
0 52 54 240
0 52 0 240
0 57 60 0
0 49 51 0
0 49 0 456
0 57 0 0
0 59 61 24
0 52 52 0
0 52 0 456
0 59 0 0
0 57 56 24
0 61 67 0
0 61 0 713
0 61 56 7
0 61 0 228
0 57 0 12
0 61 65 0
0 57 52 0
0 54 52 0
0 61 0 228
0 61 58 12
0 61 0 228
0 64 65 12
0 64 0 360
0 62 57 0
0 62 0 120
0 54 0 0
0 57 0 0
0 50 66 0
0 61 54 0
0 61 0 480
0 50 0 0
0 59 40 0
0 59 0 240
0 47 45 240
0 47 0 480
0 49 34 0
0 56 40 0
0 56 0 480
0 49 0 0
0 54 34 0
0 57 40 0
0 57 0 960
0 54 0 0
0 52 31 0
0 40 26 0
0 40 0 960
0 52 0 0
0 45 27 0
0 52 38 240
0 52 0 216
0 52 41 24
0 52 0 216
0 52 47 24
0 52 0 216
0 45 0 24
0 49 34 0
0 52 40 0
0 52 0 216
0 52 30 24
0 52 0 216
0 52 33 24
0 52 0 216
0 52 33 24
0 52 0 216
0 49 0 24
0 50 34 0
0 52 31 240
0 52 0 216
0 52 33 24
0 52 0 216
0 52 32 24
0 52 0 216
0 50 0 24
0 49 32 0
0 52 38 0
0 52 0 216
0 49 0 0
0 49 26 24
0 52 31 0
0 52 0 216
0 49 0 0
0 47 27 24
0 52 32 0
0 52 0 216
0 47 0 0
0 45 25 24
0 52 30 0
0 52 0 216
0 45 0 0
0 44 33 24
0 52 29 240
0 52 0 216
0 52 32 24
0 52 0 216
0 52 27 24
0 52 0 216
0 44 0 24
0 52 32 0
0 52 0 240
0 45 30 0
0 45 0 240
0 44 32 0
0 59 45 0
0 59 0 240
0 44 0 0
0 42 32 0
0 57 46 0
0 57 0 240
0 42 0 0
0 47 33 0
0 56 33 0
0 56 0 960
0 54 33 0
0 54 0 720
0 57 33 0
0 57 0 230
0 47 0 10
0 40 33 0
0 40 0 960
0 45 28 0
0 57 33 0
0 57 0 216
0 57 24 24
0 57 0 216
0 45 0 24
0 49 28 0
0 57 27 0
0 57 0 216
0 57 27 24
0 57 0 216
0 49 0 24
0 57 33 0
0 50 28 0
0 57 0 216
0 57 25 24
0 57 0 216
0 57 27 24
0 57 0 216
0 57 27 24
0 57 0 216
0 50 0 24
0 45 20 0
0 57 23 0
0 57 0 216
0 57 16 24
0 57 0 216
0 45 0 24
0 49 20 0
0 57 19 0
0 57 0 216
0 57 19 24
0 57 0 216
0 49 0 24
0 57 20 0
0 50 17 0
0 57 0 216
0 57 15 24
0 57 0 216
0 57 16 24
0 57 0 216
0 57 19 24
0 57 0 216
0 50 0 24
0 57 54 0
0 49 48 0
0 57 0 216
0 57 42 24
0 57 0 216
0 57 44 24
0 57 0 216
0 57 44 24
0 57 0 216
0 57 40 24
0 57 0 216
0 49 0 24
0 50 22 0
0 57 22 0
0 57 0 180
0 50 0 0
0 49 22 60
0 57 24 0
0 57 0 180
0 49 0 0
0 47 22 60
0 57 24 0
0 57 0 180
0 47 0 0
0 52 24 60
0 57 28 0
0 57 0 480
0 56 24 0
0 56 0 480
0 52 0 0
0 45 24 0
0 52 54 720
0 52 0 240
0 45 0 0
0 52 40 240
0 49 40 0
0 57 48 0
0 57 0 240
0 49 0 0
0 52 0 0
0 56 42 240
0 52 42 0
0 59 49 0
0 59 0 240
0 52 0 0
0 56 0 0
0 57 37 240
0 61 45 0
0 61 0 216
0 57 0 0
0 57 37 24
0 61 45 0
0 61 0 216
0 57 0 0
0 57 31 24
0 61 37 0
0 61 0 216
0 57 0 0
0 49 37 264
0 52 37 0
0 61 45 0
0 57 37 0
0 57 0 216
0 49 0 0
0 52 0 0
0 61 0 0
0 49 37 24
0 52 37 0
0 57 37 0
0 61 45 0
0 61 0 216
0 49 0 0
0 52 0 0
0 57 0 0
0 49 31 24
0 52 31 0
0 57 31 0
0 61 37 0
0 61 0 216
0 49 0 0
0 52 0 0
0 57 0 0
0 54 47 264
0 63 56 0
0 57 47 0
0 57 0 216
0 63 0 0
0 54 0 0
0 54 47 24
0 57 47 0
0 63 56 0
0 63 0 216
0 57 0 0
0 54 0 0
0 54 39 24
0 57 39 0
0 63 47 0
0 63 0 216
0 57 0 0
0 54 0 0
0 53 51 24
0 57 51 0
0 62 61 0
0 62 0 216
0 57 0 0
0 53 0 0
0 53 43 24
0 57 43 0
0 62 51 0
0 62 0 216
0 57 0 0
0 53 0 0
0 59 51 24
0 53 51 0
0 57 51 0
0 62 61 0
0 62 0 216
0 59 0 0
0 53 0 0
0 57 0 0
0 59 43 24
0 53 43 0
0 57 43 0
0 62 51 0
0 62 0 216
0 59 0 0
0 53 0 0
0 57 0 0
0 52 50 24
0 57 50 0
0 61 59 0
0 61 0 480
0 57 0 0
0 52 0 0
0 52 31 1920
0 52 0 480
0 40 26 0
0 50 31 0
0 50 0 960
0 40 0 0
0 45 28 0
0 49 34 0
0 49 0 480
0 45 0 1440
0 33 28 0
0 45 34 0
0 45 0 720
0 33 0 0
0 32 28 0
0 44 34 0
0 44 0 240
0 32 0 0
0 42 38 0
0 30 32 0
0 30 0 1440
0 42 0 0
0 50 39 0
0 38 33 0
0 38 0 480
0 50 0 0
0 52 36 0
0 40 30 0
0 40 0 960
0 52 0 0
0 52 36 0
0 45 30 0
0 45 0 480
0 52 0 0
0 61 21 480
0 57 21 0
0 64 25 0
0 64 0 240
0 57 0 0
0 61 0 0
0 61 19 240
0 64 22 0
0 57 19 0
0 57 0 240
0 64 0 0
0 61 0 0
0 61 25 240
0 57 25 0
0 64 25 0
0 64 0 240
0 57 0 0
0 61 0 0
