0 61 50 2400
0 57 40 240
0 61 0 216
0 57 0 24
0 61 56 0
0 56 37 240
0 56 0 240
0 57 42 0
0 57 0 240
0 54 34 0
0 54 0 240
0 61 0 0
0 66 54 0
0 61 39 240
0 66 0 216
0 61 0 24
0 66 55 0
0 60 45 240
0 60 0 240
0 61 55 0
0 61 0 240
0 57 46 0
0 57 0 240
0 66 0 0
0 69 66 0
0 66 55 240
0 66 0 240
0 69 0 0
0 74 73 0
0 68 56 240
0 68 0 240
0 69 61 0
0 69 0 240
0 66 56 0
0 66 0 240
0 74 0 0
0 73 68 0
0 69 49 240
0 69 0 240
0 73 0 0
0 72 68 0
0 68 50 240
0 68 0 240
0 69 55 0
0 69 0 240
0 66 45 0
0 72 0 230
0 66 0 10
0 72 51 0
0 69 33 240
0 69 0 240
0 72 0 0
0 73 56 0
0 68 43 240
0 68 0 240
0 61 46 0
0 61 0 240
0 63 42 0
0 63 0 240
0 73 0 0
0 65 40 0
0 71 50 0
0 65 0 240
0 61 38 0
0 71 0 170
0 71 43 10
0 71 0 60
0 61 0 0
0 66 44 0
0 69 55 0
0 69 0 240
0 66 0 0
0 61 46 0
0 61 0 240
0 65 50 0
0 68 63 0
0 68 0 240
0 65 0 0
0 61 54 0
0 61 0 240
0 66 55 0
0 69 69 0
0 69 0 240
0 66 0 0
0 61 57 0
0 61 0 240
0 66 55 0
0 69 69 0
0 73 76 0
0 66 0 240
0 62 54 0
0 62 0 240
0 73 0 0
0 69 0 0
0 68 48 0
0 71 61 0
0 68 0 240
0 62 49 0
0 62 0 240
0 71 0 0
0 66 40 0
0 69 50 0
0 69 0 240
0 66 0 0
0 62 41 0
0 62 0 240
0 66 44 0
0 69 56 0
0 66 0 240
0 61 45 0
0 61 0 240
0 69 0 0
0 65 40 0
0 68 50 0
0 65 0 240
0 59 43 0
0 59 0 240
0 68 0 0
0 61 50 0
0 57 40 240
0 61 0 216
0 57 0 24
0 61 56 0
0 56 37 240
0 56 0 240
0 57 42 0
0 57 0 240
0 54 34 0
0 54 0 240
0 61 0 0
0 66 54 0
0 61 39 240
0 66 0 216
0 61 0 24
0 66 55 0
0 60 45 240
0 60 0 240
0 61 55 0
0 61 0 240
0 57 46 0
0 57 0 240
0 66 0 0
0 69 66 0
0 66 55 240
0 66 0 240
0 69 0 0
0 74 73 0
0 68 56 240
0 68 0 240
0 69 61 0
0 69 0 240
0 66 56 0
0 66 0 240
0 74 0 0
0 73 68 0
0 69 49 240
0 69 0 240
0 73 0 0
0 72 68 0
0 68 50 240
0 68 0 240
0 69 55 0
0 69 0 240
0 66 45 0
0 72 0 230
0 66 0 10
0 72 51 0
0 69 33 240
0 69 0 240
0 72 0 0
0 73 56 0
0 68 43 240
0 68 0 240
0 61 46 0
0 61 0 240
0 62 42 0
0 62 0 240
0 73 0 0
0 64 40 0
0 70 50 0
0 70 0 240
0 64 0 0
0 61 38 0
0 61 0 240
0 62 46 0
0 71 56 0
0 62 0 240
0 66 43 0
0 66 0 240
0 71 0 0
0 64 46 0
0 64 0 240
0 62 42 0
0 62 0 240
0 61 40 0
0 70 50 0
0 61 0 240
0 64 38 0
0 64 0 240
0 70 0 0
0 62 46 0
0 71 56 0
0 62 0 240
0 66 43 0
0 66 0 240
0 71 0 0
0 69 50 0
0 61 46 0
0 61 0 240
0 69 0 0
0 64 42 0
0 64 0 240
0 59 40 0
0 68 50 0
0 68 0 240
0 59 0 0
0 62 38 0
0 62 0 240
0 57 46 0
0 66 56 0
0 57 0 240
0 61 43 0
0 61 0 240
0 66 0 0
0 65 56 0
0 56 46 0
0 56 0 240
0 59 42 0
0 59 0 240
0 65 0 0
0 61 40 0
0 70 50 0
0 61 0 240
0 64 38 0
0 64 0 240
0 70 0 0
0 62 43 0
0 71 56 0
0 62 0 240
0 66 43 0
0 66 0 240
0 71 0 0
0 64 46 0
0 64 0 240
0 62 42 0
0 62 0 240
0 61 40 0
0 70 50 0
0 61 0 240
0 64 38 0
0 64 0 240
0 70 0 0
0 62 46 0
0 71 56 0
0 62 0 240
0 66 43 0
0 66 0 240
0 71 0 0
0 64 46 0
0 64 0 240
0 62 42 0
0 62 0 240
0 61 40 0
0 70 50 0
0 61 0 240
0 64 38 0
0 64 0 240
0 70 0 0
0 62 46 0
0 71 56 0
0 62 0 240
0 66 43 0
0 66 0 240
0 71 0 0
0 69 50 0
0 61 46 0
0 61 0 240
0 69 0 0
0 64 42 0
0 64 0 240
0 59 40 0
0 68 50 0
0 68 0 240
0 59 0 0
0 62 38 0
0 62 0 240
0 57 46 0
0 66 56 0
0 57 0 240
0 61 43 0
0 61 0 240
0 66 0 0
0 65 56 0
0 56 46 0
0 56 0 240
0 59 42 0
0 59 0 240
0 65 0 0
0 61 40 0
0 70 50 0
0 61 0 240
0 64 38 0
0 64 0 240
0 70 0 0
0 62 43 0
0 71 56 0
0 62 0 240
0 66 43 0
0 66 0 240
0 71 0 0
0 64 46 0
0 64 0 240
0 62 42 0
0 62 0 240
0 70 40 0
0 73 50 0
0 70 0 240
0 66 38 0
0 66 0 240
0 73 0 0
0 71 45 0
0 74 56 0
0 71 0 240
0 66 43 0
0 66 0 240
0 74 0 0
0 72 48 0
0 75 61 0
0 72 0 240
0 66 48 0
0 66 0 240
0 75 0 0
0 71 53 0
0 76 66 0
0 71 0 240
0 68 52 0
0 68 0 240
0 76 0 0
0 75 58 0
0 78 72 0
0 75 0 240
0 69 57 0
0 69 0 240
0 78 0 0
0 76 62 0
0 79 78 0
0 76 0 240
0 71 62 0
0 71 0 240
0 79 0 0
0 76 67 0
0 80 84 0
0 76 0 240
0 71 66 0
0 71 0 240
0 80 0 0
0 76 73 0
0 81 91 0
0 76 0 240
0 73 70 0
0 73 0 240
0 81 0 0
0 76 75 0
0 85 93 0
0 76 0 240
0 73 71 0
0 73 0 240
0 85 0 0
0 76 75 0
0 83 93 0
0 76 0 240
0 73 71 0
0 83 0 210
0 73 0 30
0 76 75 0
0 83 93 0
0 76 0 240
0 73 71 0
0 73 0 240
0 83 0 0
0 76 75 0
0 82 93 0
0 76 0 240
0 73 71 0
0 73 0 240
0 82 0 0
0 74 75 0
0 79 93 0
0 74 0 240
0 71 63 0
0 79 0 210
0 71 0 30
0 73 75 0
0 79 93 0
0 73 0 240
0 70 68 0
0 70 0 240
0 79 0 0
0 73 71 0
0 78 90 0
0 73 0 240
0 70 65 0
0 70 0 240
0 78 0 0
0 73 66 0
0 76 83 0
0 73 0 240
0 67 60 0
0 76 0 210
0 67 0 30
0 73 61 0
0 76 77 0
0 73 0 240
0 66 56 0
0 66 0 240
0 76 0 0
0 72 57 0
0 75 71 0
0 72 0 240
0 70 51 0
0 70 0 240
0 75 0 0
0 71 52 0
0 74 66 0
0 71 0 240
0 65 47 0
0 74 0 210
0 65 0 30
0 71 48 0
0 74 60 0
0 71 0 240
0 64 44 0
0 64 0 240
0 74 0 0
0 69 44 0
0 73 55 0
0 69 0 240
0 68 39 0
0 68 0 240
0 73 0 0
0 69 40 0
0 72 50 0
0 69 0 240
0 65 38 0
0 65 0 240
0 72 0 0
0 68 40 0
0 71 50 0
0 68 0 240
0 64 38 0
0 64 0 240
0 71 0 0
0 74 74 0
0 71 62 0
0 71 0 240
0 64 56 0
0 64 0 240
0 74 0 0
0 72 62 0
0 69 62 0
0 69 0 240
0 64 38 0
0 64 0 240
0 72 0 0
0 68 40 0
0 71 50 0
0 68 0 240
0 64 38 0
0 64 0 240
0 71 0 0
0 76 74 0
0 71 62 0
0 71 0 240
0 64 56 0
0 64 0 240
0 76 0 0
0 72 62 0
0 69 62 0
0 69 0 240
0 64 38 0
0 64 0 240
0 72 0 0
0 68 40 0
0 71 50 0
0 68 0 240
0 64 38 0
0 64 0 240
0 71 0 0
0 74 74 0
0 71 62 0
0 71 0 240
0 64 56 0
0 64 0 240
0 74 0 0
0 72 62 0
0 69 62 0
0 69 0 240
0 64 38 0
0 64 0 240
0 72 0 0
0 68 40 0
0 71 50 0
0 68 0 240
0 64 38 0
0 64 0 240
0 71 0 0
0 76 74 0
0 71 62 0
0 71 0 240
0 64 56 0
0 64 0 240
0 76 0 0
0 72 62 0
0 69 62 0
0 69 0 240
0 64 38 0
0 64 0 240
0 72 0 0
0 68 40 0
0 71 50 0
0 71 0 240
0 68 0 0
0 64 38 0
0 64 0 240
0 63 42 0
0 63 0 240
0 64 38 0
0 64 0 240
0 68 42 0
0 68 0 240
0 64 38 0
0 64 0 240
0 71 45 0
0 71 0 240
0 68 45 0
0 68 0 240
0 67 46 0
0 67 0 240
0 68 49 0
0 68 0 240
0 71 50 0
0 71 0 240
0 68 52 0
0 68 0 240
0 74 54 0
0 74 0 240
0 71 54 0
0 71 0 240
0 77 55 0
0 77 0 240
0 74 56 0
0 74 0 240
0 80 59 0
0 80 0 240
0 77 63 0
0 77 0 240
0 83 70 0
0 83 0 240
0 80 62 0
0 80 0 240
0 86 70 0
0 86 0 240
0 83 59 0
0 83 0 240
0 81 65 0
0 81 0 240
0 80 61 0
0 80 0 240
0 88 69 0
0 88 0 240
0 86 63 0
0 86 0 240
0 85 59 0
0 85 0 240
0 83 58 0
0 83 0 240
0 81 56 0
0 81 0 240
0 80 49 0
0 80 0 240
0 81 55 0
0 81 0 240
0 78 53 0
0 78 0 240
0 75 51 0
0 75 0 240
0 71 51 0
0 71 0 240
0 69 48 0
0 69 0 240
0 66 46 0
0 66 0 240
0 74 61 0
0 68 61 0
0 68 0 240
0 74 0 0
0 71 51 0
0 71 0 240
0 68 48 0
0 68 0 240
0 64 47 0
0 64 0 240
0 62 46 0
0 62 0 240
0 59 43 0
0 59 0 240
0 67 49 0
0 67 0 240
0 64 42 0
0 64 0 240
0 61 45 0
0 61 0 240
0 57 46 0
0 57 0 240
0 56 48 0
0 56 0 240
0 55 52 0
0 55 0 240
0 54 54 0
0 54 0 240
0 58 38 0
0 58 0 240
0 59 45 0
0 59 0 240
0 54 38 0
0 54 0 240
0 61 43 0
0 61 0 240
0 54 38 0
0 54 0 240
0 62 50 0
0 62 0 240
0 56 38 0
0 56 0 240
0 52 43 0
0 52 0 240
0 56 38 0
0 56 0 240
0 50 45 0
0 50 0 240
0 56 37 0
0 56 0 240
0 49 45 0
0 49 0 240
0 52 33 0
0 52 0 240
0 57 33 0
0 57 0 240
0 59 33 0
0 59 0 240
0 61 33 0
0 61 0 240
0 64 33 0
0 64 0 240
0 61 36 0
0 61 0 240
0 59 31 0
0 59 0 240
0 57 33 0
0 57 0 240
0 52 33 0
0 64 50 240
0 64 0 480
0 52 0 0
0 69 65 0
0 57 55 0
0 57 0 1920
0 69 0 0
0 68 69 0
0 56 58 0
0 56 0 480
0 68 0 0
0 57 62 0
0 69 74 0
0 69 0 480
0 57 0 0
0 71 84 0
0 59 71 0
0 59 0 1440
0 71 0 0
0 73 77 0
0 61 65 0
0 61 0 1440
0 73 0 0
0 76 89 0
0 73 89 0
0 64 75 0
0 64 0 480
0 73 0 0
0 76 0 0
0 74 76 0
0 71 76 0
0 62 63 0
0 62 0 480
0 71 0 0
0 74 0 0
0 73 70 0
0 69 70 0
0 61 59 0
0 61 0 480
0 69 0 0
0 73 0 0
0 71 82 0
0 68 82 0
0 59 70 0
0 59 0 480
0 68 0 0
0 71 0 0
0 73 75 0
0 61 62 0
0 61 0 480
0 73 0 0
0 71 68 0
0 59 57 0
0 59 0 480
0 71 0 0
0 69 90 0
0 57 77 0
0 57 0 960
0 69 0 0
0 81 86 0
0 69 73 0
0 69 0 480
0 81 0 0
0 83 91 0
0 71 77 0
0 71 0 960
0 83 0 0
0 85 95 0
0 73 80 0
0 73 0 480
0 85 0 0
0 76 82 0
0 85 97 0
0 88 97 0
0 88 0 480
0 85 0 0
0 76 0 0
0 74 75 0
0 83 89 0
0 86 89 0
0 86 0 480
0 83 0 0
0 74 0 0
0 73 69 0
0 81 82 0
0 85 82 0
0 85 0 480
0 81 0 0
0 73 0 0
0 71 80 0
0 80 95 0
0 83 95 0
0 83 0 480
0 80 0 0
0 71 0 0
0 73 75 0
0 85 89 0
0 85 0 480
0 73 0 0
0 71 68 0
0 83 80 0
0 83 0 480
0 71 0 0
0 69 79 0
0 81 93 0
0 81 0 480
0 69 0 0
0 76 80 0
0 80 80 0
0 80 0 480
0 76 0 0
0 74 77 0
0 78 77 0
0 78 0 480
0 74 0 0
0 73 72 0
0 76 72 0
0 76 0 480
0 73 0 0
0 72 70 0
0 75 70 0
0 75 0 480
0 72 0 0
0 71 70 0
0 74 70 0
0 74 0 480
0 71 0 0
0 73 74 0
0 69 65 0
0 69 0 240
0 73 0 0
0 74 57 240
0 69 50 0
0 69 0 180
0 74 0 0
0 73 51 300
0 69 45 0
0 69 0 180
0 73 0 0
0 69 50 300
0 66 50 0
0 71 57 0
0 71 0 180
0 66 0 0
0 69 0 0
0 68 65 780
0 76 74 0
0 76 0 240
0 68 0 0
0 69 67 240
0 81 79 0
0 81 0 480
0 69 0 0
0 76 57 0
0 80 68 0
0 80 0 480
0 76 0 0
0 74 55 0
0 78 65 0
0 78 0 480
0 74 0 0
0 73 51 0
0 76 61 0
0 76 0 480
0 73 0 0
0 72 50 0
0 75 59 0
0 75 0 480
0 72 0 0
0 71 50 0
0 74 59 0
0 74 0 480
0 71 0 0
0 73 47 240
0 73 0 240
0 74 47 0
0 74 0 240
0 76 47 0
0 76 0 240
0 78 51 0
0 78 0 240
0 74 47 0
0 74 0 240
0 76 50 0
0 76 0 240
0 78 47 0
0 78 0 240
0 80 49 0
0 80 0 240
0 76 47 0
0 76 0 240
0 78 50 0
0 78 0 240
0 80 47 0
0 80 0 240
0 81 50 0
0 81 0 240
0 85 51 0
0 85 0 240
0 86 51 0
0 86 0 240
0 88 50 0
0 88 0 240
0 90 54 0
0 90 0 240
0 86 48 0
0 86 0 240
0 88 50 0
0 88 0 240
0 90 47 0
0 90 0 240
0 92 47 0
0 92 0 240
0 88 45 0
0 88 0 240
0 90 47 0
0 90 0 240
0 92 44 0
0 92 0 240
0 93 52 0
0 93 0 240
0 88 52 0
0 88 0 240
0 85 48 0
0 85 0 240
0 81 48 0
0 81 0 240
0 76 48 0
0 76 0 240
0 73 48 0
0 73 0 240
0 69 46 0
0 69 0 240
0 64 45 0
0 64 0 240
0 61 43 0
0 61 0 240
0 57 42 0
0 57 0 240
0 61 50 0
0 57 40 240
0 61 0 216
0 57 0 24
0 61 50 0
0 56 37 240
0 56 0 240
0 57 42 0
0 57 0 240
0 54 34 0
0 54 0 240
0 61 0 0
0 66 54 0
0 61 39 240
0 66 0 216
0 61 0 24
0 66 55 0
0 60 45 240
0 60 0 240
0 61 55 0
0 61 0 240
0 57 46 0
0 57 0 240
0 66 0 0
0 69 66 0
0 66 55 240
0 66 0 240
0 69 0 0
0 74 73 0
0 68 56 240
0 68 0 240
0 69 61 0
0 69 0 240
0 66 56 0
0 66 0 240
0 74 0 0
0 73 68 0
0 69 49 240
0 69 0 240
0 73 0 0
0 72 68 0
0 68 50 240
0 68 0 240
0 69 55 0
0 69 0 240
0 66 45 0
0 72 0 230
0 66 0 10
0 72 51 0
0 69 33 240
0 69 0 240
0 72 0 0
0 73 56 0
0 68 43 240
0 68 0 240
0 61 46 0
0 61 0 240
0 63 42 0
0 63 0 240
0 73 0 0
0 65 40 0
0 71 50 0
0 65 0 240
0 61 38 0
0 71 0 170
0 71 43 10
0 71 0 60
0 61 0 0
0 66 44 0
0 69 55 0
0 69 0 240
0 66 0 0
0 61 46 0
0 61 0 240
0 65 50 0
0 68 63 0
0 68 0 240
0 65 0 0
0 61 54 0
0 61 0 240
0 66 55 0
0 69 69 0
0 69 0 240
0 66 0 0
0 61 57 0
0 61 0 240
0 66 55 0
0 69 69 0
0 73 76 0
0 66 0 240
0 62 54 0
0 62 0 240
0 73 0 0
0 69 0 0
0 68 48 0
0 71 61 0
0 68 0 240
0 62 49 0
0 62 0 240
0 71 0 0
0 66 40 0
0 69 50 0
0 69 0 240
0 66 0 0
0 62 41 0
0 62 0 240
0 66 44 0
0 69 56 0
0 66 0 240
0 61 45 0
0 61 0 240
0 69 0 0
0 65 40 0
0 68 50 0
0 65 0 240
0 59 43 0
0 59 0 240
0 68 0 0
0 61 50 0
0 57 40 240
0 61 0 216
0 57 0 24
0 61 56 0
0 56 37 240
0 56 0 240
0 57 42 0
0 57 0 240
0 54 34 0
0 54 0 240
0 61 0 0
0 66 54 0
0 61 39 240
0 66 0 216
0 61 0 24
0 66 55 0
0 60 45 240
0 60 0 240
0 61 55 0
0 61 0 240
0 57 46 0
0 57 0 240
0 66 0 0
0 69 66 0
0 66 55 240
0 66 0 240
0 69 0 0
0 74 73 0
0 68 56 240
0 68 0 240
0 69 61 0
0 69 0 240
0 66 56 0
0 66 0 240
0 74 0 0
0 73 68 0
0 69 49 240
0 69 0 240
0 73 0 0
0 72 68 0
0 68 50 240
0 68 0 240
0 69 55 0
0 69 0 240
0 66 45 0
0 72 0 230
0 66 0 10
0 72 51 0
0 69 33 240
0 69 0 240
0 72 0 0
0 73 56 0
0 68 43 240
0 68 0 240
0 61 46 0
0 61 0 240
0 62 42 0
0 62 0 240
0 73 0 0
0 64 40 0
0 70 50 0
0 70 0 240
0 64 0 0
0 61 38 0
0 61 0 240
0 62 46 0
0 71 56 0
0 62 0 240
0 66 43 0
0 66 0 240
0 71 0 0
0 64 46 0
0 64 0 240
0 62 42 0
0 62 0 240
0 61 40 0
0 70 50 0
0 61 0 240
0 64 38 0
0 64 0 240
0 70 0 0
0 62 46 0
0 71 56 0
0 62 0 240
0 66 43 0
0 66 0 240
0 71 0 0
0 69 50 0
0 61 46 0
0 61 0 240
0 69 0 0
0 64 42 0
0 64 0 240
0 59 40 0
0 68 50 0
0 68 0 240
0 59 0 0
0 62 38 0
0 62 0 240
0 57 46 0
0 66 56 0
0 57 0 240
0 61 43 0
0 61 0 240
0 66 0 0
0 65 56 0
0 56 46 0
0 56 0 240
0 59 42 0
0 59 0 240
0 65 0 0
0 61 40 0
0 70 50 0
0 61 0 240
0 64 38 0
0 64 0 240
0 70 0 0
0 62 43 0
0 71 56 0
0 62 0 240
0 66 43 0
0 66 0 240
0 71 0 0
0 64 46 0
0 64 0 240
0 62 42 0
0 62 0 240
0 61 40 0
0 70 50 0
0 61 0 240
0 64 38 0
0 64 0 240
0 70 0 0
0 62 46 0
0 71 56 0
0 62 0 240
0 66 43 0
0 66 0 240
0 71 0 0
0 64 46 0
0 64 0 240
0 62 42 0
0 62 0 240
0 61 40 0
0 70 50 0
0 61 0 240
0 64 38 0
0 64 0 240
0 70 0 0
0 62 46 0
0 71 56 0
0 62 0 240
0 66 43 0
0 66 0 240
0 71 0 0
0 69 50 0
0 61 46 0
0 61 0 240
0 69 0 0
0 64 42 0
0 64 0 240
0 59 40 0
0 68 50 0
0 68 0 240
0 59 0 0
0 62 38 0
0 62 0 240
0 57 46 0
0 66 56 0
0 57 0 240
0 61 43 0
0 61 0 240
0 66 0 0
0 65 56 0
0 56 46 0
0 56 0 240
0 59 42 0
0 59 0 240
0 65 0 0
0 61 40 0
0 70 50 0
0 61 0 240
0 64 38 0
0 64 0 240
0 70 0 0
0 62 43 0
0 71 56 0
0 62 0 240
0 66 43 0
0 66 0 240
0 71 0 0
0 64 46 0
0 64 0 240
0 62 42 0
0 62 0 240
0 70 40 0
0 73 50 0
0 70 0 240
0 66 38 0
0 66 0 240
0 73 0 0
0 71 45 0
0 74 56 0
0 71 0 240
0 66 43 0
0 66 0 240
0 74 0 0
0 72 48 0
0 75 61 0
0 72 0 240
0 66 48 0
0 66 0 240
0 75 0 0
0 71 53 0
0 76 66 0
0 71 0 240
0 68 52 0
0 68 0 240
0 76 0 0
0 75 58 0
0 78 72 0
0 75 0 240
0 69 57 0
0 69 0 240
0 78 0 0
0 76 62 0
0 79 78 0
0 76 0 240
0 71 62 0
0 71 0 240
0 79 0 0
0 76 67 0
0 80 84 0
0 76 0 240
0 71 66 0
0 71 0 240
0 80 0 0
0 76 73 0
0 81 91 0
0 76 0 240
0 73 70 0
0 73 0 240
0 81 0 0
0 76 75 0
0 85 93 0
0 76 0 240
0 73 71 0
0 73 0 240
0 85 0 0
0 76 75 0
0 83 93 0
0 76 0 240
0 73 71 0
0 83 0 210
0 73 0 30
0 76 75 0
0 83 93 0
0 76 0 240
0 73 71 0
0 73 0 240
0 83 0 0
0 76 75 0
0 82 93 0
0 76 0 240
0 73 71 0
0 73 0 240
0 82 0 0
0 74 75 0
0 79 93 0
0 74 0 240
0 71 63 0
0 79 0 210
0 71 0 30
0 73 75 0
0 79 93 0
0 73 0 240
0 70 68 0
0 70 0 240
0 79 0 0
0 73 71 0
0 78 90 0
0 73 0 240
0 70 65 0
0 70 0 240
0 78 0 0
0 73 66 0
0 76 83 0
0 73 0 240
0 67 60 0
0 76 0 210
0 67 0 30
0 73 61 0
0 76 77 0
0 73 0 240
0 66 56 0
0 66 0 240
0 76 0 0
0 72 57 0
0 75 71 0
0 72 0 240
0 70 51 0
0 70 0 240
0 75 0 0
0 71 52 0
0 74 66 0
0 71 0 240
0 65 47 0
0 74 0 210
0 65 0 30
0 71 48 0
0 74 60 0
0 71 0 240
0 64 44 0
0 64 0 240
0 74 0 0
0 69 44 0
0 73 55 0
0 69 0 240
0 68 39 0
0 68 0 240
0 73 0 0
0 69 40 0
0 72 50 0
0 69 0 240
0 65 38 0
0 65 0 240
0 72 0 0
0 68 40 0
0 71 50 0
0 68 0 240
0 64 38 0
0 64 0 240
0 71 0 0
0 74 74 0
0 71 62 0
0 71 0 240
0 64 56 0
0 64 0 240
0 74 0 0
0 72 62 0
0 69 62 0
0 69 0 240
0 64 38 0
0 64 0 240
0 72 0 0
0 68 40 0
0 71 50 0
0 68 0 240
0 64 38 0
0 64 0 240
0 71 0 0
0 76 74 0
0 71 62 0
0 71 0 240
0 64 56 0
0 64 0 240
0 76 0 0
0 72 62 0
0 69 62 0
0 69 0 240
0 64 38 0
0 64 0 240
0 72 0 0
0 68 40 0
0 71 50 0
0 68 0 240
0 64 38 0
0 64 0 240
0 71 0 0
0 74 74 0
0 71 62 0
0 71 0 240
0 64 56 0
0 64 0 240
0 74 0 0
0 72 62 0
0 69 62 0
0 69 0 240
0 64 38 0
0 64 0 240
0 72 0 0
0 68 40 0
0 71 50 0
0 68 0 240
0 64 38 0
0 64 0 240
0 71 0 0
0 76 74 0
0 71 62 0
0 71 0 240
0 64 56 0
0 64 0 240
0 76 0 0
0 72 62 0
0 69 62 0
0 69 0 240
0 64 38 0
0 64 0 240
0 72 0 0
0 68 40 0
0 71 50 0
0 71 0 240
0 68 0 0
0 64 38 0
0 64 0 240
0 63 42 0
0 63 0 240
0 64 38 0
0 64 0 240
0 68 42 0
0 68 0 240
0 64 38 0
0 64 0 240
0 71 45 0
0 71 0 240
0 68 45 0
0 68 0 240
0 67 46 0
0 67 0 240
0 68 49 0
0 68 0 240
0 71 50 0
0 71 0 240
0 68 52 0
0 68 0 240
0 74 54 0
0 74 0 240
0 71 54 0
0 71 0 240
0 77 55 0
0 77 0 240
0 74 56 0
0 74 0 240
0 80 59 0
0 80 0 240
0 77 63 0
0 77 0 240
0 83 70 0
0 83 0 240
0 80 62 0
0 80 0 240
0 86 70 0
0 86 0 240
0 83 59 0
0 83 0 240
0 81 65 0
0 81 0 240
0 80 61 0
0 80 0 240
0 88 69 0
0 88 0 240
0 86 63 0
0 86 0 240
0 85 59 0
0 85 0 240
0 83 58 0
0 83 0 240
0 81 56 0
0 81 0 240
0 80 49 0
0 80 0 240
0 81 55 0
0 81 0 240
0 78 53 0
0 78 0 240
0 75 51 0
0 75 0 240
0 71 51 0
0 71 0 240
0 69 48 0
0 69 0 240
0 66 46 0
0 66 0 240
0 74 61 0
0 68 61 0
0 68 0 240
0 74 0 0
0 71 51 0
0 71 0 240
0 68 48 0
0 68 0 240
0 64 47 0
0 64 0 240
0 62 46 0
0 62 0 240
0 59 43 0
0 59 0 240
0 67 49 0
0 67 0 240
0 64 42 0
0 64 0 240
0 61 45 0
0 61 0 240
0 57 46 0
0 57 0 240
0 56 48 0
0 56 0 240
0 55 52 0
0 55 0 240
0 54 54 0
0 54 0 240
0 58 38 0
0 58 0 240
0 59 45 0
0 59 0 240
0 54 38 0
0 54 0 240
0 61 43 0
0 61 0 240
0 54 38 0
0 54 0 240
0 62 50 0
0 62 0 240
0 56 38 0
0 56 0 240
0 52 43 0
0 52 0 240
0 56 38 0
0 56 0 240
0 50 45 0
0 50 0 240
0 56 37 0
0 56 0 240
0 49 45 0
0 49 0 240
0 52 33 0
0 52 0 240
0 57 33 0
0 57 0 240
0 59 33 0
0 59 0 240
0 61 33 0
0 61 0 240
0 64 33 0
0 64 0 240
0 61 36 0
0 61 0 240
0 59 31 0
0 59 0 240
0 57 33 0
0 57 0 240
0 52 33 0
0 64 50 240
0 64 0 480
0 52 0 0
0 69 65 0
0 57 55 0
0 57 0 1920
0 69 0 0
0 68 69 0
0 56 58 0
0 56 0 480
0 68 0 0
0 57 62 0
0 69 74 0
0 69 0 480
0 57 0 0
0 71 84 0
0 59 71 0
0 59 0 1440
0 71 0 0
0 73 77 0
0 61 65 0
0 61 0 1440
0 73 0 0
0 76 89 0
0 73 89 0
0 64 75 0
0 64 0 480
0 73 0 0
0 76 0 0
0 74 76 0
0 71 76 0
0 62 63 0
0 62 0 480
0 71 0 0
0 74 0 0
0 73 70 0
0 69 70 0
0 61 59 0
0 61 0 480
0 69 0 0
0 73 0 0
0 71 82 0
0 68 82 0
0 59 70 0
0 59 0 480
0 68 0 0
0 71 0 0
0 73 75 0
0 61 62 0
0 61 0 480
0 73 0 0
0 71 68 0
0 59 57 0
0 59 0 480
0 71 0 0
0 69 90 0
0 57 77 0
0 57 0 960
0 69 0 0
0 81 86 0
0 69 73 0
0 69 0 480
0 81 0 0
0 83 91 0
0 71 77 0
0 71 0 960
0 83 0 0
0 85 95 0
0 73 80 0
0 73 0 480
0 85 0 0
0 76 82 0
0 85 97 0
0 88 97 0
0 88 0 480
0 85 0 0
0 76 0 0
0 74 75 0
0 83 89 0
0 86 89 0
0 86 0 480
0 83 0 0
0 74 0 0
0 73 69 0
0 81 82 0
0 85 82 0
0 85 0 480
0 81 0 0
0 73 0 0
0 71 80 0
0 80 95 0
0 83 95 0
0 83 0 480
0 80 0 0
0 71 0 0
0 73 75 0
0 85 89 0
0 85 0 480
0 73 0 0
0 71 68 0
0 83 80 0
0 83 0 480
0 71 0 0
0 69 79 0
0 81 93 0
0 81 0 480
0 69 0 0
0 76 80 0
0 80 80 0
0 80 0 480
0 76 0 0
0 74 77 0
0 78 77 0
0 78 0 480
0 74 0 0
0 73 72 0
0 76 72 0
0 76 0 480
0 73 0 0
0 72 70 0
0 75 70 0
0 75 0 480
0 72 0 0
0 71 70 0
0 74 70 0
0 74 0 480
0 71 0 0
0 73 74 0
0 69 65 0
0 69 0 240
0 73 0 0
0 74 57 240
0 69 50 0
0 69 0 180
0 74 0 0
0 73 51 300
0 69 45 0
0 69 0 180
0 73 0 0
0 69 50 300
0 66 50 0
0 71 57 0
0 71 0 180
0 66 0 0
0 69 0 0
0 68 65 780
0 76 74 0
0 76 0 240
0 68 0 0
0 69 67 240
0 81 79 0
0 81 0 480
0 69 0 0
0 76 57 0
0 80 68 0
0 80 0 480
0 76 0 0
0 74 55 0
0 78 65 0
0 78 0 480
0 74 0 0
0 73 51 0
0 76 61 0
0 76 0 480
0 73 0 0
0 72 50 0
0 75 59 0
0 75 0 480
0 72 0 0
0 71 50 0
0 74 59 0
0 74 0 480
0 71 0 0
0 73 47 240
0 73 0 240
0 74 47 0
0 74 0 240
0 76 47 0
0 76 0 240
0 78 51 0
0 78 0 240
0 74 47 0
0 74 0 240
0 76 50 0
0 76 0 240
0 78 47 0
0 78 0 240
0 80 49 0
0 80 0 240
0 76 47 0
0 76 0 240
0 78 50 0
0 78 0 240
0 80 47 0
0 80 0 240
0 81 50 0
0 81 0 240
0 85 51 0
0 85 0 240
0 86 51 0
0 86 0 240
0 88 50 0
0 88 0 240
0 90 54 0
0 90 0 240
0 86 48 0
0 86 0 240
0 88 50 0
0 88 0 240
0 90 47 0
0 90 0 240
0 92 47 0
0 92 0 240
0 88 45 0
0 88 0 240
0 90 47 0
0 90 0 240
0 92 44 0
0 92 0 240
0 93 52 0
0 93 0 240
0 88 52 0
0 88 0 240
0 85 48 0
0 85 0 240
0 81 48 0
0 81 0 240
0 76 48 0
0 76 0 240
0 73 48 0
0 73 0 240
0 69 46 0
0 69 0 240
0 64 45 0
0 64 0 240
0 61 43 0
0 61 0 240
0 57 42 0
0 57 0 240
0 52 56 480
0 47 37 240
0 47 0 240
0 48 42 0
0 48 0 240
0 45 34 0
0 45 0 240
0 52 0 0
0 57 54 0
0 52 39 240
0 57 0 216
0 52 0 24
0 57 55 0
0 51 45 240
0 51 0 240
0 52 55 0
0 52 0 240
0 48 46 0
0 48 0 240
0 57 0 0
0 60 66 0
0 57 55 240
0 57 0 240
0 60 0 0
0 65 73 0
0 59 56 240
0 59 0 240
0 60 61 0
0 60 0 240
0 57 56 0
0 57 0 240
0 65 0 0
0 64 68 0
0 60 49 240
0 60 0 240
0 64 0 0
0 63 68 0
0 59 50 240
0 59 0 240
0 60 55 0
0 60 0 240
0 57 45 0
0 63 0 230
0 57 0 10
0 63 51 0
0 60 33 240
0 60 0 240
0 63 0 0
0 64 45 0
0 64 0 480
0 52 39 240
0 52 0 240
0 59 40 0
0 59 0 240
0 63 42 0
0 63 0 240
0 64 44 0
0 64 0 480
0 64 43 240
0 64 0 240
0 71 48 0
0 71 0 240
0 75 50 0
0 75 0 240
0 76 52 0
0 76 0 480
0 88 58 240
0 88 0 240
0 85 57 0
0 85 0 240
0 82 55 0
0 82 0 240
0 79 54 0
0 79 0 240
0 76 54 0
0 76 0 240
0 73 54 0
0 73 0 240
0 70 53 0
0 70 0 240
0 66 50 0
0 66 0 240
0 62 46 0
0 62 0 240
0 66 56 0
0 61 37 240
0 61 0 240
0 62 42 0
0 62 0 240
0 59 34 0
0 59 0 240
0 66 0 0
0 71 54 0
0 66 39 240
0 71 0 216
0 66 0 24
0 71 55 0
0 65 45 240
0 65 0 240
0 66 55 0
0 66 0 240
0 62 46 0
0 62 0 240
0 71 0 0
0 74 66 0
0 71 55 240
0 71 0 240
0 74 0 0
0 79 73 0
0 73 56 240
0 73 0 240
0 74 61 0
0 74 0 240
0 71 56 0
0 71 0 240
0 79 0 0
0 78 68 0
0 74 49 240
0 74 0 240
0 78 0 0
0 77 68 0
0 73 50 240
0 73 0 240
0 74 55 0
0 74 0 240
0 71 45 0
0 77 0 230
0 71 0 10
0 77 51 0
0 74 33 240
0 74 0 240
0 77 0 0
0 73 45 0
0 78 45 0
0 78 0 480
0 73 0 0
0 66 39 240
0 66 0 240
0 73 40 0
0 73 0 240
0 77 42 0
0 77 0 240
0 78 44 0
0 78 0 480
0 78 43 240
0 78 0 240
0 85 48 0
0 85 0 240
0 89 50 0
0 89 0 240
0 90 52 0
0 90 0 480
0 87 58 240
0 87 0 240
0 84 57 0
0 84 0 240
0 81 55 0
0 81 0 240
0 78 54 0
0 78 0 240
0 75 54 0
0 75 0 240
0 72 54 0
0 72 0 240
0 69 53 0
0 69 0 240
0 66 50 0
0 66 0 240
0 63 46 0
0 63 0 240
0 61 45 0
0 61 0 480
0 61 42 240
0 61 0 240
0 68 44 0
0 68 0 240
0 71 46 0
0 71 0 240
0 70 49 0
0 70 0 480
0 73 49 240
0 73 0 240
0 78 55 0
0 78 0 240
0 82 57 0
0 82 0 240
0 85 67 0
0 85 0 240
0 83 58 0
0 83 0 240
0 59 46 240
0 59 0 240
0 66 47 0
0 66 0 240
0 69 50 0
0 69 0 240
0 68 52 0
0 68 0 480
0 71 52 240
0 71 0 240
0 76 59 0
0 76 0 240
0 80 62 0
0 80 0 240
0 83 70 0
0 83 0 240
0 81 62 0
0 81 0 240
0 57 49 240
0 57 0 240
0 64 51 0
0 64 0 240
0 68 53 0
0 68 0 240
0 67 56 0
0 67 0 480
0 70 56 240
0 70 0 240
0 75 63 0
0 75 0 240
0 79 66 0
0 79 0 240
0 81 73 0
0 81 0 240
0 80 67 0
0 80 0 240
0 56 53 240
0 56 0 240
0 63 54 0
0 63 0 240
0 66 57 0
0 66 0 240
0 65 60 0
0 65 0 480
0 71 60 240
0 71 0 240
0 73 67 0
0 73 0 240
0 77 70 0
0 77 0 240
0 80 77 0
0 80 0 240
0 78 71 0
0 78 0 240
0 66 56 240
0 66 0 240
0 71 58 0
0 71 0 240
0 76 61 0
0 76 0 240
0 74 64 0
0 74 0 480
0 69 64 240
0 69 0 240
0 68 71 0
0 68 0 240
0 73 75 0
0 73 0 240
0 80 79 0
0 80 0 240
0 78 76 0
0 78 0 240
0 66 59 240
0 66 0 240
0 71 61 0
0 71 0 240
0 76 64 0
0 76 0 240
0 74 68 0
0 74 0 480
0 69 67 240
0 69 0 240
0 68 75 0
0 68 0 240
0 73 79 0
0 73 0 240
0 71 90 0
0 71 0 480
0 59 62 240
0 59 0 240
0 64 64 0
0 64 0 240
0 70 67 0
0 70 0 240
0 71 70 0
0 71 0 480
0 59 68 240
0 59 0 240
0 64 76 0
0 64 0 240
0 70 80 0
0 70 0 240
0 71 90 0
0 71 0 240
0 59 62 0
0 59 0 240
0 64 66 0
0 64 0 240
0 70 72 0
0 70 0 240
0 71 84 0
0 71 0 240
0 59 72 0
0 59 0 240
0 64 75 0
0 64 0 240
0 70 82 0
0 70 0 240
0 71 89 0
0 71 0 240
0 59 77 0
0 59 0 240
0 64 81 0
0 64 0 240
0 70 88 0
0 70 0 240
0 66 81 0
0 72 103 0
0 66 0 240
0 65 67 0
0 65 0 240
0 66 71 0
0 66 0 240
0 68 72 0
0 68 0 240
0 69 78 0
0 69 0 240
0 68 72 0
0 68 0 240
0 72 0 0
0 66 81 0
0 73 103 0
0 66 0 240
0 65 70 0
0 65 0 240
0 73 0 0
0 66 72 0
0 66 0 240
0 68 74 0
0 68 0 240
0 69 76 0
0 69 0 240
0 68 72 0
0 68 0 240
0 66 81 0
0 72 103 0
0 66 0 240
0 65 67 0
0 65 0 240
0 66 71 0
0 66 0 240
0 68 72 0
0 68 0 240
0 69 78 0
0 69 0 240
0 68 72 0
0 68 0 240
0 72 0 0
0 66 81 0
0 73 103 0
0 66 0 240
0 65 70 0
0 65 0 240
0 73 0 0
0 66 72 0
0 66 0 240
0 68 74 0
0 68 0 240
0 69 76 0
0 69 0 240
0 68 72 0
0 68 0 240
0 66 81 0
0 72 103 0
0 66 0 240
0 65 67 0
0 65 0 240
0 66 71 0
0 66 0 240
0 68 72 0
0 68 0 240
0 69 78 0
0 69 0 240
0 68 72 0
0 68 0 240
0 66 52 0
0 66 0 240
0 65 53 0
0 65 0 240
0 66 54 0
0 66 0 240
0 67 55 0
0 67 0 240
0 69 61 0
0 69 0 240
0 66 54 0
0 66 0 240
0 72 0 0
0 71 62 0
0 69 58 0
0 69 0 240
0 67 47 0
0 67 0 240
0 66 47 0
0 66 0 240
0 67 47 0
0 67 0 240
0 69 54 0
0 69 0 240
0 67 47 0
0 67 0 240
0 71 0 0
0 74 60 0
0 68 56 0
0 68 0 240
0 66 45 0
0 66 0 240
0 68 45 0
0 68 0 240
0 69 45 0
0 69 0 240
0 71 52 0
0 71 0 240
0 68 45 0
0 68 0 240
0 74 0 0
0 73 57 0
0 71 53 0
0 71 0 240
0 69 43 0
0 69 0 240
0 68 44 0
0 68 0 240
0 69 44 0
0 69 0 240
0 71 49 0
0 71 0 240
0 69 44 0
0 69 0 240
0 73 0 0
0 76 55 0
0 70 51 0
0 70 0 240
0 68 42 0
0 68 0 240
0 70 42 0
0 70 0 240
0 71 41 0
0 71 0 240
0 73 47 0
0 73 0 240
0 70 42 0
0 70 0 240
0 76 0 0
0 74 52 0
0 73 49 0
0 73 0 240
0 71 40 0
0 71 0 240
0 70 40 0
0 70 0 240
0 71 40 0
0 71 0 240
0 73 46 0
0 73 0 240
0 71 41 0
0 71 0 240
0 74 0 0
0 73 52 0
0 71 49 0
0 71 0 240
0 69 40 0
0 69 0 240
0 68 40 0
0 68 0 240
0 69 40 0
0 69 0 240
0 71 46 0
0 71 0 240
0 69 41 0
0 69 0 240
0 73 0 0
0 72 52 0
0 69 49 0
0 69 0 240
0 68 40 0
0 68 0 240
0 67 40 0
0 67 0 240
0 68 40 0
0 68 0 240
0 69 46 0
0 69 0 240
0 68 41 0
0 68 0 240
0 72 0 0
0 71 52 0
0 69 49 0
0 69 0 240
0 68 40 0
0 68 0 240
0 66 40 0
0 66 0 240
0 68 40 0
0 68 0 240
0 69 46 0
0 69 0 240
0 68 41 0
0 68 0 240
0 71 0 0
0 70 52 0
0 68 49 0
0 68 0 240
0 66 40 0
0 66 0 240
0 65 40 0
0 65 0 240
0 66 40 0
0 66 0 240
0 68 46 0
0 68 0 240
0 66 41 0
0 66 0 240
0 70 0 0
0 69 52 0
0 68 49 0
0 68 0 240
0 66 40 0
0 66 0 240
0 65 40 0
0 65 0 240
0 66 40 0
0 66 0 240
0 68 46 0
0 68 0 240
0 66 41 0
0 66 0 240
0 69 0 0
0 65 55 0
0 65 0 240
0 61 45 0
0 61 0 240
0 56 49 0
0 56 0 240
0 61 47 0
0 61 0 240
0 65 49 0
0 65 0 240
0 68 49 0
0 68 0 240
0 65 57 0
0 65 0 240
0 61 45 0
0 61 0 240
0 56 49 0
0 56 0 240
0 61 47 0
0 61 0 240
0 65 46 0
0 65 0 240
0 68 43 0
0 68 0 240
0 66 55 0
0 66 0 240
0 61 45 0
0 61 0 240
0 57 49 0
0 57 0 240
0 61 47 0
0 61 0 240
0 66 49 0
0 66 0 240
0 69 49 0
0 69 0 240
0 66 57 0
0 66 0 240
0 63 45 0
0 63 0 240
0 60 49 0
0 60 0 240
0 63 47 0
0 63 0 240
0 66 46 0
0 66 0 240
0 69 43 0
0 69 0 240
0 68 55 0
0 68 0 240
0 65 45 0
0 65 0 240
0 61 49 0
0 61 0 240
0 65 47 0
0 65 0 240
0 68 49 0
0 68 0 240
0 73 49 0
0 73 0 240
0 68 57 0
0 68 0 240
0 65 45 0
0 65 0 240
0 61 49 0
0 61 0 240
0 65 47 0
0 65 0 240
0 68 46 0
0 68 0 240
0 73 43 0
0 73 0 240
0 69 55 0
0 69 0 240
0 66 45 0
0 66 0 240
0 61 49 0
0 61 0 240
0 66 47 0
0 66 0 240
0 69 49 0
0 69 0 240
0 73 49 0
0 73 0 240
0 69 57 0
0 69 0 240
0 66 45 0
0 66 0 240
0 63 49 0
0 63 0 240
0 66 47 0
0 66 0 240
0 69 46 0
0 69 0 240
0 72 43 0
0 72 0 240
0 73 55 0
0 73 0 240
0 68 45 0
0 68 0 240
0 65 49 0
0 65 0 240
0 68 47 0
0 68 0 240
0 73 49 0
0 73 0 240
0 77 49 0
0 77 0 240
0 80 55 0
0 80 0 240
0 77 45 0
0 77 0 240
0 83 55 0
0 83 0 240
0 80 53 0
0 80 0 240
0 78 49 0
0 78 0 240
0 77 49 0
0 77 0 240
0 85 69 0
0 85 0 240
0 83 63 0
0 83 0 240
0 82 59 0
0 82 0 240
0 80 58 0
0 80 0 240
0 78 56 0
0 78 0 240
0 77 49 0
0 77 0 240
0 78 55 0
0 78 0 240
0 75 53 0
0 75 0 240
0 72 51 0
0 72 0 240
0 68 51 0
0 68 0 240
0 66 48 0
0 66 0 240
0 63 46 0
0 63 0 240
0 71 61 0
0 65 61 0
0 65 0 240
0 71 0 0
0 68 51 0
0 68 0 240
0 65 48 0
0 65 0 240
0 61 47 0
0 61 0 240
0 60 46 0
0 60 0 240
0 59 43 0
0 59 0 240
0 58 49 0
0 58 0 240
0 61 42 0
0 61 0 240
0 64 45 0
0 64 0 240
0 76 46 0
0 76 0 240
0 73 48 0
0 73 0 240
0 70 52 0
0 70 0 240
0 67 54 0
0 63 38 217
0 67 0 23
0 63 0 217
0 68 45 23
0 68 0 240
0 63 38 0
0 63 0 240
0 70 43 0
0 70 0 240
0 63 38 0
0 63 0 240
0 71 50 0
0 71 0 240
0 65 38 0
0 65 0 240
0 61 43 0
0 61 0 240
0 65 38 0
0 65 0 240
0 59 45 0
0 59 0 240
0 65 37 0
0 65 0 240
0 58 45 0
0 58 0 240
0 61 33 0
0 61 0 240
0 66 33 0
0 66 0 240
0 70 33 14
0 66 33 226
0 70 0 14
0 66 0 226
0 61 33 0
0 61 0 240
0 58 36 0
0 58 0 240
0 56 31 0
0 56 0 240
0 61 59 480
0 66 64 480
0 61 0 480
0 63 55 0
0 63 0 480
0 61 55 0
0 61 0 480
0 60 58 0
0 66 0 480
0 65 62 0
0 65 0 480
0 66 70 0
0 66 0 480
0 60 0 0
0 59 58 0
0 68 72 0
0 65 60 0
0 65 0 1440
0 68 0 0
0 59 0 0
0 58 54 0
0 64 54 0
0 70 54 0
0 70 0 1440
0 64 0 0
0 58 0 0
0 70 62 0
0 63 62 0
0 73 73 0
0 73 0 480
0 70 0 0
0 68 52 0
0 71 62 0
0 71 0 480
0 68 0 0
0 66 45 0
0 70 54 0
0 70 0 480
0 66 0 0
0 63 0 0
0 65 66 0
0 68 66 0
0 68 0 480
0 70 49 0
0 70 0 480
0 68 41 0
0 68 0 480
0 65 0 0
0 66 50 0
0 66 0 480
0 78 58 480
0 66 49 0
0 66 0 480
0 78 0 0
0 68 58 0
0 77 58 0
0 80 69 0
0 80 0 960
0 77 0 0
0 68 0 0
0 70 62 0
0 76 62 0
0 82 73 0
0 82 0 470
0 76 0 0
0 70 0 0
0 85 89 10
0 82 75 0
0 73 75 0
0 73 0 480
0 82 0 0
0 85 0 0
0 83 76 0
0 80 64 0
0 71 63 0
0 71 0 480
0 80 0 0
0 83 0 0
0 82 70 0
0 78 70 0
0 78 0 480
0 82 0 0
0 77 82 0
0 80 82 0
0 80 0 480
0 82 75 0
0 82 0 480
0 80 68 0
0 80 0 480
0 77 0 0
0 78 90 0
0 78 0 480
0 66 73 480
0 78 86 0
0 70 73 0
0 70 0 480
0 78 0 0
0 66 0 0
0 68 77 0
0 80 91 0
0 71 77 0
0 71 0 960
0 80 0 0
0 68 0 0
0 70 80 0
0 82 95 0
0 73 80 0
0 73 0 480
0 82 0 0
0 70 0 0
0 73 82 0
0 78 97 0
0 85 97 0
0 85 0 480
0 78 0 0
0 73 0 0
0 71 75 0
0 83 89 0
0 83 0 480
0 71 0 0
0 70 69 0
0 82 82 0
0 82 0 470
0 70 0 0
0 70 76 10
0 75 90 0
0 82 90 0
0 82 0 480
0 75 0 0
0 70 0 0
0 68 69 0
0 80 81 0
0 80 0 480
0 68 0 0
0 78 71 0
0 66 60 0
0 66 0 470
0 78 0 0
0 66 69 10
0 78 82 0
0 78 0 480
0 66 0 0
0 77 72 0
0 65 61 0
0 65 0 480
0 77 0 0
0 63 54 0
0 75 64 0
0 75 0 470
0 63 0 0
0 73 71 10
0 61 60 0
0 61 0 432
0 73 0 0
0 61 56 48
0 73 66 0
0 73 0 432
0 61 0 0
0 73 60 48
0 61 51 0
0 61 0 470
0 73 0 0
0 73 62 10
0 61 52 0
0 70 52 0
0 70 0 480
0 61 0 0
0 73 0 0
0 68 48 0
0 71 57 0
0 71 0 480
0 68 0 0
0 66 39 0
0 70 46 0
0 70 0 480
0 66 0 0
0 73 56 0
0 63 47 0
0 73 0 480
0 71 49 0
0 71 0 480
0 68 41 0
0 68 0 480
0 63 0 0
0 66 51 0
0 61 43 240
0 61 0 240
0 60 43 0
0 60 0 240
0 61 40 0
0 61 0 240
0 63 43 0
0 63 0 240
0 61 40 0
0 61 0 240
0 66 0 0
0 65 49 0
0 65 0 1440
0 66 67 0
0 78 79 0
0 78 0 480
0 66 0 0
0 73 68 0
0 77 68 0
0 77 0 480
0 73 0 0
0 71 65 0
0 75 65 0
0 75 0 480
0 71 0 0
0 70 61 0
0 73 61 0
0 73 0 480
0 70 0 0
0 69 59 0
0 72 59 0
0 72 0 480
0 69 0 0
0 68 59 0
0 71 59 0
0 71 0 480
0 68 0 0
0 70 62 0
0 66 55 0
0 66 0 240
0 70 0 0
0 71 57 240
0 66 50 0
0 66 0 180
0 71 0 0
0 70 51 300
0 66 45 0
0 66 0 180
0 70 0 0
0 66 50 300
0 63 50 0
0 68 57 0
0 68 0 180
0 63 0 0
0 66 0 0
0 65 66 780
0 65 0 240
0 66 60 240
0 78 71 0
0 78 0 480
0 66 0 0
0 73 51 0
0 77 61 0
0 77 0 480
0 73 0 0
0 71 49 0
0 75 58 0
0 75 0 480
0 71 0 0
0 70 45 0
0 73 54 0
0 73 0 480
0 70 0 0
0 69 45 0
0 72 53 0
0 72 0 480
0 69 0 0
0 68 45 0
0 71 53 0
0 71 0 480
0 68 0 0
0 70 50 0
0 70 0 240
0 65 47 0
0 65 0 240
0 66 47 0
0 66 0 240
0 68 47 0
0 68 0 240
0 70 51 0
0 70 0 240
0 71 47 0
0 71 0 240
0 73 50 0
0 73 0 240
0 72 47 0
0 72 0 240
0 73 49 0
0 73 0 240
0 75 47 0
0 75 0 240
0 76 50 0
0 76 0 240
0 77 47 0
0 77 0 240
0 78 50 0
0 78 0 240
0 77 50 0
0 77 0 240
0 78 49 0
0 78 0 240
0 80 48 0
0 80 0 240
0 82 51 0
0 82 0 240
0 83 45 0
0 83 0 240
0 85 46 0
0 85 0 240
0 84 43 0
0 84 0 240
0 85 42 0
0 85 0 240
0 87 40 0
0 87 0 240
0 88 41 0
0 88 0 240
0 89 38 0
0 89 0 240
0 90 44 0
0 90 0 240
0 85 44 0
0 85 0 240
0 82 40 0
0 82 0 240
0 80 37 0
0 80 0 240
0 82 40 0
0 82 0 240
0 78 36 0
0 78 0 240
0 85 45 0
0 85 0 240
0 82 36 0
0 82 0 240
0 78 40 0
0 78 0 240
0 77 36 0
0 77 0 240
0 78 40 0
0 78 0 240
0 73 36 0
0 73 0 240
0 82 45 0
0 82 0 240
0 78 36 0
0 78 0 240
0 73 40 0
0 73 0 240
0 71 36 0
0 71 0 240
0 73 40 0
0 73 0 240
0 70 36 0
0 70 0 240
0 78 45 0
0 78 0 240
0 73 36 0
0 73 0 240
0 70 40 0
0 70 0 240
0 68 36 0
0 68 0 240
0 70 40 0
0 70 0 240
0 66 36 0
0 66 0 240
0 73 45 0
0 73 0 240
0 70 37 0
0 70 0 240
0 66 37 0
0 66 0 240
0 61 37 0
0 61 0 240
0 70 39 720
0 70 0 240
0 73 42 0
0 73 0 240
0 78 40 0
0 78 0 240
0 82 43 0
0 82 0 240
0 85 39 0
0 85 0 240
0 90 45 0
0 90 0 240
0 58 26 1200
0 66 26 0
0 70 31 0
0 70 0 480
0 66 0 0
0 58 0 0
0 78 38 960
0 70 32 0
0 70 0 480
0 78 0 0
0 30 40 2880
0 42 48 0
0 42 0 960
0 30 0 0
0 42 40 480
0 54 48 0
0 54 0 960
0 42 0 0
0 62 60 480
0 57 50 0
0 54 50 0
0 62 0 960
0 61 48 0
0 61 0 480
0 60 54 0
0 54 0 720
0 57 0 0
0 60 0 240
0 57 39 0
0 54 33 0
0 54 0 480
0 57 0 0
0 53 40 0
0 56 48 0
0 56 0 480
0 53 0 0
0 49 38 480
0 37 32 0
0 37 0 480
0 49 0 0
0 42 40 0
0 54 48 0
0 54 0 480
0 42 0 0
0 35 40 960
0 47 48 0
0 47 0 480
0 35 0 0
0 49 41 960
0 37 34 0
0 37 0 480
0 49 0 0
0 30 40 960
0 42 48 0
0 42 0 960
0 30 0 0
0 42 40 480
0 54 48 0
0 54 0 960
0 42 0 0
0 62 55 480
0 57 46 0
0 54 46 0
0 62 0 960
0 61 48 0
0 61 0 480
0 60 54 0
0 54 0 720
0 57 0 0
0 60 0 240
0 57 39 0
0 54 33 0
0 54 0 480
0 57 0 0
0 53 40 0
0 56 48 0
0 56 0 480
0 53 0 0
0 54 38 480
0 42 32 0
0 42 0 480
0 47 40 0
0 47 0 480
0 54 0 0
0 54 38 480
0 42 32 0
0 42 0 480
0 54 0 0
0 47 48 0
0 47 0 1440
0 49 40 0
0 49 0 960
0 54 38 0
0 42 32 0
0 42 0 480
0 47 40 0
0 47 0 480
0 54 0 0
0 54 38 480
0 42 32 0
0 42 0 480
0 47 40 0
0 47 0 480
0 54 0 0
0 54 38 480
0 42 32 0
0 42 0 480
0 54 0 0
0 47 48 0
0 47 0 1440
0 49 40 0
0 49 0 960
0 54 38 0
0 42 32 0
0 42 0 480
0 47 40 0
0 47 0 480
0 54 0 0
0 61 38 480
0 61 0 480
0 59 42 0
0 59 0 480
0 57 46 0
0 57 0 480
0 56 50 0
0 56 0 480
0 54 54 0
0 54 0 480
0 52 63 0
0 52 0 480
0 50 72 0
0 50 0 480
0 49 84 0
0 49 0 480
0 45 82 0
0 45 0 480
0 43 82 0
0 43 0 480
0 42 86 0
0 42 0 2400
0 46 72 0
0 46 0 480
0 47 70 0
0 47 0 960
0 44 57 0
0 44 0 480
0 45 55 0
0 45 0 960
0 39 44 0
0 39 0 480
0 40 47 0
0 40 0 480
0 52 69 0
0 44 58 0
0 44 0 480
0 52 0 0
0 45 53 0
0 45 0 480
0 40 54 0
0 40 0 480
0 52 69 0
0 44 58 0
0 44 0 480
0 52 0 0
0 45 53 0
0 45 0 480
0 40 54 0
0 40 0 480
0 52 69 0
0 44 58 0
0 44 0 480
0 52 0 0
0 45 53 0
0 45 0 480
0 40 54 0
0 40 0 480
0 52 69 0
0 44 58 0
0 44 0 480
0 52 0 0
0 45 53 0
0 45 0 480
0 40 54 0
0 40 0 480
0 40 54 4800
0 40 0 480
0 45 64 0
0 37 64 0
0 37 0 960
0 42 58 480
0 45 0 480
0 44 62 0
0 44 0 480
0 42 0 0
0 45 70 0
0 45 0 480
0 47 72 0
0 40 72 0
0 40 0 960
0 47 0 480
0 45 54 0
0 49 54 0
0 45 0 960
0 49 0 480
0 38 73 0
0 52 73 0
0 52 0 480
0 50 62 0
0 50 0 480
0 38 0 0
0 49 54 0
0 49 0 480
0 40 66 0
0 47 66 0
0 47 0 480
0 49 49 0
0 49 0 480
0 40 0 0
0 47 41 0
0 47 0 480
0 45 50 0
0 45 0 2400
0 49 36 0
0 49 0 240
0 45 36 0
0 45 0 240
0 42 48 0
0 42 0 240
0 45 36 0
0 45 0 240
0 47 36 0
0 47 0 240
0 49 36 0
0 49 0 240
0 47 37 0
0 47 0 240
0 45 37 0
0 45 0 240
0 51 47 0
0 51 0 240
0 42 37 0
0 42 0 240
0 44 51 0
0 44 0 240
0 45 45 0
0 45 0 240
0 44 56 0
0 44 0 240
0 42 50 0
0 42 0 240
0 40 65 0
0 40 0 240
0 50 38 0
0 50 0 240
0 52 52 0
0 52 0 240
0 54 39 0
0 54 0 240
0 52 51 0
0 52 0 240
0 50 47 0
0 50 0 240
0 55 67 0
0 45 67 0
0 45 0 240
0 55 0 0
0 52 49 0
0 52 0 240
0 49 54 0
0 49 0 240
0 47 47 0
0 47 0 240
0 43 57 0
0 43 0 240
0 40 53 0
0 40 0 240
0 38 72 0
0 38 0 240
0 42 51 0
0 42 0 240
0 44 58 0
0 44 0 240
0 45 48 0
0 45 0 240
0 47 55 0
0 47 0 240
0 49 47 0
0 49 0 240
0 50 64 0
0 40 64 0
0 40 0 240
0 50 0 0
0 49 49 0
0 49 0 240
0 50 55 0
0 50 0 240
0 47 48 0
0 47 0 240
0 52 54 0
0 52 0 240
0 50 41 0
0 50 0 240
0 49 60 0
0 45 60 0
0 45 0 240
0 49 0 0
0 52 54 0
0 52 0 240
0 50 54 0
0 50 0 240
0 49 54 0
0 49 0 240
0 47 54 0
0 47 0 240
0 45 51 0
0 45 0 240
0 44 55 0
0 44 0 240
0 45 55 0
0 45 0 240
0 43 57 0
0 43 0 240
0 45 60 0
0 45 0 240
0 42 61 0
0 42 0 240
0 46 65 0
0 46 0 240
0 38 75 0
0 38 0 240
0 42 53 0
0 42 0 240
0 44 62 0
0 44 0 240
0 45 50 0
0 45 0 240
0 47 65 0
0 47 0 240
0 49 49 0
0 49 0 240
0 50 73 0
0 50 0 240
0 40 51 0
0 40 0 240
0 52 64 0
0 52 0 240
0 40 50 0
0 40 0 240
0 50 56 0
0 50 0 240
0 40 43 0
0 40 0 240
0 45 63 0
0 49 48 240
0 49 0 240
0 50 50 0
0 50 0 240
0 52 46 0
0 52 0 240
0 54 47 0
0 54 0 240
0 50 45 0
0 50 0 240
0 52 45 0
0 52 0 240
0 45 0 0
0 54 41 0
0 54 0 240
0 56 43 0
0 56 0 240
0 52 41 0
0 52 0 240
0 54 42 0
0 54 0 240
0 56 37 0
0 56 0 240
0 57 42 0
0 57 0 240
0 66 38 240
0 66 0 180
0 64 32 300
0 64 0 180
0 63 38 300
0 63 0 180
0 62 38 780
0 62 0 240
0 57 63 240
0 61 48 240
0 61 0 240
0 62 50 0
0 62 0 240
0 64 46 0
0 64 0 240
0 66 47 0
0 66 0 240
0 62 45 0
0 62 0 240
0 64 45 0
0 64 0 240
0 57 0 0
0 66 41 0
0 66 0 240
0 68 43 0
0 68 0 240
0 64 41 0
0 64 0 240
0 66 42 0
0 66 0 240
0 68 37 0
0 68 0 240
0 69 56 0
0 64 54 480
0 68 64 0
0 68 0 480
0 64 0 0
0 62 51 0
0 66 61 0
0 66 0 480
0 62 0 0
0 61 48 0
0 64 57 0
0 69 0 240
0 64 0 240
0 61 0 0
0 60 47 0
0 63 56 0
0 63 0 480
0 60 0 0
0 59 47 0
0 62 56 0
0 62 0 480
0 59 0 0
0 57 47 0
0 61 56 0
0 61 0 480
0 57 0 0
0 52 48 0
0 56 57 0
0 56 0 480
0 52 0 0
0 50 44 0
0 54 53 0
0 54 0 480
0 50 0 0
0 49 40 0
0 52 48 0
0 52 0 480
0 49 0 0
0 48 39 0
0 51 46 0
0 51 0 480
0 48 0 0
0 47 37 0
0 50 44 0
0 50 0 480
0 47 0 0
0 45 39 0
0 49 43 0
0 49 0 1440
0 45 0 0
0 30 40 1440
0 42 48 0
0 42 0 960
0 30 0 0
0 42 40 480
0 54 48 0
0 54 0 960
0 42 0 0
0 62 60 480
0 57 50 0
0 54 50 0
0 62 0 960
0 61 48 0
0 61 0 480
0 60 54 0
0 54 0 720
0 57 0 0
0 60 0 240
0 57 39 0
0 54 33 0
0 54 0 480
0 57 0 0
0 53 40 0
0 56 48 0
0 56 0 480
0 53 0 0
0 49 38 480
0 37 32 0
0 37 0 480
0 49 0 0
0 42 40 0
0 54 48 0
0 54 0 480
0 42 0 0
0 35 40 960
0 47 48 0
0 47 0 480
0 35 0 0
0 49 41 960
0 37 34 0
0 37 0 480
0 49 0 0
0 30 40 960
0 42 48 0
0 42 0 960
0 30 0 0
0 42 40 480
0 54 48 0
0 54 0 960
0 42 0 0
0 62 55 480
0 57 46 0
0 54 46 0
0 62 0 960
0 61 48 0
0 61 0 480
0 60 54 0
0 54 0 720
0 57 0 0
0 60 0 240
0 57 39 0
0 54 33 0
0 54 0 480
0 57 0 0
0 53 40 0
0 56 48 0
0 56 0 480
0 53 0 0
0 54 38 480
0 42 32 0
0 42 0 480
0 47 40 0
0 47 0 480
0 54 0 0
0 54 38 480
0 42 32 0
0 42 0 480
0 54 0 0
0 47 48 0
0 47 0 1440
0 49 40 0
0 49 0 960
0 54 38 0
0 42 32 0
0 42 0 480
0 47 40 0
0 47 0 480
0 54 0 0
0 54 38 480
0 42 32 0
0 42 0 480
0 47 40 0
0 47 0 480
0 54 0 0
0 54 38 480
0 42 32 0
0 42 0 480
0 54 0 0
0 47 48 0
0 47 0 1440
0 49 40 0
0 49 0 960
0 54 38 0
0 42 32 0
0 42 0 480
0 47 40 0
0 47 0 480
0 54 0 0
0 61 38 480
0 61 0 480
0 59 42 0
0 59 0 480
0 57 46 0
0 57 0 480
0 56 50 0
0 56 0 480
0 54 54 0
0 54 0 480
0 52 63 0
0 52 0 480
0 50 72 0
0 50 0 480
0 49 84 0
0 49 0 480
0 45 82 0
0 45 0 480
0 43 82 0
0 43 0 480
0 42 86 0
0 42 0 2400
0 46 72 0
0 46 0 480
0 47 70 0
0 47 0 960
0 44 57 0
0 44 0 480
0 45 55 0
0 45 0 960
0 39 44 0
0 39 0 480
0 40 47 0
0 40 0 480
0 52 69 0
0 44 58 0
0 44 0 480
0 52 0 0
0 45 53 0
0 45 0 480
0 40 54 0
0 40 0 480
0 52 69 0
0 44 58 0
0 44 0 480
0 52 0 0
0 45 53 0
0 45 0 480
0 40 54 0
0 40 0 480
0 52 69 0
0 44 58 0
0 44 0 480
0 52 0 0
0 45 53 0
0 45 0 480
0 40 54 0
0 40 0 480
0 52 69 0
0 44 58 0
0 44 0 480
0 52 0 0
0 45 53 0
0 45 0 480
0 40 54 0
0 40 0 480
0 40 54 4800
0 40 0 480
0 37 64 0
0 45 64 0
0 37 0 960
0 42 58 480
0 45 0 480
0 44 62 0
0 44 0 480
0 42 0 0
0 45 70 0
0 45 0 480
0 47 72 0
0 40 72 0
0 40 0 960
0 47 0 480
0 45 54 0
0 49 54 0
0 45 0 960
0 49 0 480
0 52 73 0
0 38 73 0
0 52 0 480
0 50 62 0
0 50 0 480
0 38 0 0
0 49 54 0
0 49 0 480
0 47 66 0
0 40 66 0
0 47 0 480
0 49 49 0
0 49 0 480
0 40 0 0
0 47 41 0
0 47 0 480
0 45 50 0
0 45 0 2400
0 49 36 0
0 49 0 240
0 45 36 0
0 45 0 240
0 42 48 0
0 42 0 240
0 45 36 0
0 45 0 240
0 47 36 0
0 47 0 240
0 49 36 0
0 49 0 240
0 47 37 0
0 47 0 240
0 45 37 0
0 45 0 240
0 51 47 0
0 51 0 240
0 42 37 0
0 42 0 240
0 44 51 0
0 44 0 240
0 45 45 0
0 45 0 240
0 44 56 0
0 44 0 240
0 42 50 0
0 42 0 240
0 40 65 0
0 40 0 240
0 50 38 0
0 50 0 240
0 52 52 0
0 52 0 240
0 54 39 0
0 54 0 240
0 52 51 0
0 52 0 240
0 50 47 0
0 50 0 240
0 55 67 0
0 45 67 0
0 45 0 240
0 55 0 0
0 52 49 0
0 52 0 240
0 49 62 0
0 49 0 240
0 47 56 0
0 47 0 240
0 43 65 0
0 43 0 240
0 40 62 0
0 40 0 240
0 38 72 0
0 38 0 240
0 42 51 0
0 42 0 240
0 44 58 0
0 44 0 240
0 45 48 0
0 45 0 240
0 47 55 0
0 47 0 240
0 49 47 0
0 49 0 240
0 50 64 0
0 40 64 0
0 40 0 240
0 50 0 0
0 49 49 0
0 49 0 240
0 50 55 0
0 50 0 240
0 47 48 0
0 47 0 240
0 52 54 0
0 52 0 240
0 50 41 0
0 50 0 240
0 49 60 0
0 45 60 0
0 45 0 240
0 49 0 0
0 52 54 0
0 52 0 240
0 50 54 0
0 50 0 240
0 49 54 0
0 49 0 240
0 47 54 0
0 47 0 240
0 45 51 0
0 45 0 240
0 44 55 0
0 44 0 240
0 45 55 0
0 45 0 240
0 43 57 0
0 43 0 240
0 45 60 0
0 45 0 240
0 42 61 0
0 42 0 240
0 46 65 0
0 46 0 240
0 38 75 0
0 38 0 240
0 42 53 0
0 42 0 240
0 44 66 0
0 44 0 240
0 45 50 0
0 45 0 240
0 47 63 0
0 47 0 240
0 49 49 0
0 49 0 240
0 50 67 0
0 50 0 240
0 40 51 0
0 40 0 240
0 52 57 0
0 52 0 240
0 40 50 0
0 40 0 240
0 50 56 0
0 50 0 240
0 40 43 0
0 40 0 240
0 45 63 0
0 49 48 240
0 49 0 240
0 50 50 0
0 50 0 240
0 52 46 0
0 52 0 240
0 54 47 0
0 54 0 240
0 50 45 0
0 50 0 240
0 52 45 0
0 52 0 240
0 45 0 0
0 54 41 0
0 54 0 240
0 56 43 0
0 56 0 240
0 52 41 0
0 52 0 240
0 54 42 0
0 54 0 240
0 56 37 0
0 56 0 240
0 57 42 0
0 57 0 240
0 66 38 240
0 66 0 180
0 64 32 300
0 64 0 180
0 63 38 300
0 63 0 180
0 62 38 780
0 62 0 240
0 57 63 240
0 61 48 240
0 61 0 240
0 62 50 0
0 62 0 240
0 64 46 0
0 64 0 240
0 66 47 0
0 66 0 240
0 62 45 0
0 62 0 240
0 64 45 0
0 64 0 240
0 57 0 0
0 66 41 0
0 66 0 240
0 68 43 0
0 68 0 240
0 64 41 0
0 64 0 240
0 66 42 0
0 66 0 240
0 68 37 0
0 68 0 240
0 69 56 0
0 64 54 480
0 68 64 0
0 68 0 480
0 64 0 0
0 66 61 0
0 62 51 0
0 62 0 480
0 66 0 0
0 61 48 0
0 64 57 0
0 69 0 240
0 64 0 240
0 61 0 0
0 60 47 0
0 63 56 0
0 63 0 480
0 60 0 0
0 59 47 0
0 62 56 0
0 62 0 480
0 59 0 0
0 57 47 0
0 61 56 0
0 61 0 480
0 57 0 0
0 56 57 0
0 52 48 0
0 52 0 480
0 56 0 0
0 50 44 0
0 54 53 0
0 54 0 480
0 50 0 0
0 52 48 0
0 49 40 0
0 49 0 480
0 52 0 0
0 48 39 0
0 51 46 0
0 51 0 480
0 48 0 0
0 47 37 0
0 50 44 0
0 50 0 480
0 47 0 0
0 45 39 0
0 49 43 0
0 49 0 1440
0 45 0 0
0 52 50 960
0 52 0 240
0 48 42 0
0 48 0 240
0 33 48 0
0 33 0 960
0 33 40 480
0 45 48 0
0 45 0 960
0 33 0 0
0 53 60 480
0 48 50 0
0 45 50 0
0 53 0 960
0 52 48 0
0 52 0 480
0 51 54 0
0 45 0 720
0 48 0 0
0 51 0 240
0 48 39 0
0 45 33 0
0 45 0 480
0 48 0 0
0 32 35 240
0 32 0 240
0 47 42 0
0 47 0 240
0 43 36 960
0 43 0 240
0 59 39 0
0 59 0 240
0 54 36 960
0 54 0 240
0 67 39 0
0 67 0 240
0 35 44 2160
0 47 48 0
0 47 0 960
0 35 0 0
0 47 40 480
0 59 48 0
0 59 0 960
0 47 0 0
0 67 60 480
0 62 50 0
0 59 50 0
0 67 0 960
0 66 48 0
0 66 0 480
0 65 54 0
0 59 0 720
0 62 0 0
0 65 0 240
0 62 39 0
0 59 33 0
0 59 0 480
0 62 0 0
0 46 35 240
0 46 0 240
0 61 42 0
0 61 0 240
0 57 36 960
0 57 0 240
0 73 39 0
0 73 0 240
0 68 36 960
0 68 0 240
0 81 39 0
0 81 0 240
0 41 35 2400
0 41 0 240
0 56 42 0
0 56 0 240
0 52 40 960
0 52 0 240
0 66 44 0
0 66 0 240
0 39 40 960
0 39 0 240
0 54 49 0
0 54 0 240
0 50 43 960
0 50 0 240
0 64 47 0
0 64 0 240
0 37 43 960
0 37 0 240
0 52 52 0
0 52 0 240
0 49 46 960
0 49 0 240
0 63 51 0
0 63 0 240
0 36 46 960
0 36 0 240
0 51 56 0
0 51 0 240
0 47 49 960
0 47 0 240
0 61 54 0
0 61 0 240
0 57 50 960
0 57 0 240
0 61 60 0
0 61 0 240
0 56 59 240
0 56 0 480
0 54 52 240
0 54 0 240
0 61 57 0
0 61 0 240
0 53 61 240
0 53 0 480
0 57 53 240
0 57 0 240
0 61 63 0
0 61 0 240
0 56 63 240
0 56 0 480
0 54 56 240
0 54 0 240
0 61 61 0
0 61 0 240
0 53 64 240
0 53 0 480
0 50 56 240
0 50 0 240
0 54 67 0
0 54 0 240
0 49 65 240
0 55 65 0
0 55 0 480
0 49 0 0
0 50 57 240
0 50 0 240
0 54 62 0
0 54 0 240
0 49 65 240
0 55 65 0
0 55 0 480
0 49 0 0
0 54 56 0
0 50 56 0
0 50 0 240
0 54 0 0
0 49 66 240
0 55 66 0
0 55 0 480
0 49 0 0
0 50 58 0
0 54 58 0
0 54 0 240
0 50 0 0
0 49 69 240
0 55 69 0
0 55 0 480
0 49 0 0
0 50 61 0
0 54 61 0
0 54 0 240
0 50 0 0
0 49 72 240
0 55 72 0
0 55 0 480
0 49 0 0
0 50 74 0
0 54 74 0
0 50 0 1440
0 49 74 0
0 57 74 0
0 57 0 480
0 49 0 0
0 54 0 0
0 50 74 960
0 54 74 0
0 50 0 1440
0 49 74 0
0 57 74 0
0 57 0 480
0 49 0 0
0 54 0 0
0 62 74 960
0 62 0 2880
0 55 40 0
0 55 0 1440
0 52 38 0
0 52 0 1440
0 45 37 0
0 45 0 1440
0 42 35 0
0 42 0 1440
0 35 34 0
0 35 0 1440
0 37 34 0
0 37 0 1440
0 39 34 0
0 39 0 1440
0 41 34 0
0 41 0 1440
0 42 34 0
0 42 0 1440
0 36 34 0
0 36 0 1440
0 37 63 0
0 37 0 1440
0 41 60 0
0 41 0 480
0 44 56 0
0 44 0 480
0 47 51 0
0 47 0 410
0 47 56 10
0 47 0 60
0 37 69 0
0 45 69 0
0 45 0 480
0 44 64 0
0 44 0 480
0 42 54 0
0 42 0 480
0 37 0 0
0 45 64 0
0 45 0 480
0 44 59 0
0 44 0 480
0 42 59 0
0 42 0 480
0 37 59 0
0 49 63 0
0 37 0 960
0 49 0 480
0 50 60 0
0 50 0 480
0 49 56 0
0 49 0 480
0 47 51 0
0 47 0 410
0 47 56 10
0 47 0 60
0 45 69 0
0 45 0 480
0 44 64 0
0 44 0 480
0 42 54 0
0 42 0 480
0 45 64 0
0 45 0 480
0 44 59 0
0 44 0 480
0 42 59 0
0 42 0 480
0 37 59 0
0 44 63 0
0 44 0 1920
0 37 0 0
0 49 59 480
0 49 0 480
0 54 64 0
0 46 64 0
0 46 0 960
0 51 58 480
0 54 0 480
0 53 62 0
0 53 0 480
0 51 0 0
0 54 70 0
0 54 0 480
0 56 72 0
0 49 72 0
0 49 0 960
0 56 0 480
0 54 54 0
0 58 54 0
0 54 0 960
0 58 0 480
0 47 73 0
0 61 73 0
0 61 0 480
0 59 62 0
0 59 0 480
0 47 0 0
0 58 54 0
0 58 0 480
0 49 66 0
0 56 66 0
0 56 0 480
0 58 49 0
0 58 0 480
0 49 0 0
0 56 41 0
0 56 0 480
0 54 50 0
0 54 34 1920
0 54 0 240
0 49 31 0
0 49 0 240
0 54 0 0
0 46 31 0
0 46 0 240
0 42 26 0
0 42 0 240
0 39 42 0
0 39 0 240
0 51 31 0
0 51 0 240
0 54 37 0
0 54 0 240
0 58 31 0
0 58 0 240
0 54 37 0
0 54 0 240
0 51 31 0
0 51 0 240
0 39 40 0
0 39 0 240
0 51 31 0
0 51 0 240
0 54 49 0
0 54 0 240
0 56 39 0
0 56 0 240
0 54 50 0
0 54 0 240
0 51 47 0
0 51 0 240
0 37 61 0
0 37 0 240
0 51 45 0
0 51 0 240
0 49 44 0
0 49 0 240
0 47 38 0
0 47 0 240
0 46 50 0
0 46 0 240
0 44 31 0
0 44 0 240
0 42 49 0
0 42 0 240
0 49 31 0
0 49 0 240
0 52 39 0
0 52 0 240
0 54 31 0
0 54 0 240
0 52 38 0
0 52 0 240
0 49 31 0
0 49 0 240
0 47 52 0
0 47 0 240
0 51 31 0
0 51 0 240
0 56 45 0
0 56 0 240
0 51 31 0
0 51 0 240
0 58 46 0
0 58 0 240
0 51 33 0
0 51 0 240
0 59 55 0
0 59 0 240
0 49 48 0
0 49 0 240
0 61 43 0
0 61 0 240
0 49 37 0
0 49 0 240
0 59 45 0
0 59 0 240
0 49 40 0
0 49 0 240
0 42 46 0
0 42 0 240
0 54 39 0
0 54 0 240
0 58 43 0
0 58 0 240
0 54 37 0
0 54 0 240
0 58 48 0
0 58 0 240
0 54 40 0
0 54 0 240
0 59 56 0
0 59 0 240
0 54 46 0
0 54 0 240
0 59 58 0
0 59 0 240
0 54 48 0
0 54 0 240
0 61 67 0
0 61 0 240
0 54 56 0
0 54 0 240
0 47 65 0
0 55 72 0
0 55 0 240
0 51 51 0
0 51 0 240
0 56 58 0
0 56 0 240
0 51 48 0
0 51 0 240
0 58 55 0
0 58 0 240
0 51 47 0
0 51 0 240
0 47 0 0
0 59 64 0
0 59 0 240
0 49 49 0
0 49 0 240
0 61 55 0
0 61 0 240
0 49 48 0
0 49 0 240
0 59 54 0
0 59 0 240
0 49 41 0
0 49 0 240
0 54 54 240
0 54 0 240
0 53 54 0
0 53 0 240
0 54 54 0
0 54 0 240
0 58 54 0
0 58 0 240
0 54 51 0
0 54 0 240
0 53 55 0
0 53 0 240
0 54 55 0
0 54 0 240
0 53 57 0
0 53 0 240
0 54 60 0
0 54 0 240
0 52 61 0
0 52 0 240
0 54 65 0
0 54 0 240
0 51 75 0
0 51 0 240
0 54 53 0
0 54 0 240
0 59 60 0
0 59 0 240
0 54 50 0
0 54 0 240
0 49 57 0
0 49 0 240
0 54 49 0
0 54 0 240
0 48 63 0
0 48 0 240
0 54 47 0
0 54 0 240
0 56 52 0
0 56 0 240
0 54 45 0
0 54 0 240
0 48 49 0
0 48 0 240
0 54 37 0
0 54 0 240
0 49 63 0
0 49 0 240
0 56 44 0
0 56 0 240
0 59 49 0
0 59 0 240
0 56 40 0
0 56 0 240
0 51 45 0
0 59 45 0
0 59 0 240
0 51 0 0
0 56 37 0
0 56 0 240
0 53 42 0
0 59 50 0
0 59 0 240
0 53 0 0
0 56 38 0
0 56 0 240
0 51 42 0
0 59 42 0
0 59 0 240
0 51 0 0
0 56 37 0
0 56 0 240
0 53 42 0
0 59 42 0
0 59 0 240
0 53 0 0
0 56 32 0
0 56 0 240
0 58 50 0
0 58 0 240
0 54 38 0
0 54 0 240
0 59 42 0
0 59 0 240
0 54 37 0
0 54 0 240
0 61 42 0
0 61 0 240
0 54 32 0
0 54 0 240
0 47 45 0
0 47 0 240
0 51 33 0
0 51 0 240
0 56 43 0
0 56 0 240
0 59 32 0
0 59 0 240
0 56 41 0
0 56 0 240
0 51 32 0
0 51 0 240
0 49 50 0
0 58 50 0
0 58 0 240
0 49 0 1200
0 59 41 0
0 59 0 240
0 56 35 0
0 56 0 240
0 53 41 0
0 53 0 240
0 49 38 0
0 49 0 240
0 47 41 0
0 47 0 240
0 44 37 0
0 44 0 240
0 42 53 0
0 42 0 240
0 41 40 0
0 41 0 240
0 42 42 0
0 42 0 240
0 44 39 0
0 44 0 240
0 46 39 0
0 46 0 240
0 47 38 0
0 47 0 240
0 49 38 0
0 49 0 240
0 48 34 0
0 48 0 240
0 49 36 0
0 49 0 240
0 51 34 0
0 51 0 240
0 52 35 0
0 52 0 240
0 53 31 0
0 53 0 240
0 54 35 0
0 63 38 480
0 63 0 180
0 61 32 300
0 61 0 180
0 54 0 300
0 49 35 0
0 60 38 0
0 60 0 180
0 59 38 780
0 59 0 240
0 49 0 240
0 54 51 0
0 58 51 0
0 58 0 240
0 54 0 0
0 53 43 0
0 53 0 240
0 54 45 0
0 54 0 240
0 56 41 0
0 56 0 240
0 58 42 0
0 58 0 240
0 59 40 0
0 59 0 240
0 61 40 0
0 61 0 240
0 60 36 0
0 60 0 240
0 61 38 0
0 61 0 240
0 63 36 0
0 63 0 240
0 64 37 0
0 64 0 240
0 65 33 0
0 65 0 240
0 66 44 0
0 66 0 480
0 61 43 0
0 65 51 0
0 65 0 480
0 61 0 0
0 59 40 0
0 63 48 0
0 63 0 480
0 59 0 0
0 58 38 0
0 61 45 0
0 61 0 480
0 58 0 0
0 57 37 0
0 60 44 0
0 60 0 480
0 57 0 0
0 56 37 0
0 59 44 0
0 59 0 480
0 56 0 0
0 54 37 0
0 58 44 0
0 58 0 480
0 54 0 0
0 49 37 0
0 53 44 0
0 53 0 480
0 49 0 0
0 47 33 0
0 51 39 0
0 51 0 480
0 47 0 0
0 46 29 0
0 49 35 0
0 49 0 480
0 46 0 0
0 45 27 0
0 48 32 0
0 48 0 480
0 45 0 0
0 44 25 0
0 47 30 0
0 47 0 480
0 44 0 0
0 42 26 0
0 46 28 0
0 49 26 2880
0 49 0 3360
0 46 0 0
0 42 0 0
0 58 33 480
0 58 0 240
0 54 29 0
0 54 0 240
0 49 33 0
0 49 0 240
0 42 21 2640
0 49 25 0
0 49 0 480
0 42 0 0
0 54 21 960
0 61 25 0
0 61 0 480
0 54 0 0
