0 62 50 2880
0 62 0 720
0 65 61 0
0 65 0 1440
0 63 57 0
0 63 0 720
0 62 50 0
0 62 0 1200
0 74 53 2880
0 70 45 0
0 70 0 240
0 74 0 0
0 72 61 0
0 69 51 0
0 69 0 480
0 72 0 0
0 67 42 0
0 70 50 0
0 70 0 240
0 67 0 0
0 69 55 0
0 66 46 0
0 66 0 475
0 69 0 0
0 69 42 5
0 72 50 0
0 72 0 240
0 69 0 0
0 70 56 0
0 62 47 0
0 62 0 480
0 70 0 0
0 60 42 0
0 69 50 0
0 69 0 240
0 60 0 0
0 67 55 0
0 58 46 0
0 58 0 480
0 67 0 0
0 62 50 0
0 62 0 240
0 63 55 0
0 60 46 0
0 60 0 470
0 63 0 0
0 60 42 10
0 63 50 0
0 63 0 230
0 60 0 0
0 63 48 10
0 60 40 0
0 60 0 120
0 63 0 0
0 65 53 0
0 62 45 0
0 62 0 120
0 65 0 0
0 67 54 0
0 63 45 0
0 63 0 120
0 67 0 0
0 60 42 120
0 63 50 0
0 63 0 120
0 60 0 0
0 62 46 120
0 74 53 1200
0 70 45 0
0 70 0 240
0 74 0 0
0 72 61 0
0 69 51 0
0 69 0 480
0 72 0 0
0 67 42 0
0 70 50 0
0 70 0 240
0 67 0 0
0 69 55 0
0 66 46 0
0 66 0 470
0 69 0 0
0 69 42 10
0 72 50 0
0 72 0 240
0 69 0 0
0 62 0 0
0 70 56 0
0 62 47 0
0 62 0 480
0 70 0 0
0 60 42 0
0 69 50 0
0 69 0 240
0 60 0 0
0 67 55 0
0 58 46 0
0 58 0 210
0 67 0 0
0 67 62 30
0 67 0 240
0 69 63 0
0 69 0 240
0 70 69 0
0 70 0 240
0 73 62 0
0 73 0 240
0 74 67 0
0 74 0 240
0 73 66 0
0 77 78 0
0 77 0 240
0 73 0 0
0 76 66 0
0 76 0 240
0 74 72 0
0 74 0 240
0 81 78 0
0 74 56 0
0 74 0 480
0 81 0 0
0 77 68 0
0 77 0 240
0 74 63 0
0 74 0 480
0 69 55 0
0 69 0 240
0 70 57 0
0 70 0 240
0 64 48 0
0 73 57 0
0 73 0 240
0 64 0 0
0 65 48 0
0 74 57 0
0 74 0 240
0 65 0 0
0 69 53 0
0 77 63 0
0 77 0 240
0 69 0 0
0 76 57 0
0 67 48 0
0 67 0 240
0 76 0 0
0 74 54 0
0 65 45 0
0 65 0 228
0 74 0 0
0 74 65 12
0 65 55 0
0 65 0 1170
0 74 0 0
0 74 59 30
0 74 0 240
0 77 70 0
0 65 39 240
0 65 0 240
0 77 0 0
0 67 34 0
0 74 61 0
0 74 0 240
0 67 0 0
0 72 65 0
0 65 39 240
0 65 0 240
0 72 0 0
0 67 34 0
0 71 61 0
0 71 0 240
0 67 0 0
0 72 70 0
0 60 39 240
0 63 39 0
0 63 0 240
0 60 0 0
0 72 0 0
0 67 58 0
0 67 0 240
0 68 65 0
0 62 39 240
0 65 39 0
0 65 0 240
0 62 0 0
0 68 0 0
0 71 65 0
0 71 0 240
0 72 69 0
0 60 39 240
0 63 39 0
0 63 0 240
0 60 0 0
0 72 0 0
0 67 56 0
0 67 0 240
0 68 62 0
0 62 39 240
0 65 39 0
0 65 0 240
0 62 0 0
0 68 0 0
0 71 56 0
0 71 0 240
0 72 64 0
0 63 39 240
0 63 0 240
0 67 34 0
0 67 0 240
0 72 0 240
0 63 39 0
0 63 0 240
0 67 27 0
0 72 47 0
0 72 0 240
0 67 0 0
0 75 58 0
0 63 31 240
0 63 0 240
0 75 0 0
0 66 27 0
0 69 48 0
0 69 0 240
0 66 0 0
0 75 52 0
0 63 31 240
0 63 0 240
0 75 0 0
0 66 27 0
0 69 48 0
0 69 0 240
0 66 0 0
0 75 58 0
0 63 31 240
0 63 0 240
0 66 46 0
0 69 46 0
0 69 0 240
0 66 0 0
0 63 31 240
0 63 0 240
0 75 0 0
0 69 31 0
0 74 52 0
0 74 0 240
0 69 0 0
0 72 55 0
0 62 31 240
0 62 0 240
0 72 0 0
0 67 31 0
0 70 44 0
0 69 31 237
0 70 0 3
0 67 0 0
0 69 0 237
0 61 31 3
0 70 31 0
0 70 0 240
0 61 0 0
0 67 44 0
0 67 0 240
0 62 44 0
0 66 44 0
0 69 44 0
0 74 55 0
0 74 0 240
0 62 0 0
0 66 0 0
0 69 0 0
0 74 55 0
0 74 0 180
0 74 61 60
0 74 0 180
0 74 71 60
0 74 0 180
0 74 68 60
0 74 0 180
0 74 63 60
0 74 0 180
0 74 63 60
0 74 0 216
0 62 38 24
0 67 38 0
0 70 55 0
0 70 0 216
0 67 0 0
0 62 0 0
0 66 42 24
0 72 42 0
0 75 60 0
0 75 0 216
0 72 0 0
0 66 0 0
0 74 63 24
0 67 42 240
0 70 42 0
0 70 0 216
0 67 0 0
0 74 0 24
0 70 42 0
0 74 42 0
0 79 61 0
0 79 0 216
0 74 0 0
0 70 0 0
0 74 64 24
0 74 0 216
0 62 38 24
0 67 38 0
0 70 55 0
0 70 0 216
0 67 0 0
0 62 0 0
0 66 43 24
0 72 43 0
0 75 62 0
0 75 0 216
0 72 0 0
0 66 0 0
0 74 65 24
0 67 42 240
0 70 42 0
0 70 0 216
0 67 0 0
0 74 0 24
0 70 42 0
0 74 42 0
0 79 59 0
0 79 0 216
0 74 0 0
0 70 0 0
0 74 65 24
0 74 0 216
0 62 38 24
0 67 38 0
0 72 55 0
0 72 0 216
0 67 0 0
0 62 0 0
0 62 38 24
0 67 38 0
0 70 55 0
0 70 0 216
0 67 0 0
0 62 0 0
0 69 61 24
0 63 42 240
0 67 42 0
0 67 0 216
0 63 0 0
0 69 0 24
0 63 42 0
0 67 42 0
0 69 55 0
0 69 0 216
0 67 0 0
0 63 0 0
0 74 63 24
0 62 42 240
0 66 42 0
0 66 0 216
0 62 0 0
0 74 0 24
0 62 42 0
0 66 42 0
0 69 55 0
0 69 0 216
0 66 0 0
0 62 0 0
0 72 63 24
0 62 42 240
0 69 42 0
0 69 0 216
0 62 0 0
0 72 0 24
0 62 42 0
0 67 42 0
0 70 55 0
0 70 0 216
0 67 0 0
0 62 0 0
0 74 63 24
0 74 0 216
0 62 38 24
0 67 38 0
0 70 55 0
0 70 0 216
0 67 0 0
0 62 0 0
0 66 42 24
0 72 42 0
0 75 60 0
0 75 0 216
0 72 0 0
0 66 0 0
0 74 64 24
0 67 42 240
0 70 42 0
0 70 0 216
0 67 0 0
0 74 0 24
0 70 42 0
0 74 42 0
0 79 58 0
0 79 0 216
0 74 0 0
0 70 0 0
0 74 65 24
0 74 0 216
0 62 40 24
0 67 40 0
0 70 40 0
0 70 0 216
0 67 0 0
0 62 0 0
0 66 43 24
0 72 43 0
0 75 62 0
0 75 0 216
0 72 0 0
0 66 0 0
0 74 65 24
0 67 40 240
0 71 40 0
0 71 0 216
0 67 0 0
0 74 0 0
0 71 57 24
0 74 57 0
0 77 57 0
0 79 82 0
0 77 0 240
0 71 0 0
0 74 0 0
0 72 57 0
0 75 57 0
0 75 0 240
0 72 0 0
0 79 0 0
0 79 72 0
0 79 0 216
0 75 71 24
0 75 0 216
0 74 69 24
0 74 0 216
0 75 66 24
0 75 0 216
0 72 59 24
0 72 0 216
0 70 64 24
0 70 0 216
0 67 45 24
0 72 54 0
0 72 0 216
0 67 0 0
0 63 47 24
0 69 56 0
0 69 0 216
0 63 0 0
0 67 54 24
0 67 0 216
0 69 49 24
0 69 0 216
0 60 41 24
0 62 41 0
0 66 49 0
0 66 0 216
0 62 0 0
0 60 0 0
0 58 49 24
0 62 49 0
0 67 58 0
0 67 0 240
0 62 0 0
0 58 0 0
0 74 53 960
0 70 45 0
0 70 0 240
0 74 0 0
0 72 61 0
0 69 51 0
0 69 0 480
0 72 0 0
0 67 42 0
0 70 50 0
0 70 0 240
0 67 0 0
0 69 55 0
0 66 46 0
0 66 0 480
0 69 0 0
0 72 53 0
0 63 45 0
0 63 0 240
0 72 0 0
0 70 61 0
0 62 51 0
0 62 0 480
0 70 0 0
0 74 42 0
0 86 50 0
0 86 0 216
0 74 0 0
0 86 55 24
0 74 46 0
0 74 0 480
0 86 0 0
0 70 47 0
0 62 40 0
0 62 0 240
0 70 0 0
0 69 53 0
0 60 44 0
0 60 0 480
0 69 0 0
0 58 35 0
0 67 42 0
0 67 0 240
0 58 0 0
0 66 45 0
0 57 37 0
0 57 0 480
0 66 0 0
0 69 41 0
0 66 35 0
0 66 0 240
0 69 0 0
0 67 42 0
0 62 35 0
0 62 0 480
0 67 0 0
0 74 29 0
0 86 35 0
0 86 0 216
0 74 0 0
0 86 38 24
0 74 32 0
0 74 0 480
0 86 0 0
0 70 37 0
0 62 31 0
0 62 0 240
0 70 0 0
0 67 42 0
0 67 0 480
0 74 29 0
0 86 35 0
0 86 0 216
0 74 0 0
0 86 38 24
0 74 32 0
0 74 0 480
0 86 0 0
0 65 37 960
0 65 0 1440
0 63 37 0
0 63 0 720
0 62 37 0
0 62 0 1200
0 62 37 2400
0 62 0 960
0 62 37 480
0 62 0 960
0 43 36 0
0 58 28 240
0 55 24 0
0 55 0 240
0 58 0 0
0 43 0 0
0 50 28 0
0 50 0 240
0 43 36 0
0 58 30 240
0 55 25 0
0 55 0 240
0 58 0 0
0 43 0 0
0 50 30 0
0 50 0 240
0 43 36 0
0 58 28 240
0 55 24 0
0 55 0 240
0 58 0 0
0 43 0 0
0 50 28 0
0 50 0 240
0 43 36 0
0 57 25 240
0 60 30 0
0 55 25 0
0 55 0 240
0 43 0 0
0 57 0 0
0 60 0 0
0 51 30 0
0 51 0 240
0 31 30 0
0 43 36 0
0 55 26 240
0 58 31 0
0 58 0 240
0 31 0 0
0 43 0 0
0 55 0 0
0 50 36 0
0 50 0 240
0 41 44 0
0 29 36 0
0 57 29 240
0 60 35 0
0 60 0 240
0 41 0 0
0 29 0 0
0 57 0 0
0 53 30 0
0 53 0 240
0 31 30 0
0 43 36 0
0 62 28 240
0 58 24 0
0 58 0 240
0 31 0 0
0 43 0 0
0 62 0 0
0 53 28 0
0 53 0 240
0 36 30 0
0 48 36 0
0 60 30 240
0 55 25 0
0 55 0 240
0 36 0 0
0 48 0 0
0 60 0 0
0 51 30 0
0 51 0 240
0 38 36 0
0 58 28 240
0 55 24 0
0 55 0 240
0 58 0 0
0 38 0 0
0 50 28 0
0 50 0 240
0 38 36 0
0 58 30 240
0 55 30 0
0 55 0 240
0 58 0 0
0 38 0 0
0 50 30 0
0 50 0 240
0 38 36 0
0 60 28 240
0 57 24 0
0 57 0 240
0 60 0 0
0 38 0 0
0 50 28 0
0 50 0 240
0 38 36 0
0 57 30 240
0 54 25 0
0 54 0 240
0 57 0 0
0 38 0 0
0 50 30 0
0 50 0 240
0 43 36 0
0 43 0 180
0 58 28 60
0 55 24 0
0 55 0 240
0 58 0 0
0 50 28 0
0 50 0 240
0 43 36 0
0 43 0 180
0 58 30 60
0 55 25 0
0 55 0 240
0 58 0 0
0 50 30 0
0 50 0 240
0 43 36 0
0 43 0 180
0 60 28 60
0 57 24 0
0 57 0 240
0 60 0 0
0 50 28 0
0 50 0 240
0 43 36 0
0 43 0 180
0 60 30 60
0 57 25 0
0 57 0 240
0 60 0 0
0 50 30 0
0 50 0 240
0 43 36 0
0 43 0 180
0 58 28 60
0 55 24 0
0 55 0 240
0 58 0 0
0 50 28 0
0 50 0 240
0 43 36 0
0 43 0 180
0 55 30 60
0 55 0 240
0 50 30 0
0 50 0 240
0 43 36 0
0 43 0 180
0 55 28 60
0 55 0 240
0 51 28 0
0 51 0 240
0 43 36 0
0 43 0 180
0 60 30 60
0 55 25 0
0 55 0 240
0 60 0 0
0 51 30 0
0 51 0 240
0 43 36 0
0 43 0 180
0 58 28 60
0 55 24 0
0 55 0 240
0 58 0 0
0 50 28 0
0 50 0 240
0 43 36 0
0 43 0 180
0 58 30 60
0 55 25 0
0 55 0 240
0 58 0 0
0 50 30 0
0 50 0 240
0 43 36 0
0 43 0 180
0 60 28 60
0 57 24 0
0 57 0 240
0 60 0 0
0 50 28 0
0 50 0 240
0 43 36 0
0 43 0 180
0 60 30 60
0 57 25 0
0 57 0 240
0 60 0 0
0 50 30 0
0 50 0 240
0 43 36 0
0 43 0 180
0 58 28 60
0 55 24 0
0 55 0 240
0 58 0 0
0 50 28 0
0 50 0 240
0 43 36 0
0 43 0 180
0 55 33 60
0 55 0 240
0 50 35 0
0 50 0 240
0 43 50 0
0 43 0 180
0 62 40 60
0 58 40 0
0 58 0 240
0 62 0 0
0 55 47 0
0 55 0 240
0 43 49 0
0 43 0 180
0 61 45 60
0 58 45 0
0 58 0 240
0 61 0 0
0 55 47 0
0 55 0 240
0 41 55 0
0 41 0 180
0 57 34 60
0 62 41 0
0 62 0 240
0 57 0 0
0 53 34 0
0 53 0 240
0 41 40 0
0 41 0 180
0 57 33 60
0 62 39 0
0 62 0 240
0 57 0 0
0 53 34 0
0 53 0 240
0 43 45 0
0 43 0 180
0 58 26 60
0 62 31 0
0 62 0 240
0 58 0 0
0 55 34 0
0 55 0 240
0 43 37 0
0 43 0 180
0 61 34 60
0 61 0 240
0 57 34 0
0 57 0 240
0 53 41 0
0 53 0 180
0 62 35 60
0 57 29 0
0 57 0 240
0 62 0 0
0 53 30 0
0 53 0 240
0 53 41 0
0 53 0 180
0 62 35 60
0 57 29 0
0 57 0 240
0 62 0 0
0 53 30 0
0 53 0 240
0 43 41 0
0 43 0 180
0 59 35 60
0 55 29 0
0 55 0 240
0 59 0 0
0 50 30 0
0 50 0 240
0 43 41 0
0 43 0 180
0 59 35 60
0 55 29 0
0 55 0 240
0 59 0 0
0 50 30 0
0 50 0 240
0 36 51 0
0 36 0 180
0 55 32 60
0 55 0 240
0 51 30 0
0 51 0 240
0 48 41 0
0 48 0 180
0 56 35 60
0 53 29 0
0 53 0 240
0 56 0 0
0 50 30 0
0 50 0 240
0 36 43 0
0 36 0 180
0 55 29 60
0 55 0 240
0 51 30 0
0 51 0 240
0 48 41 0
0 48 0 180
0 56 32 60
0 53 27 0
0 53 0 240
0 56 0 0
0 50 30 0
0 50 0 240
0 36 41 0
0 36 0 180
0 55 35 60
0 51 29 0
0 51 0 240
0 55 0 0
0 48 30 0
0 48 0 240
0 36 37 0
0 36 0 180
0 51 22 60
0 55 27 0
0 55 0 240
0 51 0 0
0 48 20 0
0 48 0 240
0 42 32 0
0 42 0 180
0 57 27 60
0 51 23 0
0 51 0 240
0 57 0 0
0 48 24 0
0 48 0 240
0 42 32 0
0 42 0 180
0 57 27 60
0 51 23 0
0 51 0 240
0 57 0 0
0 48 24 0
0 48 0 240
0 42 40 0
0 42 0 180
0 51 22 60
0 57 25 0
0 57 0 240
0 51 0 0
0 48 24 0
0 48 0 240
0 42 32 0
0 42 0 180
0 57 27 60
0 51 23 0
0 51 0 240
0 57 0 0
0 48 24 0
0 48 0 240
0 43 34 0
0 43 0 180
0 50 23 60
0 55 23 0
0 55 0 240
0 50 0 0
0 46 24 0
0 46 0 240
0 39 32 0
0 39 0 180
0 58 25 60
0 55 21 0
0 55 0 240
0 58 0 0
0 51 24 0
0 51 0 240
0 38 34 0
0 38 0 480
0 31 37 960
0 43 44 0
0 43 0 240
0 31 0 0
0 31 37 1200
0 43 44 0
0 43 0 240
0 31 0 0
0 34 37 1200
0 46 44 0
0 46 0 240
0 34 0 0
0 36 37 480
0 48 44 0
0 48 0 240
0 36 0 0
0 38 37 480
0 50 44 0
0 50 0 240
0 38 0 0
0 43 37 480
0 55 44 0
0 55 0 240
0 43 0 0
0 31 37 480
0 43 44 0
0 43 0 240
0 31 0 0
0 43 37 1200
0 55 44 0
0 55 0 240
0 43 0 0
0 36 74 1200
0 48 74 0
0 48 0 240
0 36 0 0
0 67 49 720
0 67 0 216
0 63 44 24
0 63 0 216
0 62 48 24
0 62 0 216
0 63 40 24
0 63 0 216
0 60 42 24
0 60 0 216
0 62 40 24
0 62 0 216
0 50 41 264
0 50 0 216
0 43 40 24
0 43 0 180
0 58 28 60
0 55 24 0
0 55 0 240
0 58 0 0
0 50 28 0
0 50 0 240
0 43 36 0
0 43 0 180
0 58 30 60
0 55 25 0
0 55 0 240
0 58 0 0
0 50 30 0
0 50 0 240
0 43 36 0
0 43 0 180
0 60 28 60
0 57 24 0
0 57 0 240
0 60 0 0
0 50 28 0
0 50 0 240
0 43 36 0
0 43 0 180
0 60 30 60
0 57 25 0
0 57 0 240
0 60 0 0
0 50 30 0
0 50 0 240
0 43 36 0
0 43 0 180
0 58 28 60
0 55 24 0
0 55 0 240
0 58 0 0
0 50 28 0
0 50 0 240
0 43 36 0
0 43 0 180
0 58 30 60
0 55 25 0
0 55 0 240
0 58 0 0
0 50 27 0
0 50 0 240
0 43 31 0
0 43 0 180
0 55 24 60
0 55 0 240
0 50 23 0
0 50 0 240
0 43 28 0
0 43 0 180
0 62 24 60
0 60 19 0
0 60 0 240
0 62 0 0
0 50 23 0
0 50 0 240
0 43 25 0
0 43 0 180
0 58 19 60
0 55 16 0
0 55 0 240
0 58 0 0
0 50 19 0
0 50 0 240
0 43 25 0
0 43 0 180
0 58 20 60
0 55 17 0
0 55 0 240
0 58 0 0
0 50 20 0
0 50 0 240
0 43 25 0
0 43 0 180
0 58 19 60
0 55 16 0
0 55 0 240
0 58 0 0
0 50 19 0
0 50 0 240
0 43 25 0
0 43 0 180
0 58 20 60
0 55 17 0
0 55 0 240
0 58 0 0
0 50 19 0
0 50 0 240
0 43 25 0
0 43 0 180
0 58 20 60
0 55 17 0
0 55 0 240
0 58 0 0
0 50 19 0
0 50 0 240
0 29 21 0
0 41 25 0
0 60 20 240
0 57 17 0
0 57 0 240
0 29 0 0
0 41 0 0
0 60 0 0
0 53 19 0
0 53 0 240
0 34 21 0
0 46 25 0
0 62 20 240
0 58 17 0
0 58 0 240
0 34 0 0
0 46 0 0
0 62 0 0
0 53 19 0
0 53 0 240
0 36 21 0
0 48 25 0
0 60 20 240
0 55 17 0
0 55 0 240
0 36 0 0
0 48 0 0
0 60 0 0
0 51 19 0
0 51 0 240
0 38 25 0
0 58 20 240
0 55 17 0
0 55 0 240
0 58 0 0
0 38 0 0
0 50 19 0
0 50 0 240
0 38 25 0
0 55 17 240
0 58 20 0
0 58 0 240
0 55 0 0
0 38 0 0
0 50 19 0
0 50 0 240
0 38 25 0
0 60 20 240
0 57 17 0
0 57 0 240
0 60 0 0
0 38 0 0
0 50 19 0
0 50 0 240
0 38 25 0
0 57 20 240
0 54 17 0
0 54 0 240
0 57 0 0
0 38 0 0
0 50 19 0
0 50 0 240
0 31 25 0
0 58 20 240
0 55 17 0
0 55 0 240
0 58 0 0
0 31 0 0
0 50 19 0
0 50 0 240
0 31 25 720
0 58 20 240
0 55 17 0
0 55 0 240
0 58 0 0
0 31 0 0
0 50 19 0
0 50 0 240
0 31 21 720
0 31 0 1440
