0 63 51 1440
0 63 0 480
0 67 56 0
0 67 0 720
0 68 50 0
0 68 0 240
0 70 62 0
0 70 0 480
0 63 52 0
0 63 0 480
0 68 56 0
0 68 0 480
0 62 40 0
0 62 0 480
0 63 62 0
0 63 0 720
0 62 58 0
0 62 0 240
0 60 64 0
0 60 0 720
0 65 59 0
0 65 0 240
0 68 63 0
0 68 0 720
0 65 66 0
0 65 0 240
0 75 76 0
0 75 0 480
0 74 70 0
0 74 0 720
0 72 53 0
0 72 0 240
0 70 51 0
0 70 0 240
0 68 46 0
0 68 0 240
0 67 52 0
0 67 0 720
0 68 51 0
0 68 0 240
0 70 56 0
0 70 0 480
0 63 52 0
0 63 0 480
0 68 56 0
0 68 0 480
0 62 42 0
0 62 0 480
0 63 62 0
0 63 0 720
0 63 58 0
0 63 0 240
0 65 64 0
0 65 0 640
0 63 60 0
0 63 0 160
0 62 58 0
0 62 0 160
0 60 63 0
0 60 0 240
0 63 60 0
0 63 0 240
0 67 66 0
0 67 0 240
0 72 71 0
0 72 0 240
0 77 76 0
0 77 0 640
0 75 65 0
0 75 0 160
0 74 62 0
0 74 0 160
0 72 63 0
0 72 0 240
0 67 54 0
0 67 0 240
0 69 57 0
0 69 0 240
0 70 54 0
0 70 0 240
0 70 56 0
0 70 0 480
0 65 49 0
0 65 0 480
0 65 56 0
0 65 0 480
0 65 54 0
0 65 0 480
0 72 59 0
0 72 0 960
0 70 56 0
0 70 0 960
0 58 36 1440
0 58 0 480
0 67 56 0
0 67 0 720
0 68 50 0
0 68 0 240
0 70 62 0
0 70 0 480
0 63 52 0
0 63 0 480
0 68 56 0
0 68 0 480
0 62 40 0
0 62 0 480
0 63 62 0
0 63 0 720
0 62 58 0
0 62 0 240
0 60 64 0
0 60 0 720
0 65 59 0
0 65 0 240
0 68 63 0
0 68 0 720
0 65 66 0
0 65 0 240
0 75 77 0
0 75 0 480
0 74 70 0
0 74 0 720
0 72 53 0
0 72 0 240
0 70 51 0
0 70 0 240
0 68 49 0
0 68 0 240
0 67 52 0
0 67 0 720
0 68 51 0
0 68 0 240
0 70 62 0
0 70 0 480
0 63 52 0
0 63 0 480
0 68 56 0
0 68 0 480
0 62 42 0
0 62 0 480
0 63 62 0
0 63 0 720
0 63 58 0
0 63 0 240
0 65 64 0
0 65 0 640
0 63 60 0
0 63 0 160
0 62 58 0
0 62 0 160
0 60 63 0
0 60 0 240
0 63 60 0
0 63 0 240
0 67 66 0
0 67 0 240
0 72 72 0
0 72 0 240
0 77 77 0
0 77 0 640
0 75 65 0
0 75 0 160
0 74 62 0
0 74 0 160
0 72 63 0
0 72 0 240
0 67 53 0
0 67 0 240
0 69 58 0
0 69 0 240
0 70 52 0
0 70 0 240
0 70 56 0
0 70 0 480
0 65 49 0
0 65 0 480
0 65 56 0
0 65 0 480
0 65 54 0
0 65 0 480
0 72 59 0
0 72 0 960
0 70 56 0
0 70 0 960
0 66 46 1600
0 66 0 160
0 68 50 0
0 68 0 160
0 70 57 0
0 70 0 480
0 71 69 0
0 71 0 360
0 68 54 0
0 68 0 120
0 65 52 0
0 65 0 640
0 66 54 0
0 66 0 120
0 68 59 40
0 68 0 120
0 70 70 40
0 70 0 480
0 75 77 0
0 75 0 360
0 71 59 0
0 71 0 120
0 68 57 0
0 68 0 640
0 66 49 0
0 66 0 120
0 68 50 40
0 68 0 120
0 70 57 40
0 70 0 480
0 71 69 0
0 71 0 360
0 68 54 0
0 68 0 120
0 65 52 0
0 65 0 640
0 66 59 0
0 66 0 120
0 68 65 40
0 68 0 120
0 70 74 40
0 70 0 480
0 75 82 0
0 75 0 360
0 71 59 0
0 71 0 120
0 68 70 0
0 68 0 640
0 66 70 0
0 70 78 0
0 70 0 120
0 66 0 0
0 68 72 40
0 71 81 0
0 71 0 120
0 68 0 0
0 70 77 40
0 73 86 0
0 73 0 480
0 70 0 0
0 66 75 0
0 70 82 0
0 70 0 360
0 66 0 0
0 78 82 0
0 78 0 120
0 71 71 0
0 66 71 0
0 78 82 0
0 78 0 480
0 66 0 0
0 65 70 0
0 77 80 0
0 77 0 480
0 65 0 0
0 71 0 0
0 70 77 0
0 73 86 0
0 73 0 480
0 70 0 0
0 66 75 0
0 70 82 0
0 70 0 360
0 66 0 0
0 78 62 0
0 78 0 120
0 71 55 0
0 66 55 0
0 78 63 0
0 78 0 480
0 66 0 0
0 65 49 0
0 77 55 0
0 77 0 480
0 65 0 0
0 71 0 0
0 66 53 0
0 70 59 0
0 70 0 480
0 66 0 0
0 63 55 0
0 66 55 0
0 66 0 360
0 63 0 0
0 71 63 0
0 75 63 0
0 75 0 114
0 71 0 0
0 71 70 6
0 68 62 0
0 63 62 0
0 75 70 0
0 63 0 480
0 68 0 0
0 71 0 160
0 75 0 0
0 70 55 0
0 73 55 0
0 73 0 160
0 70 0 0
0 68 55 0
0 71 55 0
0 71 0 160
0 68 0 0
0 66 53 0
0 70 59 0
0 70 0 480
0 66 0 0
0 63 55 0
0 66 55 0
0 66 0 360
0 63 0 0
0 71 63 0
0 75 63 0
0 75 0 114
0 71 0 0
0 71 68 6
0 68 68 0
0 63 68 0
0 75 76 0
0 63 0 480
0 68 0 0
0 71 0 160
0 75 0 0
0 70 73 0
0 73 73 0
0 73 0 160
0 70 0 0
0 68 71 0
0 71 71 0
0 71 0 152
0 68 0 0
0 71 74 8
0 68 68 0
0 63 68 0
0 75 77 0
0 63 0 480
0 68 0 0
0 71 0 160
0 75 0 0
0 70 73 0
0 73 73 0
0 73 0 160
0 70 0 0
0 68 71 0
0 71 71 0
0 71 0 152
0 68 0 0
0 71 74 8
0 68 74 0
0 63 74 0
0 75 77 0
0 75 0 1680
0 71 0 0
0 68 0 0
0 63 0 0
0 74 52 0
0 74 0 240
0 77 57 0
0 77 0 240
0 75 52 0
0 75 0 240
0 71 44 0
0 71 0 240
0 68 42 0
0 68 0 240
0 67 46 0
0 67 0 720
0 68 50 0
0 68 0 240
0 70 62 0
0 70 0 480
0 63 52 0
0 63 0 480
0 68 56 0
0 68 0 480
0 62 40 0
0 62 0 480
0 63 62 0
0 63 0 720
0 62 58 0
0 62 0 240
0 60 67 0
0 60 0 720
0 65 64 0
0 65 0 240
0 68 75 0
0 72 73 229
0 68 0 11
0 72 0 229
0 79 78 11
0 79 0 360
0 77 73 0
0 77 0 120
0 75 77 0
0 75 0 480
0 74 70 0
0 74 0 960
0 74 55 0
0 74 0 160
0 72 51 0
0 72 0 160
0 70 48 0
0 70 0 160
0 67 44 0
0 70 51 0
0 70 0 480
0 67 0 0
0 63 48 0
0 67 67 0
0 67 0 360
0 63 0 0
0 75 72 0
0 75 0 114
0 68 64 6
0 63 64 0
0 75 72 0
0 75 0 480
0 63 0 0
0 62 55 0
0 74 60 0
0 74 0 480
0 62 0 0
0 68 0 0
0 67 58 0
0 70 66 0
0 70 0 480
0 67 0 0
0 63 57 0
0 67 64 0
0 67 0 360
0 63 0 0
0 75 64 0
0 75 0 114
0 68 56 6
0 63 56 0
0 75 63 0
0 75 0 480
0 63 0 0
0 62 44 0
0 74 49 0
0 74 0 480
0 62 0 0
0 68 0 0
0 63 52 0
0 67 52 0
0 67 0 480
0 63 0 0
0 60 51 0
0 63 51 0
0 63 0 360
0 60 0 0
0 67 52 0
0 70 52 0
0 70 0 114
0 67 0 0
0 60 46 6
0 67 52 0
0 70 52 0
0 70 0 240
0 67 0 0
0 65 46 0
0 68 46 0
0 68 0 240
0 65 0 0
0 60 0 0
0 63 49 0
0 67 49 0
0 67 0 240
0 63 0 0
0 62 43 0
0 65 43 0
0 65 0 240
0 62 0 0
0 56 38 0
0 58 38 0
0 65 43 0
0 65 0 960
0 58 0 0
0 56 0 0
0 55 33 0
0 58 33 0
0 63 38 0
0 63 0 480
0 58 0 0
0 55 0 0
0 66 46 160
0 63 46 0
0 63 0 160
0 66 0 0
0 68 50 0
0 65 50 0
0 65 0 160
0 68 0 0
0 70 57 0
0 70 0 480
0 71 69 0
0 71 0 360
0 68 54 0
0 68 0 120
0 65 52 0
0 65 0 640
0 66 54 0
0 66 0 120
0 68 59 40
0 68 0 120
0 70 68 40
0 70 0 480
0 75 82 0
0 75 0 360
0 71 59 0
0 71 0 120
0 68 57 0
0 68 0 640
0 66 49 0
0 66 0 120
0 68 50 40
0 68 0 120
0 70 57 40
0 70 0 480
0 71 69 0
0 71 0 360
0 68 54 0
0 68 0 120
0 65 52 0
0 65 0 640
0 66 59 0
0 66 0 120
0 68 65 40
0 68 0 120
0 70 74 40
0 70 0 480
0 75 82 0
0 75 0 360
0 71 59 0
0 71 0 120
0 68 70 0
0 68 0 640
0 66 70 0
0 70 78 0
0 70 0 120
0 66 0 0
0 68 72 40
0 71 81 0
0 71 0 120
0 68 0 0
0 70 77 40
0 73 86 0
0 73 0 480
0 70 0 0
0 66 75 0
0 70 82 0
0 70 0 360
0 66 0 0
0 78 82 0
0 78 0 114
0 71 71 6
0 66 70 0
0 78 82 0
0 78 0 480
0 66 0 0
0 65 70 0
0 77 80 0
0 77 0 480
0 65 0 0
0 71 0 0
0 70 77 0
0 73 86 0
0 73 0 480
0 70 0 0
0 66 75 0
0 70 82 0
0 70 0 360
0 66 0 0
0 78 62 0
0 78 0 114
0 71 55 6
0 66 55 0
0 78 63 0
0 78 0 480
0 66 0 0
0 65 49 0
0 77 55 0
0 77 0 480
0 65 0 0
0 71 0 0
0 66 53 0
0 70 59 0
0 70 0 480
0 66 0 0
0 63 55 0
0 66 55 0
0 66 0 360
0 63 0 0
0 71 63 0
0 75 63 0
0 75 0 114
0 71 0 0
0 71 70 6
0 68 62 0
0 63 62 0
0 75 70 0
0 63 0 480
0 68 0 0
0 71 0 160
0 75 0 0
0 70 55 0
0 73 55 0
0 73 0 160
0 70 0 0
0 68 55 0
0 71 55 0
0 71 0 160
0 68 0 0
0 66 53 0
0 70 59 0
0 70 0 480
0 66 0 0
0 63 55 0
0 66 55 0
0 66 0 360
0 63 0 0
0 71 63 0
0 75 63 0
0 75 0 114
0 71 0 0
0 71 68 6
0 68 68 0
0 63 68 0
0 75 76 0
0 63 0 480
0 68 0 0
0 71 0 160
0 75 0 0
0 70 73 0
0 73 73 0
0 73 0 160
0 70 0 0
0 68 71 0
0 71 71 0
0 71 0 160
0 68 0 0
0 71 74 0
0 68 68 0
0 63 68 0
0 75 76 0
0 63 0 480
0 68 0 0
0 71 0 160
0 75 0 0
0 70 73 0
0 73 73 0
0 73 0 160
0 70 0 0
0 68 71 0
0 71 71 0
0 71 0 152
0 68 0 0
0 71 74 8
0 68 74 0
0 63 74 0
0 75 76 0
0 75 0 1680
0 71 0 0
0 68 0 0
0 63 0 0
0 74 55 0
0 74 0 240
0 77 58 0
0 77 0 240
0 75 54 0
0 75 0 240
0 71 44 0
0 71 0 240
0 68 42 0
0 68 0 240
0 67 50 0
0 67 0 720
0 68 50 0
0 68 0 240
0 70 62 0
0 70 0 480
0 63 52 0
0 63 0 480
0 68 56 0
0 68 0 480
0 62 40 0
0 62 0 480
0 63 62 0
0 63 0 720
0 62 58 0
0 62 0 240
0 60 67 0
0 60 0 720
0 65 64 0
0 65 0 240
0 68 75 0
0 72 71 229
0 68 0 11
0 72 0 229
0 79 77 11
0 79 0 360
0 77 73 0
0 77 0 120
0 75 77 0
0 75 0 480
0 74 70 0
0 74 0 960
0 74 55 0
0 74 0 160
0 72 51 0
0 72 0 160
0 70 48 0
0 70 0 160
0 67 46 0
0 70 50 0
0 70 0 480
0 67 0 0
0 63 54 0
0 67 58 0
0 67 0 360
0 63 0 0
0 75 72 0
0 75 0 114
0 68 64 6
0 63 64 0
0 75 72 0
0 75 0 480
0 63 0 0
0 62 55 0
0 74 60 0
0 74 0 480
0 62 0 0
0 68 0 0
0 67 58 0
0 70 66 0
0 70 0 480
0 67 0 0
0 63 57 0
0 67 64 0
0 67 0 360
0 63 0 0
0 75 64 0
0 75 0 114
0 68 56 6
0 63 56 0
0 75 63 0
0 75 0 480
0 63 0 0
0 62 44 0
0 74 49 0
0 74 0 480
0 62 0 0
0 68 0 0
0 63 52 0
0 67 52 0
0 67 0 480
0 63 0 0
0 60 51 0
0 63 51 0
0 63 0 360
0 60 0 0
0 67 52 0
0 70 52 0
0 70 0 120
0 67 0 0
0 60 46 0
0 67 52 0
0 70 52 0
0 70 0 240
0 67 0 0
0 65 46 0
0 68 46 0
0 68 0 240
0 65 0 0
0 60 0 0
0 63 49 0
0 67 49 0
0 67 0 240
0 63 0 0
0 62 43 0
0 65 43 0
0 65 0 240
0 62 0 0
0 65 54 0
0 65 0 960
0 63 52 0
0 63 0 960
0 75 66 480
0 75 0 960
0 67 58 0
0 67 0 480
0 70 66 0
0 70 0 480
0 68 62 0
0 68 0 480
0 68 58 240
0 68 0 240
0 68 60 0
0 68 0 240
0 65 57 0
0 65 0 240
0 63 69 0
0 63 0 960
0 62 66 0
0 62 0 240
0 58 71 240
0 58 0 480
0 67 76 0
0 67 0 720
0 68 69 0
0 68 0 240
0 70 76 0
0 70 0 480
0 63 72 0
0 63 0 480
0 68 79 0
0 68 0 1920
0 68 48 480
0 68 0 240
0 67 43 0
0 67 0 240
0 67 46 0
0 67 0 240
0 65 44 0
0 65 0 240
0 63 41 0
0 63 0 220
0 62 39 20
0 62 0 220
0 65 48 20
0 65 0 1440
0 63 48 0
0 63 0 480
0 63 48 0
0 63 0 3840
0 55 32 160
0 55 0 160
0 58 31 0
0 58 0 160
0 63 33 0
0 63 0 160
0 58 31 0
0 58 0 160
0 55 31 0
0 55 0 160
0 55 31 160
0 55 0 160
0 58 31 0
0 58 0 160
0 58 30 160
0 58 0 160
0 55 30 0
0 55 0 160
0 55 32 160
0 55 0 160
0 58 31 0
0 58 0 160
0 63 37 0
0 63 0 160
0 58 31 0
0 58 0 160
0 55 31 0
0 55 0 160
0 55 31 160
0 55 0 160
0 58 31 0
0 58 0 160
0 58 30 160
0 58 0 160
0 55 30 0
0 55 0 160
0 56 32 160
0 56 0 160
0 58 31 0
0 58 0 160
0 58 31 160
0 58 0 160
0 56 31 0
0 56 0 160
0 68 36 3360
0 68 0 160
0 65 36 0
0 65 0 160
0 62 31 0
0 62 0 160
0 68 33 0
0 68 0 160
0 65 29 0
0 65 0 160
0 62 29 0
0 62 0 160
0 68 27 0
0 68 0 160
0 65 27 0
0 65 0 160
0 62 23 0
0 62 0 160
0 55 30 160
0 55 0 160
0 58 30 0
0 58 0 160
0 63 38 0
0 63 0 160
0 58 31 0
0 58 0 160
0 55 31 0
0 55 0 160
0 55 31 160
0 55 0 160
0 58 31 0
0 58 0 160
0 58 30 160
0 58 0 160
0 55 30 0
0 55 0 160
0 56 32 160
0 56 0 160
0 58 31 0
0 58 0 160
0 58 31 160
0 58 0 160
0 56 31 0
0 56 0 160
0 65 45 3040
0 65 0 160
0 67 45 0
0 67 0 160
0 71 36 0
0 71 0 160
0 67 45 0
0 67 0 160
0 65 44 0
0 65 0 160
0 58 32 1120
0 58 0 160
0 62 31 0
0 62 0 160
0 62 31 160
0 62 0 160
0 58 31 0
0 58 0 160
0 57 32 160
0 57 0 160
0 60 31 0
0 60 0 160
0 60 32 160
0 60 0 160
0 57 31 0
0 57 0 160
0 62 32 160
0 62 0 160
0 63 31 0
0 63 0 160
0 65 33 0
0 65 0 160
0 62 31 0
0 62 0 160
0 63 31 0
0 63 0 160
0 65 37 0
0 65 0 160
0 62 32 0
0 62 0 160
0 63 31 0
0 63 0 160
0 65 36 0
0 65 0 160
0 68 37 0
0 68 0 160
0 67 31 0
0 67 0 160
0 65 36 0
0 65 0 160
0 68 35 0
0 68 0 160
0 67 35 0
0 67 0 160
0 65 36 0
0 65 0 160
0 63 33 0
0 63 0 160
0 62 33 0
0 62 0 160
0 60 36 0
0 60 0 160
0 58 35 0
0 58 0 160
0 57 33 0
0 57 0 160
0 56 38 0
0 56 0 160
0 55 31 0
0 55 0 160
0 56 30 0
0 56 0 160
0 55 32 160
0 55 0 160
0 58 31 0
0 58 0 160
0 63 38 0
0 63 0 160
0 58 31 0
0 58 0 160
0 55 31 0
0 55 0 160
0 55 31 160
0 55 0 160
0 58 31 0
0 58 0 160
0 58 30 160
0 58 0 160
0 55 30 0
0 55 0 160
0 56 32 160
0 56 0 160
0 58 31 0
0 58 0 160
0 58 31 160
0 58 0 160
0 56 31 0
0 56 0 160
0 68 36 3360
0 68 0 160
0 65 36 0
0 65 0 160
0 62 31 0
0 62 0 160
0 68 33 0
0 68 0 160
0 65 29 0
0 65 0 160
0 62 29 0
0 62 0 160
0 68 27 0
0 68 0 160
0 65 27 0
0 65 0 160
0 62 23 0
0 62 0 160
0 55 32 160
0 55 0 160
0 58 31 0
0 58 0 160
0 63 38 0
0 63 0 160
0 58 31 0
0 58 0 160
0 55 31 0
0 55 0 160
0 55 31 160
0 55 0 160
0 58 31 0
0 58 0 160
0 58 30 160
0 58 0 160
0 55 30 0
0 55 0 160
0 56 32 160
0 56 0 160
0 58 31 0
0 58 0 160
0 58 31 160
0 58 0 160
0 56 31 0
0 56 0 160
0 65 45 3040
0 65 0 160
0 67 45 0
0 67 0 160
0 71 36 0
0 71 0 160
0 67 45 0
0 67 0 160
0 65 44 0
0 65 0 160
0 58 32 1120
0 58 0 160
0 62 31 0
0 62 0 160
0 62 31 160
0 62 0 160
0 58 31 0
0 58 0 160
0 57 32 160
0 57 0 160
0 60 31 0
0 60 0 160
0 60 32 160
0 60 0 160
0 57 31 0
0 57 0 160
0 62 32 160
0 62 0 160
0 63 31 0
0 63 0 160
0 65 33 0
0 65 0 160
0 62 31 0
0 62 0 160
0 63 31 0
0 63 0 160
0 65 37 0
0 65 0 160
0 62 32 0
0 62 0 160
0 63 31 0
0 63 0 160
0 65 36 0
0 65 0 160
0 68 37 0
0 68 0 160
0 67 31 0
0 67 0 160
0 65 36 0
0 65 0 160
0 68 35 0
0 68 0 160
0 67 35 0
0 67 0 160
0 65 36 0
0 65 0 160
0 63 33 0
0 63 0 160
0 62 33 0
0 62 0 160
0 60 36 0
0 60 0 160
0 58 35 0
0 58 0 160
0 57 33 0
0 57 0 160
0 58 38 0
0 58 0 160
0 63 41 0
0 63 0 160
0 65 45 0
0 65 0 160
0 66 51 0
0 66 0 160
0 58 37 0
0 58 0 160
0 63 37 0
0 63 0 160
0 63 36 160
0 63 0 160
0 59 35 0
0 59 0 160
0 62 46 0
0 62 0 160
0 53 37 0
0 53 0 160
0 58 36 0
0 58 0 160
0 62 41 0
0 62 0 160
0 63 48 0
0 63 0 120
0 65 53 40
0 65 0 120
0 66 62 40
0 66 0 160
0 63 49 0
0 63 0 160
0 66 54 0
0 66 0 160
0 71 66 0
0 71 0 160
0 68 45 0
0 68 0 160
0 63 38 0
0 63 0 160
0 65 51 0
0 65 0 160
0 59 41 0
0 59 0 160
0 61 39 0
0 61 0 160
0 65 45 0
0 65 0 160
0 63 44 0
0 63 0 120
0 65 45 40
0 65 0 120
0 66 51 40
0 66 0 160
0 58 37 0
0 58 0 160
0 61 37 0
0 61 0 160
0 65 36 160
0 65 0 160
0 59 35 0
0 59 0 160
0 62 46 0
0 62 0 160
0 53 37 0
0 53 0 160
0 58 36 0
0 58 0 160
0 62 41 0
0 62 0 160
0 63 53 0
0 63 0 120
0 65 58 40
0 65 0 120
0 66 60 40
0 66 0 160
0 63 52 0
0 63 0 160
0 66 62 0
0 66 0 160
0 71 66 0
0 71 0 160
0 68 45 0
0 68 0 160
0 63 38 0
0 63 0 160
0 65 56 0
0 65 0 160
0 59 52 0
0 59 0 160
0 61 52 0
0 61 0 160
0 65 59 0
0 65 0 160
0 61 63 0
0 61 0 120
0 59 64 40
0 59 0 120
0 55 32 11720
0 55 0 160
0 58 31 0
0 58 0 160
0 63 41 0
0 63 0 160
0 58 31 0
0 58 0 160
0 55 31 0
0 55 0 160
0 55 31 160
0 55 0 160
0 58 31 0
0 58 0 160
0 58 30 160
0 58 0 160
0 55 30 0
0 55 0 160
0 56 32 160
0 56 0 160
0 58 31 0
0 58 0 160
0 58 31 160
0 58 0 160
0 56 31 0
0 56 0 160
0 68 36 3360
0 68 0 160
0 65 36 0
0 65 0 160
0 62 31 0
0 62 0 160
0 68 33 0
0 68 0 160
0 65 29 0
0 65 0 160
0 62 29 0
0 62 0 160
0 68 45 0
0 68 0 480
0 66 51 7680
0 66 0 160
0 58 37 0
0 58 0 160
0 63 37 0
0 63 0 160
0 63 36 160
0 63 0 160
0 59 35 0
0 59 0 160
0 62 46 0
0 62 0 160
0 53 37 0
0 53 0 160
0 58 36 0
0 58 0 160
0 62 41 0
0 62 0 160
0 63 48 0
0 63 0 120
0 65 53 40
0 65 0 120
0 66 62 40
0 66 0 160
0 63 49 0
0 63 0 160
0 66 54 0
0 66 0 160
0 71 66 0
0 71 0 160
0 68 45 0
0 68 0 160
0 63 38 0
0 63 0 160
0 65 51 0
0 65 0 160
0 59 41 0
0 59 0 160
0 61 39 0
0 61 0 160
0 65 45 0
0 65 0 160
0 63 44 0
0 63 0 120
0 65 45 40
0 65 0 120
0 66 51 40
0 66 0 160
0 58 37 0
0 58 0 160
0 61 37 0
0 61 0 160
0 65 36 160
0 65 0 160
0 59 35 0
0 59 0 160
0 62 46 0
0 62 0 160
0 53 37 0
0 53 0 160
0 58 36 0
0 58 0 160
0 62 41 0
0 62 0 160
0 63 53 0
0 63 0 120
0 65 58 40
0 65 0 120
0 66 60 40
0 66 0 160
0 63 52 0
0 63 0 160
0 66 62 0
0 66 0 160
0 71 66 0
0 71 0 160
0 68 45 0
0 68 0 160
0 63 38 0
0 63 0 160
0 65 56 0
0 65 0 160
0 59 52 0
0 59 0 160
0 61 52 0
0 61 0 160
0 65 59 0
0 65 0 160
0 61 63 0
0 61 0 120
0 59 64 40
0 59 0 120
0 55 32 11720
0 55 0 160
0 58 31 0
0 58 0 160
0 63 41 0
0 63 0 160
0 58 31 0
0 58 0 160
0 55 31 0
0 55 0 160
0 55 31 160
0 55 0 160
0 58 31 0
0 58 0 160
0 58 30 160
0 58 0 160
0 55 30 0
0 55 0 160
0 56 32 160
0 56 0 160
0 58 31 0
0 58 0 160
0 58 31 160
0 58 0 160
0 56 31 0
0 56 0 160
0 68 36 3360
0 68 0 160
0 65 36 0
0 65 0 160
0 62 31 0
0 62 0 160
0 68 33 0
0 68 0 160
0 65 29 0
0 65 0 160
0 62 29 0
0 62 0 160
0 68 45 0
0 68 0 480
0 62 39 3360
0 74 44 0
0 74 0 480
0 62 0 0
0 67 36 2080
0 67 0 160
0 68 36 0
0 68 0 160
0 70 41 0
0 70 0 160
0 67 36 0
0 67 0 160
0 68 37 0
0 68 0 160
0 70 35 0
0 70 0 160
0 67 36 0
0 67 0 160
0 68 36 0
0 68 0 160
0 70 37 0
0 70 0 160
0 73 41 0
0 73 0 160
0 72 37 0
0 72 0 160
0 70 37 0
0 70 0 160
0 73 42 0
0 73 0 160
0 72 37 0
0 72 0 160
0 70 47 0
0 70 0 160
0 67 36 0
0 67 0 160
0 68 37 0
0 68 0 160
0 70 41 0
0 70 0 160
0 68 36 0
0 68 0 160
0 67 36 0
0 67 0 158
0 65 47 2
0 65 0 160
0 63 36 0
0 63 0 160
0 61 36 0
0 61 0 160
0 60 42 160
0 60 0 160
0 61 37 0
0 61 0 160
0 63 50 0
0 63 0 160
0 60 36 0
0 60 0 160
0 61 37 0
0 61 0 160
0 63 41 0
0 63 0 160
0 60 36 0
0 60 0 160
0 61 36 0
0 61 0 160
0 63 48 0
0 63 0 160
0 61 36 0
0 61 0 160
0 60 36 0
0 60 0 160
0 56 42 160
0 56 0 160
0 58 37 0
0 58 0 160
0 59 42 0
0 59 0 160
0 56 37 0
0 56 0 160
0 58 43 0
0 58 0 160
0 59 46 0
0 59 0 320
0 58 48 0
0 58 0 158
0 56 54 2
0 56 0 160
0 55 52 0
0 55 0 160
0 56 52 0
0 56 0 160
0 55 51 160
0 55 0 160
0 58 53 0
0 58 0 160
0 63 55 0
0 63 0 160
0 58 48 0
0 58 0 160
0 55 48 0
0 55 0 160
0 55 48 160
0 55 0 160
0 58 49 0
0 58 0 160
0 58 48 160
0 58 0 160
0 55 48 0
0 55 0 160
0 56 60 160
0 56 0 160
0 58 62 0
0 58 0 160
0 62 66 0
0 62 0 160
0 65 62 0
0 65 0 160
0 70 62 0
0 70 0 160
0 74 65 0
0 74 0 160
0 77 58 0
0 77 0 160
0 80 55 0
0 80 0 160
0 82 50 0
0 82 0 240
0 86 41 0
0 86 0 120
0 89 42 120
0 89 0 120
0 55 36 1960
0 55 0 160
0 58 33 0
0 58 0 160
0 67 41 0
0 67 0 160
0 58 30 0
0 58 0 160
0 55 30 0
0 55 0 160
0 55 32 160
0 55 0 160
0 58 31 0
0 58 0 160
0 67 32 0
0 67 0 160
0 58 31 0
0 58 0 160
0 55 31 0
0 55 0 160
0 55 35 160
0 55 0 160
0 58 31 0
0 58 0 160
0 67 39 0
0 67 0 160
0 58 27 0
0 58 0 160
0 55 27 0
0 55 0 160
0 55 27 160
0 55 0 160
0 58 26 0
0 58 0 160
0 67 28 0
0 67 0 160
0 58 24 0
0 55 24 160
0 55 0 2080
0 58 0 0
0 39 27 0
0 46 24 160
0 46 0 160
0 51 25 0
0 51 0 160
0 39 0 0
0 55 27 0
0 55 0 160
0 51 24 0
0 51 0 160
0 46 24 0
0 46 0 160
0 39 27 0
0 46 25 160
0 46 0 160
0 51 25 0
0 51 0 160
0 39 0 0
0 55 27 0
0 55 0 160
0 51 24 0
0 51 0 160
0 46 24 0
0 46 0 160
0 39 27 0
0 46 24 160
0 46 0 160
0 51 25 0
0 51 0 160
0 39 0 0
0 55 27 0
0 55 0 160
0 51 24 0
0 51 0 160
0 46 24 0
0 46 0 160
0 39 27 0
0 46 25 81
0 46 0 160
0 51 25 0
0 51 0 160
0 39 0 0
0 55 27 0
0 55 0 160
0 51 24 0
0 51 0 160
0 46 24 0
0 46 0 160
0 34 27 0
0 46 24 92
0 46 0 160
0 50 25 0
0 50 0 160
0 34 0 0
0 53 27 0
0 53 0 160
0 50 24 0
0 50 0 160
0 46 24 0
0 46 0 160
0 36 27 0
0 51 32 87
0 43 32 0
0 43 0 160
0 51 0 0
0 55 32 0
0 48 32 0
0 48 0 160
0 55 0 0
0 36 0 0
0 60 35 0
0 51 35 0
0 51 0 160
0 60 0 0
0 55 29 0
0 48 29 0
0 48 0 160
0 55 0 0
0 51 30 0
0 43 30 0
0 43 0 160
0 51 0 0
0 34 32 0
0 44 28 98
0 44 0 160
0 48 28 0
0 48 0 160
0 34 0 0
0 53 35 0
0 53 0 160
0 48 27 0
0 48 0 160
0 44 27 0
0 32 31 160
0 48 31 160
0 48 0 160
0 53 32 0
0 53 0 160
0 32 0 0
0 44 0 0
0 56 36 0
0 56 0 160
0 53 32 0
0 53 0 160
0 48 32 0
0 48 0 160
0 34 29 0
0 46 29 0
0 53 31 111
0 53 0 160
0 56 28 0
0 56 0 160
0 46 0 0
0 34 0 0
0 58 32 0
0 58 0 160
0 56 28 0
0 56 0 160
0 53 27 0
0 53 0 160
0 58 27 0
0 58 0 160
0 56 23 0
0 56 0 160
0 53 23 0
0 53 0 160
0 58 23 0
0 58 0 160
0 56 18 0
0 56 0 160
0 53 18 0
0 53 0 160
0 39 27 0
0 46 24 80
0 46 0 160
0 51 25 0
0 51 0 160
0 39 0 0
0 55 27 0
0 55 0 160
0 51 24 0
0 51 0 160
0 46 24 0
0 46 0 160
0 39 27 0
0 46 25 107
0 46 0 160
0 51 25 0
0 51 0 160
0 39 0 0
0 55 27 0
0 55 0 160
0 51 24 0
0 51 0 160
0 46 24 0
0 46 0 160
0 34 27 0
0 46 24 96
0 46 0 160
0 50 25 0
0 50 0 160
0 34 0 0
0 53 27 0
0 53 0 160
0 50 24 0
0 50 0 160
0 46 24 0
0 46 0 160
0 36 27 0
0 51 32 107
0 43 32 0
0 43 0 160
0 51 0 0
0 55 32 0
0 48 32 0
0 48 0 160
0 55 0 0
0 36 0 0
0 60 35 0
0 51 35 0
0 51 0 160
0 60 0 0
0 55 29 0
0 48 29 0
0 48 0 160
0 55 0 0
0 51 30 0
0 43 30 0
0 43 0 160
0 51 0 0
0 36 29 0
0 43 26 86
0 53 26 0
0 53 0 160
0 43 0 0
0 50 26 0
0 55 26 0
0 55 0 160
0 50 0 0
0 36 0 0
0 53 29 0
0 59 29 0
0 59 0 160
0 53 0 0
0 50 26 0
0 55 26 0
0 55 0 160
0 50 0 0
0 53 29 0
0 43 26 0
0 43 0 160
0 53 0 0
0 36 27 0
0 43 31 107
0 43 0 160
0 48 32 0
0 48 0 160
0 36 0 0
0 51 37 0
0 51 0 160
0 48 35 0
0 48 0 160
0 43 35 0
0 43 0 160
0 36 37 0
0 50 31 80
0 50 0 160
0 55 28 0
0 55 0 160
0 36 0 0
0 62 32 0
0 62 0 160
0 55 28 0
0 55 0 160
0 50 27 0
0 50 0 160
0 36 29 0
0 51 24 74
0 51 0 160
0 55 24 0
0 55 0 160
0 36 0 0
0 60 25 0
0 60 0 160
0 55 21 0
0 55 0 160
0 51 21 0
0 51 0 160
0 41 27 0
0 50 24 96
0 50 0 160
0 53 25 0
0 53 0 160
0 41 0 0
0 58 27 0
0 58 0 160
0 53 24 0
0 53 0 160
0 50 24 0
0 50 0 160
0 41 27 0
0 51 26 107
0 51 0 160
0 53 26 0
0 53 0 160
0 41 0 0
0 57 30 0
0 57 0 160
0 53 26 0
0 53 0 160
0 51 26 0
0 51 0 160
0 46 27 0
0 53 24 75
0 53 0 160
0 55 25 0
0 55 0 160
0 56 27 0
0 56 0 96
0 53 24 0
0 53 0 160
0 55 24 0
0 55 0 160
0 56 27 0
0 56 0 89
0 53 26 0
0 53 0 160
0 55 26 0
0 55 0 160
0 56 30 0
0 56 0 104
0 53 26 0
0 53 0 160
0 51 26 0
0 51 0 160
0 50 31 0
0 50 0 109
0 53 28 0
0 53 0 160
0 58 28 0
0 58 0 160
0 46 0 0
0 56 32 0
0 56 0 103
0 55 28 0
0 55 0 160
0 53 28 0
0 53 0 160
0 51 28 0
0 51 0 157
0 50 24 0
0 50 0 160
0 51 24 0
0 51 0 160
0 53 27 0
0 53 0 160
0 51 24 0
0 51 0 160
0 50 24 0
0 50 0 160
0 39 27 0
0 46 24 40
0 46 0 160
0 51 25 0
0 51 0 160
0 39 0 0
0 55 27 0
0 55 0 160
0 51 24 0
0 51 0 160
0 46 24 0
0 46 0 160
0 39 27 0
0 46 25 107
0 46 0 160
0 51 25 0
0 51 0 160
0 39 0 0
0 55 27 0
0 55 0 160
0 51 24 0
0 51 0 160
0 46 24 0
0 46 0 160
0 34 27 0
0 46 24 104
0 46 0 160
0 50 25 0
0 50 0 160
0 34 0 0
0 53 27 0
0 53 0 160
0 50 24 0
0 50 0 160
0 46 24 0
0 46 0 160
0 36 27 0
0 51 32 54
0 43 32 0
0 43 0 160
0 51 0 0
0 55 32 0
0 48 32 0
0 48 0 160
0 55 0 0
0 36 0 0
0 60 35 0
0 51 35 0
0 51 0 160
0 60 0 0
0 55 29 0
0 48 29 0
0 48 0 160
0 55 0 0
0 51 30 0
0 43 30 0
0 43 0 160
0 51 0 0
0 34 32 0
0 44 28 75
0 44 0 160
0 48 28 0
0 48 0 160
0 34 0 0
0 53 35 0
0 53 0 160
0 48 27 0
0 48 0 160
0 44 27 0
0 32 31 160
0 48 31 160
0 48 0 160
0 53 32 0
0 53 0 160
0 32 0 0
0 44 0 0
0 56 36 0
0 56 0 160
0 53 32 0
0 53 0 160
0 48 32 0
0 48 0 160
0 34 29 0
0 46 29 0
0 53 31 75
0 53 0 160
0 56 28 0
0 56 0 160
0 46 0 0
0 34 0 0
0 58 32 0
0 58 0 160
0 56 28 0
0 56 0 160
0 53 27 0
0 53 0 160
0 58 27 0
0 58 0 160
0 56 23 0
0 56 0 160
0 53 23 0
0 53 0 160
0 58 23 0
0 58 0 160
0 56 18 0
0 56 0 160
0 53 18 0
0 53 0 160
0 39 27 0
0 46 24 80
0 46 0 160
0 51 25 0
0 51 0 160
0 39 0 0
0 55 27 0
0 55 0 160
0 51 24 0
0 51 0 160
0 46 24 0
0 46 0 160
0 39 27 0
0 46 25 107
0 46 0 160
0 51 25 0
0 51 0 160
0 39 0 0
0 55 27 0
0 55 0 160
0 51 24 0
0 51 0 160
0 46 24 0
0 46 0 160
0 34 27 0
0 46 24 96
0 46 0 160
0 50 25 0
0 50 0 160
0 34 0 0
0 53 27 0
0 53 0 160
0 50 24 0
0 50 0 160
0 46 24 0
0 46 0 160
0 36 27 0
0 51 32 107
0 43 32 0
0 43 0 160
0 51 0 0
0 55 32 0
0 48 32 0
0 48 0 160
0 55 0 0
0 36 0 0
0 60 35 0
0 51 35 0
0 51 0 160
0 60 0 0
0 55 29 0
0 48 29 0
0 48 0 160
0 55 0 0
0 51 30 0
0 43 30 0
0 43 0 160
0 51 0 0
0 36 29 0
0 43 26 86
0 53 26 0
0 53 0 160
0 43 0 0
0 50 26 0
0 55 26 0
0 55 0 160
0 50 0 0
0 36 0 0
0 53 29 0
0 59 29 0
0 59 0 160
0 53 0 0
0 50 26 0
0 55 26 0
0 55 0 160
0 50 0 0
0 53 29 0
0 43 26 0
0 43 0 160
0 53 0 0
0 36 27 0
0 43 31 107
0 43 0 160
0 48 32 0
0 48 0 160
0 36 0 0
0 51 37 0
0 51 0 160
0 48 35 0
0 48 0 160
0 43 35 0
0 43 0 160
0 36 37 0
0 50 31 111
0 50 0 160
0 55 28 0
0 55 0 160
0 36 0 0
0 62 32 0
0 62 0 160
0 55 28 0
0 55 0 160
0 50 27 0
0 50 0 160
0 36 29 0
0 51 24 75
0 51 0 160
0 55 24 0
0 55 0 160
0 36 0 0
0 60 25 0
0 60 0 160
0 55 21 0
0 55 0 160
0 51 21 0
0 51 0 160
0 41 27 0
0 50 24 96
0 50 0 160
0 53 25 0
0 53 0 160
0 41 0 0
0 58 27 0
0 58 0 160
0 53 24 0
0 53 0 160
0 50 24 0
0 50 0 160
0 41 27 0
0 51 26 128
0 51 0 160
0 53 26 0
0 53 0 160
0 41 0 0
0 57 30 0
0 57 0 160
0 53 26 0
0 53 0 160
0 51 26 0
0 51 0 160
0 46 27 0
0 53 24 89
0 53 0 160
0 55 25 0
0 55 0 160
0 56 27 0
0 56 0 89
0 53 24 0
0 53 0 160
0 55 24 0
0 55 0 160
0 56 27 0
0 56 0 93
0 53 26 0
0 53 0 160
0 55 26 0
0 55 0 160
0 56 30 0
0 56 0 92
0 53 26 0
0 53 0 160
0 51 26 0
0 51 0 160
0 50 31 0
0 50 0 114
0 53 28 0
0 53 0 160
0 58 28 0
0 58 0 160
0 46 0 0
0 56 32 0
0 56 0 96
0 55 28 0
0 55 0 160
0 53 28 0
0 53 0 160
0 51 28 0
0 51 0 154
0 50 24 0
0 50 0 160
0 51 24 0
0 51 0 160
0 50 27 0
0 50 0 160
0 46 25 0
0 46 0 91
0 44 25 0
0 44 0 160
0 30 32 0
0 42 32 0
0 42 0 406
0 30 0 0
0 32 32 0
0 44 32 0
0 44 0 409
0 32 0 0
0 34 32 0
0 46 32 0
0 46 0 346
0 34 0 0
0 34 46 0
0 46 53 0
0 46 0 431
0 34 0 0
0 35 45 0
0 47 50 0
0 47 0 409
0 35 0 0
0 37 42 0
0 49 46 0
0 49 0 346
0 37 0 0
0 30 32 0
0 42 32 0
0 42 0 448
0 30 0 0
0 32 32 0
0 44 32 0
0 44 0 409
0 32 0 0
0 34 32 0
0 46 32 0
0 46 0 346
0 34 0 0
0 34 50 0
0 46 56 0
0 46 0 441
0 34 0 0
0 35 50 0
0 47 56 0
0 47 0 409
0 35 0 0
0 37 46 0
0 49 53 0
0 49 0 346
0 37 0 0
0 37 55 0
0 49 62 0
0 54 51 146
0 54 0 160
0 58 51 0
0 58 0 160
0 49 0 0
0 37 0 0
0 61 57 0
0 61 0 160
0 58 52 0
0 58 0 160
0 54 52 0
0 54 0 160
0 37 53 0
0 49 59 0
0 56 52 71
0 56 0 160
0 59 52 0
0 59 0 160
0 49 0 0
0 37 0 0
0 61 57 0
0 61 0 160
0 59 52 0
0 59 0 160
0 56 52 0
0 56 0 160
0 37 55 0
0 49 62 0
0 54 51 109
0 54 0 160
0 58 51 0
0 58 0 160
0 49 0 0
0 37 0 0
0 61 57 0
0 61 0 160
0 58 52 0
0 58 0 160
0 54 46 0
0 54 0 160
0 38 35 0
0 50 40 0
0 56 32 57
0 56 0 160
0 59 33 0
0 59 0 160
0 50 0 0
0 38 0 0
0 62 36 0
0 62 0 160
0 59 31 0
0 59 0 160
0 56 29 0
0 56 0 160
0 39 40 0
0 51 33 11
0 51 0 160
0 54 33 0
0 54 0 160
0 39 0 0
0 58 36 0
0 58 0 160
0 54 34 0
0 54 0 160
0 51 34 0
0 51 0 160
0 44 38 0
0 51 34 63
0 51 0 160
0 56 34 0
0 56 0 160
0 44 0 0
0 59 36 0
0 59 0 480
0 39 40 0
0 51 33 91
0 51 0 160
0 54 33 0
0 54 0 160
0 39 0 0
0 58 36 0
0 58 0 160
0 54 34 0
0 54 0 160
0 51 34 0
0 51 0 160
0 44 38 0
0 51 36 34
0 51 0 160
0 56 38 0
0 56 0 160
0 44 0 0
0 59 45 0
0 59 0 480
0 44 52 0
0 51 37 93
0 51 0 160
0 56 40 0
0 56 0 160
0 44 0 0
0 59 47 0
0 59 0 480
0 44 60 0
0 51 51 96
0 51 0 160
0 56 51 0
0 56 0 160
0 44 0 0
0 59 57 0
0 59 0 160
0 56 55 0
0 56 0 160
0 51 54 0
0 51 0 160
0 59 55 0
0 59 0 160
0 56 43 0
0 56 0 160
0 51 38 0
0 51 0 160
0 59 34 0
0 59 0 480
0 34 27 956
0 46 24 100
0 46 0 160
0 51 25 0
0 51 0 160
0 34 0 0
0 55 27 0
0 55 0 160
0 51 24 0
0 51 0 160
0 46 24 0
0 46 0 160
0 34 27 0
0 46 25 107
0 46 0 160
0 51 25 0
0 51 0 160
0 34 0 0
0 55 27 0
0 55 0 160
0 51 24 0
0 51 0 160
0 46 24 0
0 46 0 160
0 34 27 0
0 46 24 104
0 46 0 160
0 50 25 0
0 50 0 160
0 34 0 0
0 53 27 0
0 53 0 160
0 50 24 0
0 50 0 160
0 46 24 0
0 46 0 160
0 36 27 0
0 51 32 94
0 43 32 0
0 43 0 160
0 51 0 0
0 55 32 0
0 48 32 0
0 48 0 160
0 55 0 0
0 36 0 0
0 60 35 0
0 51 35 0
0 51 0 160
0 60 0 0
0 55 29 0
0 48 29 0
0 48 0 160
0 55 0 0
0 51 30 0
0 43 30 0
0 43 0 160
0 51 0 0
0 44 39 0
0 32 36 0
0 44 0 90
0 44 35 10
0 44 0 160
0 48 33 0
0 48 0 160
0 32 0 0
0 53 45 0
0 53 0 160
0 48 37 0
0 48 0 160
0 44 37 0
0 44 0 160
0 41 48 0
0 29 43 0
0 48 38 160
0 48 0 160
0 53 45 0
0 53 0 160
0 29 0 0
0 41 0 0
0 56 49 0
0 56 0 160
0 53 45 0
0 53 0 160
0 48 42 0
0 48 0 160
0 34 29 0
0 46 33 0
0 53 36 96
0 53 0 160
0 56 30 0
0 56 0 160
0 46 0 0
0 34 0 0
0 58 36 0
0 58 0 160
0 56 32 0
0 56 0 160
0 53 28 0
0 53 0 160
0 58 27 0
0 58 0 160
0 56 23 0
0 56 0 160
0 53 23 0
0 53 0 160
0 50 21 0
0 58 23 0
0 58 0 160
0 56 18 0
0 56 0 160
0 53 18 0
0 53 0 160
0 50 0 0
0 39 45 0
0 51 36 93
0 51 0 160
0 55 36 0
0 55 0 160
0 39 0 0
0 58 41 0
0 58 0 160
0 55 37 0
0 55 0 160
0 51 37 0
0 51 0 160
0 34 51 0
0 46 51 0
0 53 37 86
0 53 0 160
0 56 37 0
0 56 0 160
0 46 0 0
0 34 0 0
0 58 41 0
0 58 0 160
0 56 37 0
0 56 0 160
0 53 37 0
0 53 0 160
0 39 45 0
0 51 36 82
0 51 0 160
0 55 36 0
0 55 0 160
0 39 0 0
0 58 41 0
0 58 0 160
0 55 37 0
0 55 0 160
0 51 33 0
0 51 0 160
0 35 35 0
0 47 41 0
0 53 31 75
0 53 0 160
0 56 31 0
0 56 0 160
0 47 0 0
0 35 0 0
0 59 32 0
0 59 0 160
0 56 29 0
0 56 0 160
0 53 28 0
0 53 0 160
0 36 34 0
0 48 26 40
0 48 0 160
0 51 26 0
0 51 0 160
0 36 0 0
0 55 30 0
0 55 0 160
0 51 27 0
0 51 0 160
0 48 24 0
0 48 0 160
0 44 34 0
0 44 0 470
0 46 27 0
0 56 30 0
0 56 0 478
0 46 0 2
0 39 34 0
0 46 26 40
0 46 0 160
0 50 26 0
0 50 0 160
0 39 0 0
0 53 30 0
0 53 0 160
0 50 27 0
0 50 0 160
0 46 24 0
0 46 0 160
0 39 31 0
0 46 26 100
0 46 0 160
0 51 24 0
0 51 0 160
0 39 0 0
0 39 23 0
0 39 0 23
0 30 32 240
0 42 32 0
0 42 0 424
0 30 0 0
0 32 32 0
0 44 32 0
0 44 0 409
0 32 0 0
0 34 32 0
0 46 32 0
0 46 0 346
0 34 0 0
0 34 46 0
0 46 53 0
0 46 0 431
0 34 0 0
0 35 45 0
0 47 50 0
0 47 0 409
0 35 0 0
0 37 42 0
0 49 46 0
0 49 0 346
0 37 0 0
0 30 32 0
0 42 32 0
0 42 0 434
0 30 0 0
0 32 32 0
0 44 32 0
0 44 0 409
0 32 0 0
0 34 32 0
0 46 32 0
0 46 0 346
0 34 0 0
0 34 50 0
0 46 56 0
0 46 0 445
0 34 0 0
0 35 50 0
0 47 56 0
0 47 0 409
0 35 0 0
0 37 46 0
0 49 53 0
0 49 0 346
0 37 0 0
0 37 55 0
0 49 62 0
0 54 51 129
0 54 0 160
0 58 51 0
0 58 0 160
0 49 0 0
0 37 0 0
0 61 57 0
0 61 0 160
0 58 52 0
0 58 0 160
0 54 52 0
0 54 0 160
0 37 53 0
0 49 59 0
0 56 52 77
0 56 0 160
0 59 52 0
0 59 0 160
0 49 0 0
0 37 0 0
0 61 57 0
0 61 0 160
0 59 52 0
0 59 0 160
0 56 52 0
0 56 0 160
0 37 55 0
0 49 62 0
0 54 51 106
0 54 0 160
0 58 51 0
0 58 0 160
0 49 0 0
0 37 0 0
0 61 57 0
0 61 0 160
0 58 52 0
0 58 0 160
0 54 45 0
0 54 0 160
0 38 40 0
0 50 40 0
0 56 34 89
0 56 0 160
0 59 35 0
0 59 0 160
0 50 0 0
0 38 0 0
0 62 36 0
0 62 0 160
0 59 31 0
0 59 0 160
0 56 29 0
0 56 0 160
0 39 40 0
0 51 33 11
0 51 0 160
0 54 33 0
0 54 0 160
0 39 0 0
0 58 36 0
0 58 0 160
0 54 34 0
0 54 0 160
0 51 34 0
0 51 0 160
0 44 38 0
0 51 34 63
0 51 0 160
0 56 34 0
0 56 0 160
0 44 0 0
0 59 36 0
0 59 0 480
0 39 40 0
0 51 33 11
0 51 0 160
0 54 33 0
0 54 0 160
0 39 0 0
0 58 36 0
0 58 0 160
0 54 34 0
0 54 0 160
0 51 34 0
0 51 0 160
0 44 38 0
0 51 36 40
0 51 0 160
0 56 38 0
0 56 0 160
0 44 0 0
0 59 45 0
0 59 0 480
0 44 52 0
0 51 37 96
0 51 0 160
0 56 40 0
0 56 0 160
0 44 0 0
0 59 47 0
0 59 0 480
0 44 60 0
0 51 51 100
0 51 0 160
0 56 51 0
0 56 0 160
0 44 0 0
0 59 57 0
0 59 0 160
0 56 55 0
0 56 0 160
0 51 54 0
0 51 0 160
0 59 55 0
0 59 0 160
0 56 43 0
0 56 0 160
0 51 38 0
0 51 0 160
0 59 34 0
0 59 0 280
0 34 27 960
0 46 24 100
0 46 0 160
0 51 25 0
0 51 0 160
0 34 0 0
0 55 27 0
0 55 0 160
0 51 24 0
0 51 0 160
0 46 24 0
0 46 0 160
0 34 27 0
0 46 25 107
0 46 0 160
0 51 25 0
0 51 0 160
0 34 0 0
0 55 27 0
0 55 0 160
0 51 24 0
0 51 0 160
0 46 24 0
0 46 0 160
0 34 27 0
0 46 24 104
0 46 0 160
0 50 25 0
0 50 0 160
0 34 0 0
0 53 27 0
0 53 0 160
0 50 24 0
0 50 0 160
0 46 24 0
0 46 0 160
0 36 27 0
0 51 32 107
0 43 32 0
0 43 0 160
0 51 0 0
0 55 32 0
0 48 32 0
0 48 0 160
0 55 0 0
0 36 0 0
0 60 35 0
0 51 35 0
0 51 0 160
0 60 0 0
0 55 29 0
0 48 29 0
0 48 0 160
0 55 0 0
0 51 30 0
0 43 30 0
0 43 0 160
0 51 0 0
0 44 39 0
0 32 36 0
0 44 0 97
0 44 35 10
0 44 0 160
0 48 33 0
0 48 0 160
0 32 0 0
0 53 45 0
0 53 0 160
0 48 37 0
0 48 0 160
0 44 37 0
0 44 0 160
0 41 48 0
0 29 43 0
0 48 38 107
0 48 0 160
0 53 45 0
0 53 0 160
0 29 0 0
0 41 0 0
0 56 49 0
0 56 0 160
0 53 45 0
0 53 0 160
0 48 42 0
0 48 0 160
0 34 29 0
0 46 33 0
0 53 36 61
0 53 0 160
0 56 30 0
0 56 0 160
0 46 0 0
0 34 0 0
0 58 36 0
0 58 0 160
0 56 32 0
0 56 0 160
0 53 28 0
0 53 0 160
0 58 27 0
0 58 0 160
0 56 23 0
0 56 0 160
0 53 23 0
0 53 0 160
0 50 21 0
0 58 23 0
0 58 0 160
0 56 18 0
0 56 0 160
0 53 18 0
0 53 0 160
0 50 0 0
0 39 45 0
0 51 36 111
0 51 0 160
0 55 36 0
0 55 0 160
0 39 0 0
0 58 41 0
0 58 0 160
0 55 37 0
0 55 0 160
0 51 37 0
0 51 0 160
0 34 51 0
0 46 51 0
0 53 37 107
0 53 0 160
0 56 37 0
0 56 0 160
0 46 0 0
0 34 0 0
0 58 41 0
0 58 0 160
0 56 37 0
0 56 0 160
0 53 37 0
0 53 0 160
0 39 45 0
0 51 36 68
0 51 0 160
0 55 36 0
0 55 0 160
0 39 0 0
0 58 41 0
0 58 0 160
0 55 37 0
0 55 0 160
0 51 33 0
0 51 0 160
0 35 35 0
0 47 40 0
0 53 31 100
0 53 0 160
0 56 31 0
0 56 0 160
0 47 0 0
0 35 0 0
0 59 32 0
0 59 0 160
0 56 29 0
0 56 0 160
0 53 28 0
0 53 0 160
0 36 34 0
0 48 26 40
0 48 0 160
0 51 26 0
0 51 0 160
0 36 0 0
0 55 30 0
0 55 0 160
0 51 27 0
0 51 0 160
0 48 24 0
0 48 0 160
0 44 34 0
0 44 0 473
0 46 27 0
0 56 30 0
0 56 0 480
0 46 0 0
0 51 36 0
0 58 28 160
0 58 0 160
0 60 28 0
0 60 0 160
0 61 32 0
0 61 0 160
0 58 29 0
0 58 0 160
0 60 26 0
0 60 0 160
0 61 31 0
0 61 0 160
0 58 28 0
0 58 0 160
0 60 28 0
0 60 0 160
0 61 32 0
0 61 0 160
0 58 29 0
0 58 0 160
0 56 29 0
0 56 0 160
0 51 0 0
0 55 28 0
0 51 36 0
0 55 0 160
0 58 28 0
0 58 0 160
0 56 28 0
0 56 0 160
0 55 32 0
0 55 0 160
0 58 29 0
0 58 0 160
0 60 26 0
0 60 0 160
0 61 31 0
0 61 0 160
0 65 28 0
0 65 0 160
0 63 28 0
0 63 0 160
0 61 32 0
0 60 29 159
0 61 0 1
0 60 0 159
0 58 29 2
0 51 0 159
0 51 36 0
0 58 0 1
0 56 28 159
0 56 0 160
0 58 28 0
0 58 0 160
0 60 32 0
0 60 0 158
0 56 29 2
0 56 0 160
0 58 26 0
0 58 0 160
0 60 31 0
0 60 0 158
0 56 28 2
0 56 0 160
0 58 28 0
0 58 0 160
0 60 32 0
0 60 0 160
0 58 29 0
0 58 0 160
0 56 29 0
0 56 0 160
0 51 0 0
0 51 36 0
0 53 28 128
0 53 0 160
0 55 28 0
0 55 0 160
0 56 33 0
0 56 0 86
0 53 31 2
0 53 0 160
0 55 27 0
0 55 0 160
0 56 36 0
0 56 0 257
0 55 33 0
0 55 0 160
0 53 42 0
0 53 0 152
0 51 0 0
0 51 36 0
0 51 0 144
0 50 37 0
0 50 0 160
0 39 43 0
0 46 37 92
0 46 0 160
0 51 39 0
0 51 0 160
0 39 0 0
0 55 43 0
0 55 0 160
0 51 37 0
0 51 0 160
0 46 39 0
0 46 0 160
0 39 45 0
0 46 42 84
0 46 0 160
0 51 42 0
0 51 0 160
0 39 0 0
0 55 46 0
0 55 0 160
0 51 42 0
0 51 0 160
0 46 42 0
0 46 0 160
0 39 55 0
0 50 39 89
0 50 0 160
0 53 39 0
0 53 0 160
0 39 0 0
0 56 48 0
0 56 0 160
0 58 41 0
0 58 0 160
0 62 41 0
0 62 0 160
0 65 47 0
0 65 0 160
0 70 36 0
0 70 0 160
0 74 34 0
0 74 0 160
0 77 30 0
0 77 0 240
0 82 26 0
0 82 0 120
0 86 28 120
0 86 0 120
0 39 31 1680
0 46 25 121
0 46 0 160
0 51 26 0
0 51 0 160
0 39 0 0
0 55 31 0
0 55 0 160
0 51 28 0
0 51 0 160
0 46 28 0
0 46 0 160
0 39 32 0
0 46 28 160
0 46 0 160
0 51 28 0
0 51 0 160
0 39 0 0
0 55 28 0
0 55 0 107
0 51 26 0
0 51 0 160
0 46 26 0
0 46 0 160
0 39 31 0
0 39 0 480
0 39 28 480
0 39 0 480
0 39 18 480
0 39 0 1920
