0 73 43 600
0 77 43 0
0 77 0 60
0 73 0 0
0 65 40 60
0 73 50 0
0 77 50 0
0 77 0 120
0 73 0 0
0 73 45 0
0 70 45 0
0 70 0 120
0 73 0 0
0 65 0 0
0 77 45 0
0 73 45 0
0 73 0 60
0 77 0 0
0 65 40 60
0 73 50 0
0 77 50 0
0 77 0 120
0 73 0 0
0 73 46 0
0 70 46 0
0 70 0 120
0 73 0 0
0 65 0 0
0 77 46 0
0 73 46 0
0 73 0 60
0 77 0 0
0 65 40 60
0 73 50 0
0 77 50 0
0 77 0 120
0 73 0 0
0 73 45 0
0 70 45 0
0 70 0 120
0 73 0 0
0 65 0 0
0 77 45 0
0 73 45 0
0 73 0 60
0 77 0 0
0 65 40 60
0 73 50 0
0 77 50 0
0 77 0 120
0 73 0 0
0 73 46 0
0 70 46 0
0 70 0 120
0 73 0 0
0 65 0 0
0 77 46 0
0 73 46 0
0 73 0 60
0 77 0 0
0 66 71 60
0 73 50 0
0 73 0 120
0 70 45 0
0 70 0 120
0 73 45 0
0 73 0 60
0 73 50 60
0 73 0 120
0 70 46 0
0 70 0 120
0 66 0 0
0 65 60 0
0 73 46 0
0 73 0 60
0 65 0 60
0 64 72 0
0 73 50 0
0 73 0 120
0 70 45 0
0 70 0 120
0 73 45 0
0 73 0 60
0 73 50 60
0 73 0 120
0 70 46 0
0 64 0 60
0 70 0 60
0 73 61 0
0 64 60 0
0 73 0 60
0 64 0 60
0 65 75 0
0 60 54 120
0 63 54 0
0 63 0 60
0 60 0 0
0 60 54 60
0 63 54 0
0 63 0 60
0 60 0 0
0 60 54 60
0 63 54 0
0 63 0 60
0 60 0 0
0 65 0 60
0 58 54 0
0 67 56 0
0 67 0 60
0 58 0 0
0 60 54 60
0 69 61 0
0 69 0 60
0 60 0 0
0 72 64 0
0 72 0 60
0 61 61 0
0 70 73 0
0 70 0 60
0 61 0 0
0 60 54 60
0 69 63 0
0 69 0 60
0 60 0 0
0 61 53 60
0 70 63 0
0 70 0 60
0 61 0 0
0 65 60 60
0 73 71 0
0 73 0 60
0 65 0 0
0 63 53 60
0 72 63 0
0 72 0 60
0 63 0 0
0 61 58 60
0 70 70 0
0 70 0 60
0 61 0 0
0 61 70 60
0 70 82 0
0 64 66 360
0 64 0 360
0 70 0 0
0 61 0 0
0 60 67 0
0 65 67 0
0 69 80 0
0 69 0 360
0 65 0 0
0 60 0 0
0 73 43 240
0 77 43 0
0 77 0 60
0 73 0 0
0 65 40 60
0 73 50 0
0 77 50 0
0 77 0 120
0 73 0 0
0 73 45 0
0 70 45 0
0 70 0 120
0 73 0 0
0 65 0 0
0 77 45 0
0 73 45 0
0 73 0 60
0 77 0 0
0 65 41 60
0 73 51 0
0 77 51 0
0 77 0 120
0 73 0 0
0 73 48 0
0 70 48 0
0 70 0 120
0 73 0 0
0 65 0 0
0 77 48 0
0 73 48 0
0 73 0 60
0 77 0 0
0 65 42 60
0 73 53 0
0 77 53 0
0 77 0 120
0 73 0 0
0 73 50 0
0 70 50 0
0 70 0 120
0 73 0 0
0 65 0 0
0 77 55 0
0 73 55 0
0 73 0 60
0 77 0 0
0 65 53 60
0 73 66 0
0 77 66 0
0 77 0 120
0 73 0 0
0 73 63 0
0 70 63 0
0 70 0 120
0 73 0 0
0 65 0 0
0 77 68 0
0 73 68 0
0 73 0 60
0 77 0 0
0 68 58 60
0 77 66 0
0 80 82 0
0 80 0 360
0 77 0 0
0 68 0 0
0 66 56 0
0 75 56 0
0 78 66 0
0 78 0 240
0 75 0 0
0 66 0 0
0 65 56 0
0 73 56 0
0 77 66 0
0 77 0 60
0 73 0 0
0 65 0 0
0 65 58 60
0 73 67 0
0 77 82 0
0 77 0 360
0 73 0 0
0 65 0 0
0 63 56 0
0 72 56 0
0 75 66 0
0 75 0 240
0 72 0 0
0 63 0 0
0 65 58 120
0 68 66 0
0 77 82 0
0 77 0 360
0 65 0 0
0 73 69 0
0 73 0 240
0 72 65 0
0 72 0 90
0 68 0 30
0 68 69 0
0 72 69 0
0 72 0 240
0 68 0 0
0 66 65 0
0 70 65 0
0 70 0 90
0 66 0 0
0 73 69 30
0 73 0 240
0 66 65 0
0 70 65 0
0 70 0 90
0 66 0 0
0 66 69 30
0 70 69 0
0 70 0 240
0 66 0 0
0 65 65 0
0 68 65 0
0 68 0 90
0 65 0 0
0 73 69 30
0 73 0 240
0 65 65 0
0 68 65 0
0 68 0 90
0 65 0 0
0 65 69 30
0 68 69 0
0 68 0 240
0 65 0 0
0 69 61 0
0 69 0 120
0 60 49 0
0 66 49 0
0 70 62 0
0 70 0 240
0 66 0 0
0 60 0 0
0 63 54 0
0 66 54 0
0 66 0 90
0 63 0 0
0 66 58 30
0 63 49 0
0 60 49 0
0 60 0 360
0 63 0 0
0 66 0 0
0 61 41 0
0 65 49 0
0 65 0 360
0 61 0 0
0 73 43 600
0 77 43 0
0 77 0 60
0 73 0 0
0 65 40 60
0 73 50 0
0 77 50 0
0 77 0 120
0 73 0 0
0 73 45 0
0 70 45 0
0 70 0 120
0 73 0 0
0 65 0 0
0 77 45 0
0 73 45 0
0 73 0 60
0 77 0 0
0 65 40 60
0 73 50 0
0 77 50 0
0 77 0 120
0 73 0 0
0 73 46 0
0 70 46 0
0 70 0 120
0 73 0 0
0 65 0 0
0 77 46 0
0 73 46 0
0 73 0 60
0 77 0 0
0 65 40 60
0 73 50 0
0 77 50 0
0 77 0 120
0 73 0 0
0 73 45 0
0 70 45 0
0 70 0 120
0 73 0 0
0 65 0 0
0 77 45 0
0 73 45 0
0 73 0 60
0 77 0 0
0 65 40 60
0 73 50 0
0 77 50 0
0 77 0 120
0 73 0 0
0 73 46 0
0 70 46 0
0 70 0 120
0 73 0 0
0 65 0 0
0 77 46 0
0 73 46 0
0 73 0 60
0 77 0 0
0 66 71 60
0 73 50 0
0 73 0 120
0 70 45 0
0 70 0 120
0 73 45 0
0 73 0 60
0 73 50 60
0 73 0 120
0 70 46 0
0 70 0 120
0 66 0 0
0 65 60 0
0 73 46 0
0 73 0 60
0 65 0 60
0 64 72 0
0 73 50 0
0 73 0 120
0 70 45 0
0 70 0 120
0 73 45 0
0 73 0 60
0 73 50 60
0 73 0 120
0 70 46 0
0 64 0 60
0 70 0 60
0 73 61 0
0 64 60 0
0 73 0 60
0 64 0 60
0 65 75 0
0 60 54 120
0 63 54 0
0 63 0 60
0 60 0 0
0 60 54 60
0 63 54 0
0 63 0 60
0 60 0 0
0 60 54 60
0 63 54 0
0 63 0 60
0 60 0 0
0 65 0 60
0 58 54 0
0 67 56 0
0 67 0 60
0 58 0 0
0 60 54 60
0 69 61 0
0 69 0 60
0 60 0 0
0 72 64 0
0 72 0 60
0 61 61 0
0 70 73 0
0 70 0 60
0 61 0 0
0 60 54 60
0 69 63 0
0 69 0 60
0 60 0 0
0 61 53 60
0 70 63 0
0 70 0 60
0 61 0 0
0 65 60 60
0 73 71 0
0 73 0 60
0 65 0 0
0 63 53 60
0 72 63 0
0 72 0 60
0 63 0 0
0 61 58 60
0 70 70 0
0 70 0 60
0 61 0 0
0 61 70 60
0 70 82 0
0 64 66 360
0 64 0 360
0 70 0 0
0 61 0 0
0 60 67 0
0 65 67 0
0 69 80 0
0 69 0 360
0 65 0 0
0 60 0 0
0 73 43 240
0 77 43 0
0 77 0 60
0 73 0 0
0 65 40 60
0 73 50 0
0 77 50 0
0 77 0 120
0 73 0 0
0 73 45 0
0 70 45 0
0 70 0 120
0 73 0 0
0 65 0 0
0 77 45 0
0 73 45 0
0 73 0 60
0 77 0 0
0 65 41 60
0 73 51 0
0 77 51 0
0 77 0 120
0 73 0 0
0 73 48 0
0 70 48 0
0 70 0 120
0 73 0 0
0 65 0 0
0 77 48 0
0 73 48 0
0 73 0 60
0 77 0 0
0 65 42 60
0 73 53 0
0 77 53 0
0 77 0 120
0 73 0 0
0 73 50 0
0 70 50 0
0 70 0 120
0 73 0 0
0 65 0 0
0 77 55 0
0 73 55 0
0 73 0 60
0 77 0 0
0 65 53 60
0 73 66 0
0 77 66 0
0 77 0 120
0 73 0 0
0 73 63 0
0 70 63 0
0 70 0 120
0 73 0 0
0 65 0 0
0 77 68 0
0 73 68 0
0 73 0 60
0 77 0 0
0 68 58 60
0 77 66 0
0 80 82 0
0 80 0 360
0 77 0 0
0 68 0 0
0 66 56 0
0 75 56 0
0 78 66 0
0 78 0 240
0 75 0 0
0 66 0 0
0 65 56 0
0 73 56 0
0 77 66 0
0 77 0 60
0 73 0 0
0 65 0 0
0 65 58 60
0 73 67 0
0 77 82 0
0 77 0 360
0 73 0 0
0 65 0 0
0 63 56 0
0 72 56 0
0 75 66 0
0 75 0 240
0 72 0 0
0 63 0 0
0 65 58 120
0 68 66 0
0 77 82 0
0 77 0 360
0 65 0 0
0 73 69 0
0 73 0 240
0 72 65 0
0 72 0 90
0 68 0 30
0 68 69 0
0 72 69 0
0 72 0 240
0 68 0 0
0 66 65 0
0 70 65 0
0 70 0 90
0 66 0 0
0 73 69 30
0 73 0 240
0 66 65 0
0 70 65 0
0 70 0 90
0 66 0 0
0 66 69 30
0 70 69 0
0 70 0 240
0 66 0 0
0 65 65 0
0 68 65 0
0 68 0 90
0 65 0 0
0 73 69 30
0 73 0 240
0 65 65 0
0 68 65 0
0 68 0 90
0 65 0 0
0 65 69 30
0 68 69 0
0 68 0 240
0 65 0 0
0 69 61 0
0 69 0 120
0 60 49 0
0 66 49 0
0 70 62 0
0 70 0 240
0 66 0 0
0 60 0 0
0 63 54 0
0 66 54 0
0 66 0 90
0 63 0 0
0 66 58 30
0 63 49 0
0 60 49 0
0 60 0 360
0 63 0 0
0 66 0 0
0 61 41 0
0 65 49 0
0 65 0 360
0 61 0 0
0 63 43 600
0 65 43 0
0 65 0 60
0 63 0 0
0 62 50 60
0 65 50 0
0 65 0 120
0 62 0 0
0 70 45 0
0 58 45 0
0 58 0 120
0 70 0 0
0 65 45 0
0 62 45 0
0 62 0 60
0 65 0 0
0 62 50 60
0 65 50 0
0 65 0 120
0 62 0 0
0 70 46 0
0 58 46 0
0 58 0 120
0 70 0 0
0 65 46 0
0 62 46 0
0 62 0 60
0 65 0 0
0 58 46 60
0 65 46 0
0 68 46 0
0 68 0 360
0 65 0 0
0 58 0 0
0 63 46 0
0 66 46 0
0 66 0 120
0 63 0 0
0 63 43 120
0 66 43 0
0 66 0 60
0 63 0 0
0 62 50 60
0 65 50 0
0 65 0 120
0 62 0 0
0 70 45 0
0 58 45 0
0 58 0 120
0 70 0 0
0 65 45 0
0 62 45 0
0 62 0 60
0 65 0 0
0 62 50 60
0 65 50 0
0 65 0 120
0 62 0 0
0 70 46 0
0 58 46 0
0 58 0 120
0 70 0 0
0 65 46 0
0 62 46 0
0 62 0 60
0 65 0 0
0 58 46 60
0 65 46 0
0 68 46 0
0 68 0 360
0 65 0 0
0 58 0 0
0 63 46 0
0 66 46 0
0 66 0 120
0 63 0 0
0 66 49 120
0 63 49 0
0 70 49 0
0 70 0 60
0 63 0 0
0 66 0 0
0 65 57 60
0 68 57 0
0 68 0 120
0 65 0 0
0 73 51 0
0 61 51 0
0 61 0 120
0 73 0 0
0 68 51 0
0 65 51 0
0 65 0 60
0 68 0 0
0 65 58 60
0 68 58 0
0 68 0 120
0 65 0 0
0 73 53 0
0 61 53 0
0 61 0 120
0 73 0 0
0 68 53 0
0 65 53 0
0 65 0 60
0 68 0 0
0 65 54 60
0 61 54 0
0 68 54 0
0 71 54 0
0 71 0 360
0 65 0 0
0 61 0 0
0 68 0 0
0 66 54 0
0 70 54 0
0 70 0 120
0 66 0 0
0 66 59 120
0 70 59 0
0 70 0 60
0 66 0 0
0 65 69 60
0 68 69 0
0 68 0 120
0 65 0 0
0 73 62 0
0 61 62 0
0 61 0 120
0 73 0 0
0 68 63 0
0 65 63 0
0 65 0 60
0 68 0 0
0 65 74 60
0 68 74 0
0 68 0 120
0 65 0 0
0 73 68 0
0 61 68 0
0 61 0 120
0 73 0 0
0 68 69 0
0 65 69 0
0 65 0 60
0 68 0 0
0 65 71 60
0 62 71 0
0 68 71 0
0 71 71 0
0 71 0 360
0 65 0 0
0 62 0 0
0 68 0 0
0 63 75 0
0 66 75 0
0 70 75 0
0 70 0 120
0 66 0 0
0 63 0 0
0 65 78 240
0 72 78 0
0 77 92 0
0 77 0 357
0 72 0 0
0 65 0 0
0 72 81 3
0 69 69 0
0 69 0 240
0 72 0 0
0 72 77 0
0 69 64 0
0 65 64 0
0 65 0 60
0 69 0 0
0 72 0 0
0 66 78 60
0 72 78 0
0 75 92 0
0 75 0 240
0 72 0 0
0 66 0 0
0 73 80 0
0 70 67 0
0 64 67 0
0 64 0 120
0 70 0 0
0 73 0 0
0 72 79 0
0 69 66 0
0 65 66 0
0 65 0 360
0 69 0 0
0 72 0 0
0 65 78 0
0 72 78 0
0 77 92 0
0 77 0 357
0 72 0 0
0 65 0 0
0 72 81 3
0 69 69 0
0 69 0 240
0 72 0 0
0 72 77 0
0 69 64 0
0 65 64 0
0 65 0 60
0 69 0 0
0 72 0 0
0 66 78 60
0 72 78 0
0 75 92 0
0 75 0 240
0 72 0 0
0 66 0 0
0 73 80 0
0 70 67 0
0 64 67 0
0 64 0 120
0 70 0 0
0 73 0 0
0 72 79 0
0 69 66 0
0 65 66 0
0 65 0 360
0 69 0 0
0 72 0 0
0 65 78 0
0 72 78 0
0 77 92 0
0 77 0 357
0 72 0 0
0 65 0 0
0 72 76 3
0 69 64 0
0 69 0 240
0 72 0 0
0 72 69 0
0 69 57 0
0 65 57 0
0 65 0 60
0 69 0 0
0 72 0 0
0 66 68 60
0 75 80 0
0 75 0 240
0 66 0 0
0 73 63 0
0 65 53 0
0 65 0 120
0 73 0 0
0 66 51 0
0 72 60 0
0 63 51 0
0 63 0 240
0 72 0 0
0 66 0 0
0 61 49 0
0 65 49 0
0 70 58 0
0 70 0 120
0 65 0 0
0 61 0 0
0 63 55 0
0 60 55 0
0 68 65 0
0 68 0 240
0 60 0 0
0 63 0 0
0 58 46 0
0 66 54 0
0 61 46 0
0 61 0 120
0 66 0 0
0 58 0 0
0 60 44 0
0 65 52 0
0 57 44 0
0 57 0 240
0 65 0 0
0 60 0 0
0 58 42 0
0 55 42 0
0 64 50 0
0 64 0 90
0 55 0 0
0 58 0 0
0 55 37 30
0 58 37 0
0 64 45 0
0 64 0 360
0 58 0 0
0 55 0 0
0 57 37 0
0 65 45 0
0 65 0 360
0 57 0 0
0 73 43 600
0 77 43 0
0 77 0 60
0 73 0 0
0 65 40 60
0 73 50 0
0 77 50 0
0 77 0 120
0 73 0 0
0 73 45 0
0 70 45 0
0 70 0 120
0 73 0 0
0 65 0 0
0 77 45 0
0 73 45 0
0 73 0 60
0 77 0 0
0 65 40 60
0 73 50 0
0 77 50 0
0 77 0 120
0 73 0 0
0 73 46 0
0 70 46 0
0 70 0 120
0 73 0 0
0 65 0 0
0 77 46 0
0 73 46 0
0 73 0 60
0 77 0 0
0 65 40 60
0 73 50 0
0 77 50 0
0 77 0 120
0 73 0 0
0 73 45 0
0 70 45 0
0 70 0 120
0 73 0 0
0 65 0 0
0 77 45 0
0 73 45 0
0 73 0 60
0 77 0 0
0 65 40 60
0 73 50 0
0 77 50 0
0 77 0 120
0 73 0 0
0 73 46 0
0 70 46 0
0 70 0 120
0 73 0 0
0 65 0 0
0 77 46 0
0 73 46 0
0 73 0 60
0 77 0 0
0 66 71 60
0 73 50 0
0 73 0 120
0 70 45 0
0 70 0 120
0 73 45 0
0 73 0 60
0 73 50 60
0 73 0 120
0 70 46 0
0 70 0 120
0 66 0 0
0 65 60 0
0 73 46 0
0 73 0 60
0 65 0 60
0 64 72 0
0 73 50 0
0 73 0 120
0 70 45 0
0 70 0 120
0 73 45 0
0 73 0 60
0 73 50 60
0 73 0 120
0 70 46 0
0 64 0 60
0 70 0 60
0 73 61 0
0 64 60 0
0 73 0 60
0 64 0 60
0 65 75 0
0 60 54 120
0 63 54 0
0 63 0 60
0 60 0 0
0 60 54 60
0 63 54 0
0 63 0 60
0 60 0 0
0 60 54 60
0 63 54 0
0 63 0 60
0 60 0 0
0 65 0 60
0 58 54 0
0 67 56 0
0 67 0 60
0 58 0 0
0 60 54 60
0 69 61 0
0 69 0 60
0 60 0 0
0 72 64 0
0 72 0 60
0 61 61 0
0 70 73 0
0 70 0 60
0 61 0 0
0 60 54 60
0 69 63 0
0 69 0 60
0 60 0 0
0 61 53 60
0 70 63 0
0 70 0 60
0 61 0 0
0 65 60 60
0 73 71 0
0 73 0 60
0 65 0 0
0 63 53 60
0 72 63 0
0 72 0 60
0 63 0 0
0 61 58 60
0 70 70 0
0 70 0 60
0 61 0 0
0 61 70 60
0 70 82 0
0 64 66 360
0 64 0 360
0 70 0 0
0 61 0 0
0 60 67 0
0 65 67 0
0 69 80 0
0 69 0 360
0 65 0 0
0 60 0 0
0 73 43 240
0 77 43 0
0 77 0 60
0 73 0 0
0 65 40 60
0 73 50 0
0 77 50 0
0 77 0 120
0 73 0 0
0 73 45 0
0 70 45 0
0 70 0 120
0 73 0 0
0 65 0 0
0 77 45 0
0 73 45 0
0 73 0 60
0 77 0 0
0 65 41 60
0 73 51 0
0 77 51 0
0 77 0 120
0 73 0 0
0 73 48 0
0 70 48 0
0 70 0 120
0 73 0 0
0 65 0 0
0 77 48 0
0 73 48 0
0 73 0 60
0 77 0 0
0 65 42 60
0 73 53 0
0 77 53 0
0 77 0 120
0 73 0 0
0 73 50 0
0 70 50 0
0 70 0 120
0 73 0 0
0 65 0 0
0 77 55 0
0 73 55 0
0 73 0 60
0 77 0 0
0 65 53 60
0 73 66 0
0 77 66 0
0 77 0 120
0 73 0 0
0 73 63 0
0 70 63 0
0 70 0 120
0 73 0 0
0 65 0 0
0 77 68 0
0 73 68 0
0 73 0 60
0 77 0 0
0 68 58 60
0 77 66 0
0 80 82 0
0 80 0 360
0 77 0 0
0 68 0 0
0 66 56 0
0 75 56 0
0 78 66 0
0 78 0 240
0 75 0 0
0 66 0 0
0 65 56 0
0 73 56 0
0 77 66 0
0 77 0 60
0 73 0 0
0 65 0 0
0 65 58 60
0 68 67 0
0 77 82 0
0 77 0 360
0 68 0 0
0 65 0 0
0 63 56 0
0 75 66 0
0 75 0 240
0 63 0 0
0 66 58 120
0 70 66 0
0 78 82 0
0 78 0 360
0 66 0 0
0 75 69 0
0 75 0 240
0 73 65 0
0 73 0 90
0 70 0 30
0 70 69 0
0 73 69 0
0 73 0 240
0 70 0 0
0 72 65 0
0 72 0 90
0 75 69 30
0 75 0 240
0 72 65 0
0 72 0 90
0 65 69 30
0 72 69 0
0 72 0 240
0 70 65 0
0 70 0 90
0 73 69 30
0 73 0 240
0 70 65 0
0 70 0 90
0 65 0 30
0 65 69 0
0 70 69 0
0 70 0 240
0 65 0 0
0 69 61 0
0 69 0 110
0 69 69 10
0 65 49 0
0 73 62 0
0 73 0 240
0 65 0 0
0 63 54 0
0 72 54 0
0 72 0 90
0 63 0 0
0 69 0 30
0 72 58 0
0 69 49 0
0 63 49 0
0 63 0 360
0 69 0 0
0 72 0 0
0 61 41 0
0 70 49 0
0 70 0 360
0 61 0 0
0 63 43 600
0 65 43 0
0 65 0 60
0 63 0 0
0 62 50 60
0 65 50 0
0 65 0 120
0 62 0 0
0 70 45 0
0 58 45 0
0 58 0 120
0 70 0 0
0 65 45 0
0 62 45 0
0 62 0 60
0 65 0 0
0 62 50 60
0 65 50 0
0 65 0 120
0 62 0 0
0 70 46 0
0 58 46 0
0 58 0 120
0 70 0 0
0 65 46 0
0 62 46 0
0 62 0 60
0 65 0 0
0 58 46 60
0 65 46 0
0 68 46 0
0 68 0 360
0 65 0 0
0 58 0 0
0 63 46 0
0 66 46 0
0 66 0 120
0 63 0 0
0 63 43 120
0 66 43 0
0 66 0 60
0 63 0 0
0 62 50 60
0 65 50 0
0 65 0 120
0 62 0 0
0 70 45 0
0 58 45 0
0 58 0 120
0 70 0 0
0 65 45 0
0 62 45 0
0 62 0 60
0 65 0 0
0 62 50 60
0 65 50 0
0 65 0 120
0 62 0 0
0 70 46 0
0 58 46 0
0 58 0 120
0 70 0 0
0 65 46 0
0 62 46 0
0 62 0 60
0 65 0 0
0 58 46 60
0 65 46 0
0 68 46 0
0 68 0 360
0 65 0 0
0 58 0 0
0 63 46 0
0 66 46 0
0 66 0 120
0 63 0 0
0 66 49 120
0 63 49 0
0 70 49 0
0 70 0 60
0 63 0 0
0 66 0 0
0 65 57 60
0 68 57 0
0 68 0 120
0 65 0 0
0 73 51 0
0 61 51 0
0 61 0 120
0 73 0 0
0 68 51 0
0 65 51 0
0 65 0 60
0 68 0 0
0 65 58 60
0 68 58 0
0 68 0 120
0 65 0 0
0 73 53 0
0 61 53 0
0 61 0 120
0 73 0 0
0 68 53 0
0 65 53 0
0 65 0 60
0 68 0 0
0 65 54 60
0 61 54 0
0 68 54 0
0 71 54 0
0 71 0 360
0 65 0 0
0 61 0 0
0 68 0 0
0 66 55 0
0 70 55 0
0 70 0 120
0 66 0 0
0 66 59 120
0 70 59 0
0 70 0 60
0 66 0 0
0 65 69 60
0 68 69 0
0 68 0 120
0 65 0 0
0 73 62 0
0 61 62 0
0 61 0 120
0 73 0 0
0 68 64 0
0 65 64 0
0 65 0 60
0 68 0 0
0 65 74 60
0 68 74 0
0 68 0 120
0 65 0 0
0 73 68 0
0 61 68 0
0 61 0 120
0 73 0 0
0 68 69 0
0 65 69 0
0 65 0 60
0 68 0 0
0 65 71 60
0 62 71 0
0 68 71 0
0 71 71 0
0 71 0 360
0 65 0 0
0 62 0 0
0 68 0 0
0 66 75 0
0 70 75 0
0 70 0 120
0 66 0 0
0 65 78 240
0 72 78 0
0 77 92 0
0 77 0 357
0 72 0 0
0 65 0 0
0 72 81 3
0 69 69 0
0 69 0 240
0 72 0 0
0 72 77 0
0 69 64 0
0 65 64 0
0 65 0 60
0 69 0 0
0 72 0 0
0 66 78 60
0 72 78 0
0 75 92 0
0 75 0 240
0 72 0 0
0 66 0 0
0 73 80 0
0 70 67 0
0 64 67 0
0 64 0 120
0 70 0 0
0 73 0 0
0 72 79 0
0 69 66 0
0 65 66 0
0 65 0 360
0 69 0 0
0 72 0 0
0 65 78 0
0 72 78 0
0 77 92 0
0 72 0 357
0 65 0 0
0 77 0 0
0 72 81 3
0 69 69 0
0 69 0 240
0 72 0 0
0 72 77 0
0 69 64 0
0 65 64 0
0 65 0 60
0 69 0 0
0 72 0 0
0 66 78 60
0 72 78 0
0 75 92 0
0 75 0 240
0 72 0 0
0 66 0 0
0 73 80 0
0 70 67 0
0 64 67 0
0 64 0 120
0 70 0 0
0 73 0 0
0 72 79 0
0 69 66 0
0 65 66 0
0 65 0 360
0 69 0 0
0 72 0 0
0 65 78 0
0 72 78 0
0 77 92 0
0 77 0 357
0 72 0 0
0 65 0 0
0 72 76 3
0 69 64 0
0 69 0 240
0 72 0 0
0 72 69 0
0 69 57 0
0 65 57 0
0 65 0 60
0 69 0 0
0 72 0 0
0 66 68 60
0 75 80 0
0 75 0 240
0 66 0 0
0 73 63 0
0 65 53 0
0 65 0 120
0 73 0 0
0 66 51 0
0 72 60 0
0 63 51 0
0 63 0 240
0 72 0 0
0 66 0 0
0 61 49 0
0 65 49 0
0 70 58 0
0 70 0 120
0 65 0 0
0 61 0 0
0 63 55 0
0 60 55 0
0 68 65 0
0 68 0 240
0 60 0 0
0 63 0 0
0 58 46 0
0 66 54 0
0 61 46 0
0 61 0 120
0 66 0 0
0 58 0 0
0 60 44 0
0 65 52 0
0 57 44 0
0 57 0 240
0 65 0 0
0 60 0 0
0 58 42 0
0 55 42 0
0 64 50 0
0 64 0 90
0 55 0 0
0 58 0 0
0 55 37 30
0 58 37 0
0 64 45 0
0 64 0 360
0 58 0 0
0 55 0 0
0 57 37 0
0 65 45 0
0 65 0 360
0 57 0 0
0 73 43 600
0 77 43 0
0 77 0 60
0 73 0 0
0 65 40 60
0 73 50 0
0 77 50 0
0 77 0 120
0 73 0 0
0 73 45 0
0 70 45 0
0 70 0 120
0 73 0 0
0 65 0 0
0 77 45 0
0 73 45 0
0 73 0 60
0 77 0 0
0 65 40 60
0 73 50 0
0 77 50 0
0 77 0 120
0 73 0 0
0 73 46 0
0 70 46 0
0 70 0 120
0 73 0 0
0 65 0 0
0 77 46 0
0 73 46 0
0 73 0 60
0 77 0 0
0 65 40 60
0 73 50 0
0 77 50 0
0 77 0 120
0 73 0 0
0 73 45 0
0 70 45 0
0 70 0 120
0 73 0 0
0 65 0 0
0 77 45 0
0 73 45 0
0 73 0 60
0 77 0 0
0 65 40 60
0 73 50 0
0 77 50 0
0 77 0 120
0 73 0 0
0 73 46 0
0 70 46 0
0 70 0 120
0 73 0 0
0 65 0 0
0 77 46 0
0 73 46 0
0 73 0 60
0 77 0 0
0 66 71 60
0 73 50 0
0 73 0 120
0 70 45 0
0 70 0 120
0 73 45 0
0 73 0 60
0 73 50 60
0 73 0 120
0 70 46 0
0 70 0 120
0 66 0 0
0 65 60 0
0 73 46 0
0 73 0 60
0 65 0 60
0 64 72 0
0 73 50 0
0 73 0 120
0 70 45 0
0 70 0 120
0 73 45 0
0 73 0 60
0 73 50 60
0 73 0 120
0 70 46 0
0 64 0 60
0 70 0 60
0 73 61 0
0 64 60 0
0 73 0 60
0 64 0 60
0 65 75 0
0 60 54 120
0 63 54 0
0 63 0 60
0 60 0 0
0 60 54 60
0 63 54 0
0 63 0 60
0 60 0 0
0 60 54 60
0 63 54 0
0 63 0 60
0 60 0 0
0 65 0 60
0 58 54 0
0 67 56 0
0 67 0 60
0 58 0 0
0 60 54 60
0 69 61 0
0 69 0 60
0 60 0 0
0 72 64 0
0 72 0 60
0 61 61 0
0 70 73 0
0 70 0 60
0 61 0 0
0 60 54 60
0 69 63 0
0 69 0 60
0 60 0 0
0 61 53 60
0 70 63 0
0 70 0 60
0 61 0 0
0 65 60 60
0 73 71 0
0 73 0 60
0 65 0 0
0 63 53 60
0 72 63 0
0 72 0 60
0 63 0 0
0 61 58 60
0 70 70 0
0 70 0 60
0 61 0 0
0 61 70 60
0 70 82 0
0 64 66 360
0 64 0 360
0 70 0 0
0 61 0 0
0 60 67 0
0 65 67 0
0 69 80 0
0 69 0 360
0 65 0 0
0 60 0 0
0 70 62 360
0 65 52 0
0 70 0 360
0 68 55 0
0 68 0 230
0 68 55 10
0 68 0 120
0 65 0 0
0 66 62 0
0 63 52 0
0 66 0 360
0 67 55 0
0 67 0 360
0 63 0 0
0 70 68 0
0 82 80 0
0 77 68 0
0 82 0 360
0 70 0 0
0 68 60 0
0 80 71 0
0 80 0 230
0 68 0 0
0 68 60 10
0 80 71 0
0 80 0 120
0 68 0 0
0 77 0 0
0 67 68 0
0 79 80 0
0 75 68 0
0 79 0 360
0 67 0 0
0 66 60 0
0 78 71 0
0 78 0 240
0 66 0 0
0 67 60 0
0 79 71 0
0 79 0 90
0 67 0 0
0 75 0 30
0 67 72 0
0 70 72 0
0 79 85 0
0 79 0 60
0 70 0 0
0 67 0 0
0 67 61 60
0 70 61 0
0 77 72 0
0 77 0 60
0 70 0 0
0 67 0 0
0 76 69 60
0 70 58 0
0 67 58 0
0 67 0 60
0 70 0 0
0 76 0 0
0 76 78 60
0 70 66 0
0 67 66 0
0 67 0 60
0 70 0 0
0 76 0 0
0 67 60 60
0 70 60 0
0 74 71 0
0 74 0 60
0 70 0 0
0 67 0 0
0 67 60 60
0 70 60 0
0 72 71 0
0 72 0 60
0 70 0 0
0 67 0 0
0 72 79 60
0 69 67 0
0 65 67 0
0 65 0 358
0 69 0 2
0 72 0 0
0 74 67 0
0 70 56 0
0 65 56 0
0 65 0 238
0 70 0 0
0 74 0 0
0 65 52 2
0 70 52 0
0 74 62 0
0 74 0 120
0 70 0 0
0 65 0 0
0 75 79 0
0 70 67 0
0 67 67 0
0 67 0 360
0 70 0 0
0 75 0 0
0 72 67 0
0 69 56 0
0 69 0 238
0 72 0 0
0 65 52 2
0 69 52 0
0 72 62 0
0 72 0 120
0 69 0 0
0 65 0 0
0 77 82 0
0 65 55 120
0 70 55 0
0 70 0 60
0 65 0 0
0 65 56 60
0 70 56 0
0 70 0 60
0 65 0 0
0 70 64 60
0 65 64 0
0 65 0 60
0 70 0 0
0 65 57 60
0 70 57 0
0 70 0 60
0 65 0 0
0 65 58 60
0 70 58 0
0 70 0 60
0 65 0 0
0 77 0 60
0 68 60 0
0 70 60 0
0 78 90 0
0 70 0 60
0 68 0 0
0 68 60 60
0 70 60 0
0 70 0 60
0 68 0 0
0 68 61 60
0 70 61 0
0 70 0 60
0 68 0 0
0 70 70 60
0 68 70 0
0 68 0 60
0 70 0 0
0 68 62 60
0 70 62 0
0 70 0 60
0 68 0 0
0 68 63 60
0 70 63 0
0 70 0 60
0 68 0 0
0 78 0 60
0 67 65 0
0 70 65 0
0 79 98 0
0 70 0 60
0 67 0 0
0 67 65 60
0 70 65 0
0 70 0 60
0 67 0 0
0 67 65 60
0 70 65 0
0 70 0 60
0 67 0 0
0 70 73 60
0 67 73 0
0 67 0 60
0 70 0 0
0 67 65 60
0 70 65 0
0 70 0 60
0 67 0 0
0 67 65 60
0 70 65 0
0 70 0 60
0 67 0 0
0 79 0 60
0 67 72 0
0 70 72 0
0 79 85 0
0 79 0 60
0 70 0 0
0 67 0 0
0 67 61 60
0 70 61 0
0 77 72 0
0 77 0 60
0 70 0 0
0 67 0 0
0 76 69 60
0 70 58 0
0 67 58 0
0 67 0 60
0 70 0 0
0 76 0 0
0 76 78 60
0 70 66 0
0 67 66 0
0 67 0 60
0 70 0 0
0 76 0 0
0 67 60 60
0 70 60 0
0 74 71 0
0 74 0 60
0 70 0 0
0 67 0 0
0 67 60 60
0 70 60 0
0 72 71 0
0 72 0 60
0 70 0 0
0 67 0 0
0 72 79 60
0 65 56 120
0 69 56 0
0 69 0 60
0 65 0 0
0 65 56 60
0 69 56 0
0 69 0 60
0 65 0 0
0 72 0 60
0 74 67 0
0 65 47 120
0 70 47 0
0 70 0 60
0 65 0 0
0 74 0 60
0 65 52 0
0 70 52 0
0 74 62 0
0 74 0 120
0 70 0 0
0 65 0 0
0 77 79 0
0 67 56 120
0 70 56 0
0 70 0 60
0 67 0 0
0 67 56 60
0 70 56 0
0 70 0 60
0 67 0 0
0 77 0 60
0 75 67 0
0 65 47 120
0 69 47 0
0 69 0 60
0 65 0 0
0 75 0 60
0 72 49 0
0 69 41 0
0 65 41 0
0 65 0 120
0 69 0 0
0 72 0 0
0 70 61 0
0 65 49 120
0 65 0 60
0 65 49 60
0 65 0 60
0 70 0 60
0 65 47 240
0 65 0 60
0 60 55 60
0 65 55 0
0 65 0 120
0 60 0 0
0 63 50 0
0 53 50 0
0 53 0 120
0 63 0 0
0 65 50 0
0 60 50 0
0 60 0 60
0 65 0 0
0 60 57 60
0 65 57 0
0 65 0 120
0 60 0 0
0 63 54 0
0 53 54 0
0 53 0 120
0 63 0 0
0 65 54 0
0 60 54 0
0 60 0 60
0 65 0 0
0 58 60 60
0 65 60 0
0 65 0 120
0 58 0 0
0 62 55 0
0 53 55 0
0 53 0 120
0 62 0 0
0 65 56 0
0 58 56 0
0 58 0 60
0 65 0 0
0 58 64 60
0 65 64 0
0 65 0 120
0 58 0 0
0 62 59 0
0 53 59 0
0 53 0 120
0 62 0 0
0 65 60 0
0 58 60 0
0 58 0 60
0 65 0 0
0 60 66 60
0 65 66 0
0 65 0 120
0 60 0 0
0 63 61 0
0 53 61 0
0 53 0 120
0 63 0 0
0 65 61 0
0 60 61 0
0 60 0 60
0 65 0 0
0 60 69 60
0 65 69 0
0 65 0 120
0 60 0 0
0 63 64 0
0 53 64 0
0 53 0 120
0 63 0 0
0 65 66 0
0 60 66 0
0 60 0 60
0 65 0 0
0 58 73 60
0 65 73 0
0 65 0 120
0 58 0 0
0 62 66 0
0 53 66 0
0 53 0 120
0 62 0 0
0 65 67 0
0 58 67 0
0 58 0 60
0 65 0 0
0 58 76 60
0 65 76 0
0 65 0 120
0 58 0 0
0 62 71 0
0 53 71 0
0 53 0 120
0 62 0 0
0 65 71 0
0 58 71 0
0 58 0 60
0 65 0 0
0 65 88 60
0 60 74 0
0 60 0 360
0 65 0 0
0 70 91 0
0 58 77 0
0 58 0 360
0 70 0 0
0 69 94 0
0 57 79 0
0 57 0 360
0 69 0 0
0 74 97 0
0 62 82 0
0 62 0 360
0 74 0 0
0 72 100 0
0 60 85 0
0 60 0 360
0 72 0 0
0 75 103 0
0 63 87 0
0 63 0 480
0 75 0 0
0 74 86 0
0 63 73 0
0 63 0 90
0 74 0 0
0 72 86 30
0 63 73 0
0 63 0 90
0 72 0 0
0 63 79 30
0 72 93 0
0 72 0 90
0 63 0 0
0 70 88 30
0 63 74 0
0 63 0 90
0 70 0 0
0 69 88 30
0 63 74 0
0 63 0 90
0 69 0 0
0 63 79 30
0 69 93 0
0 69 0 90
0 63 0 0
0 67 86 30
0 63 73 0
0 63 0 90
0 67 0 0
0 65 86 30
0 63 73 0
0 63 0 90
0 65 0 0
0 60 79 30
0 65 93 0
0 65 0 90
0 60 0 0
0 64 86 30
0 60 73 0
0 60 0 90
0 64 0 0
0 63 86 30
0 60 73 0
0 60 0 90
0 63 0 0
0 57 79 30
0 63 93 0
0 63 0 90
0 57 0 0
0 62 88 30
0 57 74 0
0 57 0 90
0 62 0 0
0 60 86 30
0 57 73 0
0 57 0 90
0 60 0 0
0 57 79 30
0 60 93 0
0 60 0 90
0 57 0 0
0 58 85 30
0 58 0 90
0 57 85 30
0 57 0 90
0 58 93 30
0 58 0 180
0 53 79 180
0 58 79 0
0 62 93 0
0 62 0 180
0 58 0 0
0 53 0 0
0 58 79 180
0 62 79 0
0 65 93 0
0 65 0 180
0 62 0 0
0 58 0 0
0 62 79 180
0 65 79 0
0 70 93 0
0 70 0 180
0 65 0 0
0 62 0 0
0 62 79 180
0 65 79 0
0 70 79 0
0 74 93 0
0 74 0 240
0 62 0 0
0 65 0 0
0 70 0 0
0 65 79 480
0 70 79 0
0 77 93 0
0 77 0 240
0 70 0 0
0 65 0 0
0 74 99 480
0 82 116 0
0 82 0 240
0 74 0 0
0 46 35 660
0 61 40 60
0 61 0 240
0 46 0 0
0 46 35 60
0 61 40 60
0 61 0 240
0 46 0 0
0 46 35 60
0 61 40 60
0 61 0 240
0 46 0 0
0 46 35 60
0 61 40 60
0 61 0 240
0 46 0 0
0 46 35 60
0 61 40 60
0 61 0 240
0 46 0 0
0 46 35 60
0 61 40 60
0 61 0 240
0 46 0 0
0 46 35 60
0 61 40 60
0 61 0 240
0 46 0 0
0 46 35 60
0 61 40 60
0 61 0 240
0 46 0 0
0 45 49 120
0 45 0 120
0 53 40 0
0 53 0 60
0 53 42 60
0 53 0 60
0 41 42 60
0 41 0 120
0 53 47 0
0 53 0 60
0 53 50 60
0 53 0 60
0 46 54 60
0 46 0 120
0 53 43 0
0 53 0 60
0 53 46 60
0 53 0 60
0 39 58 60
0 39 0 120
0 54 48 0
0 54 0 60
0 54 48 60
0 54 0 60
0 41 60 60
0 41 0 120
0 53 49 0
0 53 0 60
0 53 46 60
0 53 0 60
0 53 55 60
0 53 0 60
0 53 46 60
0 53 0 60
0 53 46 60
0 53 0 60
0 53 56 60
0 53 0 120
0 54 46 0
0 54 0 120
0 53 48 0
0 53 0 60
0 53 52 60
0 53 0 60
0 53 46 60
0 53 0 60
0 53 40 60
0 53 0 60
0 46 35 0
0 61 40 60
0 61 0 240
0 46 0 0
0 46 36 60
0 61 41 60
0 61 0 240
0 46 0 0
0 46 37 60
0 61 42 60
0 61 0 240
0 46 0 0
0 46 44 60
0 61 53 60
0 61 0 240
0 46 0 0
0 51 69 120
0 58 49 120
0 58 0 60
0 58 46 60
0 58 0 60
0 51 0 60
0 53 60 0
0 58 55 0
0 58 0 60
0 58 46 60
0 58 0 60
0 53 0 60
0 54 60 0
0 58 46 0
0 58 0 60
0 54 0 60
0 56 60 0
0 56 49 120
0 56 0 60
0 56 0 50
0 56 46 10
0 56 0 60
0 54 60 60
0 56 55 0
0 56 0 60
0 56 46 60
0 56 0 60
0 56 46 60
0 54 0 20
0 56 0 40
0 53 49 60
0 56 56 0
0 61 55 360
0 61 0 240
0 60 52 0
0 60 0 90
0 56 0 30
0 53 0 0
0 54 49 0
0 60 55 0
0 60 0 240
0 58 52 0
0 58 0 90
0 61 55 30
0 61 0 240
0 58 52 0
0 58 0 90
0 54 0 30
0 49 49 0
0 58 55 0
0 58 0 240
0 56 52 0
0 56 0 90
0 61 55 30
0 61 0 240
0 56 52 0
0 56 0 90
0 49 0 30
0 44 41 0
0 56 49 0
0 56 0 720
0 44 0 0
0 37 41 0
0 37 0 720
0 53 43 0
0 53 0 120
0 54 41 0
0 54 0 120
0 53 38 0
0 53 0 120
0 51 41 0
0 51 0 120
0 49 38 0
0 49 0 120
0 48 38 0
0 48 0 60
0 46 35 0
0 61 40 60
0 61 0 240
0 46 0 0
0 46 35 60
0 61 40 60
0 61 0 240
0 46 0 0
0 46 35 60
0 61 40 60
0 61 0 240
0 46 0 0
0 46 35 60
0 61 40 60
0 61 0 240
0 46 0 0
0 46 35 60
0 61 40 60
0 61 0 240
0 46 0 0
0 46 35 60
0 61 40 60
0 61 0 240
0 46 0 0
0 46 35 60
0 61 40 60
0 61 0 240
0 46 0 0
0 46 35 60
0 61 40 60
0 61 0 240
0 46 0 0
0 45 49 120
0 45 0 120
0 53 40 0
0 53 0 60
0 53 42 60
0 53 0 60
0 41 42 60
0 41 0 120
0 53 47 0
0 53 0 60
0 53 50 60
0 53 0 60
0 46 54 60
0 46 0 120
0 53 43 0
0 53 0 60
0 53 46 60
0 53 0 60
0 39 58 60
0 39 0 120
0 54 48 0
0 54 0 60
0 54 48 60
0 54 0 60
0 41 60 60
0 41 0 120
0 53 49 0
0 53 0 60
0 53 46 60
0 53 0 60
0 53 55 60
0 53 0 60
0 53 46 60
0 53 0 60
0 53 46 60
0 53 0 60
0 53 56 60
0 53 0 120
0 54 46 0
0 54 0 120
0 53 48 0
0 53 0 60
0 53 52 60
0 53 0 60
0 53 46 60
0 53 0 60
0 53 40 60
0 53 0 60
0 46 35 0
0 61 40 60
0 61 0 240
0 46 0 0
0 46 36 60
0 61 41 60
0 61 0 240
0 46 0 0
0 46 37 60
0 61 42 60
0 61 0 240
0 46 0 0
0 46 44 60
0 61 53 60
0 61 0 240
0 46 0 0
0 51 69 120
0 58 49 120
0 58 0 60
0 58 46 60
0 58 0 60
0 51 0 60
0 53 60 0
0 58 55 0
0 58 0 60
0 58 46 60
0 58 0 60
0 53 0 60
0 54 60 0
0 58 46 0
0 58 0 60
0 54 0 60
0 56 60 0
0 56 49 120
0 56 0 60
0 56 0 50
0 56 46 10
0 56 0 60
0 54 60 60
0 56 55 0
0 56 0 60
0 56 46 60
0 56 0 60
0 56 46 60
0 54 0 20
0 56 0 40
0 53 49 60
0 56 56 0
0 61 55 360
0 61 0 240
0 60 52 0
0 60 0 90
0 56 0 30
0 53 0 0
0 54 49 0
0 60 55 0
0 60 0 240
0 58 52 0
0 58 0 90
0 61 55 30
0 61 0 240
0 58 52 0
0 58 0 90
0 54 0 30
0 49 49 0
0 58 55 0
0 58 0 240
0 56 52 0
0 56 0 90
0 61 55 30
0 61 0 240
0 56 52 0
0 56 0 90
0 49 0 30
0 44 41 0
0 56 49 0
0 56 0 720
0 44 0 0
0 37 41 0
0 37 0 720
0 53 43 0
0 53 0 120
0 54 41 0
0 54 0 120
0 53 38 0
0 53 0 120
0 51 41 0
0 51 0 120
0 49 38 0
0 49 0 120
0 47 38 0
0 47 0 120
0 46 40 0
0 46 0 240
0 46 40 120
0 46 0 240
0 39 49 120
0 46 39 120
0 46 0 60
0 39 0 60
0 46 38 0
0 46 0 60
0 42 45 60
0 46 45 0
0 46 0 60
0 46 42 60
0 46 0 60
0 42 0 60
0 46 42 0
0 46 0 60
0 46 40 60
0 46 0 240
0 46 40 120
0 46 0 240
0 39 49 120
0 46 39 120
0 46 0 60
0 39 0 60
0 46 38 0
0 46 0 60
0 48 45 60
0 48 0 60
0 48 42 60
0 48 0 60
0 48 48 60
0 48 0 60
0 41 39 60
0 49 46 0
0 49 0 240
0 41 0 0
0 37 39 120
0 49 46 0
0 49 0 240
0 37 0 0
0 42 58 120
0 49 45 120
0 49 0 60
0 42 0 60
0 49 45 0
0 49 0 60
0 46 58 60
0 49 53 0
0 49 0 60
0 49 50 60
0 49 0 60
0 46 0 60
0 49 58 0
0 49 0 60
0 41 47 60
0 49 55 0
0 49 0 240
0 41 0 0
0 37 50 120
0 49 58 0
0 49 0 240
0 37 0 0
0 42 77 120
0 50 61 120
0 50 0 60
0 42 0 60
0 50 61 0
0 50 0 60
0 51 74 60
0 51 0 60
0 51 71 60
0 51 0 60
0 51 71 60
0 51 0 60
0 45 89 60
0 45 0 120
0 53 70 0
0 53 0 60
0 53 67 60
0 53 0 60
0 41 80 60
0 41 0 120
0 53 70 0
0 53 0 60
0 53 71 60
0 53 0 60
0 46 88 60
0 46 0 120
0 53 73 0
0 53 0 60
0 53 72 60
0 53 0 60
0 41 82 60
0 41 0 120
0 53 71 0
0 53 0 60
0 53 71 60
0 53 0 60
0 45 89 60
0 45 0 120
0 53 70 0
0 53 0 60
0 53 67 60
0 53 0 60
0 41 80 60
0 41 0 120
0 53 70 0
0 53 0 60
0 53 71 60
0 53 0 60
0 46 88 60
0 46 0 120
0 53 73 0
0 53 0 60
0 53 72 60
0 53 0 60
0 41 82 60
0 41 0 120
0 53 71 0
0 53 0 60
0 53 71 60
0 53 0 60
0 45 89 60
0 45 0 120
0 53 68 0
0 53 0 60
0 53 64 60
0 53 0 60
0 41 75 60
0 41 0 120
0 53 64 0
0 53 0 60
0 53 63 60
0 53 0 60
0 46 77 60
0 46 0 1080
0 48 58 0
0 48 0 360
0 41 52 0
0 41 0 720
0 53 43 0
0 53 0 120
0 54 41 0
0 54 0 120
0 53 38 0
0 53 0 120
0 51 41 0
0 51 0 120
0 49 38 0
0 49 0 120
0 48 38 0
0 48 0 120
0 61 40 0
0 61 0 240
0 46 35 60
0 61 40 60
0 61 0 240
0 46 0 0
0 46 35 60
0 61 40 60
0 61 0 240
0 46 0 0
0 46 35 60
0 61 40 60
0 61 0 240
0 46 0 0
0 46 35 60
0 61 40 60
0 61 0 240
0 46 0 0
0 46 35 60
0 61 40 60
0 61 0 240
0 46 0 0
0 46 35 60
0 61 40 60
0 61 0 240
0 46 0 0
0 46 35 60
0 61 40 60
0 61 0 240
0 46 0 0
0 45 49 120
0 45 0 120
0 53 40 0
0 53 0 60
0 53 42 60
0 53 0 60
0 41 42 60
0 41 0 120
0 53 47 0
0 53 0 60
0 53 50 60
0 53 0 60
0 46 54 60
0 46 0 120
0 53 43 0
0 53 0 60
0 53 46 60
0 53 0 60
0 39 58 60
0 39 0 120
0 54 48 0
0 54 0 60
0 54 48 60
0 54 0 60
0 41 60 60
0 41 0 120
0 53 49 0
0 53 0 60
0 53 46 60
0 53 0 60
0 53 55 60
0 53 0 60
0 53 46 60
0 53 0 60
0 53 46 60
0 53 0 60
0 53 56 60
0 53 0 120
0 54 46 0
0 54 0 120
0 53 48 0
0 53 0 60
0 53 52 60
0 53 0 60
0 53 46 60
0 53 0 60
0 53 40 60
0 53 0 60
0 46 35 0
0 61 40 60
0 61 0 240
0 46 0 0
0 46 36 60
0 61 41 60
0 61 0 240
0 46 0 0
0 46 37 60
0 61 42 60
0 61 0 240
0 46 0 0
0 46 44 60
0 61 53 60
0 61 0 240
0 46 0 0
0 62 69 120
0 51 69 0
0 59 49 120
0 59 0 60
0 59 46 60
0 59 0 60
0 62 0 60
0 59 55 0
0 59 0 60
0 59 46 60
0 59 0 60
0 59 46 60
0 59 0 60
0 62 60 60
0 58 49 120
0 58 0 60
0 58 46 60
0 58 0 60
0 62 0 60
0 63 60 0
0 58 55 0
0 58 0 60
0 58 46 60
0 58 0 60
0 58 46 60
0 58 0 60
0 63 0 60
0 51 0 0
0 54 49 0
0 58 56 0
0 63 55 360
0 63 0 240
0 61 52 0
0 61 0 90
0 58 0 30
0 61 55 0
0 61 0 240
0 60 52 0
0 60 0 90
0 63 55 30
0 63 0 240
0 60 52 0
0 60 0 90
0 54 0 30
0 53 49 0
0 60 55 0
0 60 0 240
0 58 52 0
0 58 0 90
0 61 55 30
0 53 0 360
0 41 41 0
0 61 0 240
0 60 52 0
0 60 0 60
0 41 0 420
0 46 41 0
0 46 0 720
0 53 43 0
0 53 0 120
0 54 41 0
0 54 0 120
0 53 38 0
0 53 0 120
0 51 41 0
0 51 0 120
0 49 38 0
0 49 0 120
0 48 38 0
0 48 0 120
0 46 40 0
0 46 0 240
0 46 40 120
0 46 0 240
0 39 49 120
0 46 39 120
0 46 0 60
0 39 0 60
0 46 38 0
0 46 0 60
0 42 45 60
0 46 45 0
0 46 0 60
0 46 42 60
0 46 0 60
0 42 0 60
0 46 42 0
0 46 0 60
0 46 40 60
0 46 0 240
0 46 40 120
0 46 0 240
0 39 49 120
0 46 39 120
0 46 0 60
0 39 0 60
0 46 38 0
0 46 0 60
0 48 45 60
0 48 0 60
0 48 42 60
0 48 0 60
0 48 48 60
0 48 0 60
0 41 39 60
0 49 46 0
0 49 0 240
0 41 0 0
0 37 39 120
0 49 46 0
0 49 0 240
0 37 0 0
0 42 58 120
0 49 45 120
0 49 0 60
0 42 0 60
0 49 45 0
0 49 0 60
0 46 59 60
0 49 54 0
0 49 0 60
0 49 50 60
0 49 0 60
0 46 0 60
0 49 58 0
0 49 0 60
0 41 47 60
0 49 55 0
0 49 0 240
0 41 0 0
0 37 50 120
0 49 58 0
0 49 0 240
0 37 0 0
0 42 77 120
0 50 61 120
0 50 0 60
0 42 0 60
0 50 61 0
0 50 0 60
0 51 74 60
0 51 0 60
0 51 71 60
0 51 0 60
0 51 71 60
0 51 0 60
0 45 89 60
0 45 0 120
0 53 70 0
0 53 0 60
0 53 67 60
0 53 0 60
0 41 80 60
0 41 0 120
0 53 70 0
0 53 0 60
0 53 71 60
0 53 0 60
0 46 88 60
0 46 0 120
0 53 73 0
0 53 0 60
0 53 72 60
0 53 0 60
0 41 82 60
0 41 0 120
0 53 71 0
0 53 0 60
0 53 71 60
0 53 0 60
0 45 89 60
0 45 0 120
0 53 70 0
0 53 0 60
0 53 67 60
0 53 0 60
0 41 80 60
0 41 0 120
0 53 70 0
0 53 0 60
0 53 71 60
0 53 0 60
0 46 88 60
0 46 0 120
0 53 73 0
0 53 0 60
0 53 72 60
0 53 0 60
0 41 82 60
0 41 0 120
0 53 71 0
0 53 0 60
0 53 71 60
0 53 0 60
0 45 89 60
0 45 0 120
0 53 68 0
0 53 0 60
0 53 64 60
0 53 0 60
0 41 75 60
0 41 0 120
0 53 64 0
0 53 0 60
0 53 63 60
0 53 0 60
0 46 77 60
0 46 0 1080
0 48 58 0
0 48 0 360
0 41 52 0
0 41 0 720
0 53 43 0
0 53 0 120
0 54 41 0
0 54 0 120
0 53 38 0
0 53 0 120
0 51 41 0
0 51 0 120
0 49 38 0
0 49 0 120
0 48 38 0
0 48 0 60
0 46 35 0
0 61 40 60
0 61 0 240
0 46 0 0
0 46 35 60
0 61 40 60
0 61 0 240
0 46 0 0
0 46 35 60
0 61 40 60
0 61 0 240
0 46 0 0
0 46 35 60
0 61 40 60
0 61 0 240
0 46 0 0
0 46 35 60
0 61 40 60
0 61 0 240
0 46 0 0
0 46 35 60
0 61 40 60
0 61 0 240
0 46 0 0
0 46 35 60
0 61 40 60
0 61 0 240
0 46 0 0
0 46 35 60
0 61 40 60
0 61 0 240
0 46 0 0
0 45 49 120
0 45 0 120
0 53 40 0
0 53 0 60
0 53 42 60
0 53 0 60
0 41 42 60
0 41 0 120
0 53 47 0
0 53 0 60
0 53 50 60
0 53 0 60
0 46 54 60
0 46 0 120
0 53 43 0
0 53 0 60
0 53 46 60
0 53 0 60
0 39 58 60
0 39 0 120
0 54 48 0
0 54 0 60
0 54 48 60
0 54 0 60
0 41 60 60
0 41 0 120
0 53 49 0
0 53 0 60
0 53 46 60
0 53 0 60
0 53 55 60
0 53 0 60
0 53 46 60
0 53 0 60
0 53 46 60
0 53 0 60
0 53 56 60
0 53 0 120
0 54 46 0
0 54 0 120
0 53 48 0
0 53 0 60
0 53 52 60
0 53 0 60
0 53 46 60
0 53 0 60
0 53 40 60
0 53 0 60
0 50 49 60
0 50 0 120
0 58 39 0
0 58 0 60
0 58 39 60
0 58 0 60
0 46 48 60
0 46 0 60
0 58 40 60
0 58 0 60
0 58 40 60
0 58 0 60
0 51 49 60
0 51 0 120
0 58 39 0
0 58 0 60
0 58 39 60
0 58 0 60
0 46 48 60
0 46 0 60
0 58 40 60
0 58 0 60
0 58 40 60
0 58 0 60
0 50 63 60
0 50 0 120
0 58 50 0
0 58 0 60
0 58 50 60
0 58 0 60
0 46 62 60
0 46 0 60
0 58 52 60
0 58 0 60
0 58 52 60
0 58 0 60
0 51 63 60
0 51 0 120
0 58 50 0
0 58 0 60
0 58 50 60
0 58 0 60
0 58 62 60
0 58 0 60
0 58 52 60
0 58 0 60
0 58 52 60
0 58 0 60
0 60 65 60
0 58 55 0
0 52 55 0
0 52 0 60
0 58 0 0
0 60 0 0
0 52 44 60
0 58 44 0
0 60 52 0
0 60 0 60
0 58 0 0
0 52 0 0
0 52 44 60
0 58 44 0
0 60 52 0
0 60 0 60
0 58 0 0
0 52 0 0
0 60 59 60
0 58 50 0
0 52 50 0
0 52 0 60
0 58 0 0
0 60 0 0
0 52 44 60
0 58 44 0
0 60 52 0
0 60 0 60
0 58 0 0
0 52 0 0
0 52 44 60
0 58 44 0
0 60 52 0
0 60 0 60
0 58 0 0
0 52 0 0
0 51 65 60
0 51 0 120
0 53 37 0
0 57 37 0
0 60 52 0
0 60 0 60
0 57 0 0
0 53 0 0
0 53 37 60
0 57 37 0
0 60 52 0
0 60 0 60
0 57 0 0
0 53 0 0
0 50 59 60
0 50 0 120
0 53 37 0
0 58 52 0
0 58 0 60
0 53 0 0
0 53 37 60
0 58 52 0
0 58 0 60
0 53 0 0
0 48 65 60
0 48 0 120
0 55 37 0
0 58 37 0
0 60 52 0
0 60 0 60
0 58 0 0
0 55 0 0
0 55 37 60
0 58 37 0
0 60 52 0
0 60 0 60
0 58 0 0
0 55 0 0
0 51 59 60
0 51 0 120
0 57 37 0
0 53 37 0
0 60 52 0
0 60 0 60
0 53 0 0
0 57 0 0
0 57 37 60
0 53 37 0
0 60 52 0
0 60 0 60
0 53 0 0
0 57 0 0
0 50 61 60
0 50 0 120
0 58 53 0
0 62 53 0
0 62 0 60
0 58 0 0
0 62 52 60
0 58 52 0
0 58 0 60
0 62 0 0
0 58 60 60
0 62 60 0
0 62 0 60
0 58 0 0
0 62 55 60
0 58 55 0
0 58 0 60
0 62 0 0
0 62 56 60
0 58 56 0
0 58 0 60
0 62 0 0
0 62 67 60
0 58 64 0
0 58 0 120
0 62 0 0
0 58 58 0
0 62 58 0
0 62 0 60
0 58 0 0
0 62 57 60
0 58 57 0
0 58 0 60
0 62 0 0
0 58 66 60
0 62 66 0
0 62 0 60
0 58 0 0
0 62 60 60
0 58 60 0
0 58 0 60
0 62 0 0
0 62 61 60
0 58 61 0
0 58 0 60
0 62 0 0
0 51 70 60
0 61 73 0
0 58 70 0
0 58 0 120
0 61 0 0
0 51 0 0
0 51 62 0
0 58 62 0
0 61 62 0
0 61 0 60
0 58 0 0
0 51 0 0
0 51 61 60
0 61 61 0
0 58 61 0
0 58 0 60
0 61 0 0
0 51 0 0
0 51 68 60
0 58 68 0
0 61 68 0
0 61 0 60
0 58 0 0
0 51 0 0
0 51 62 60
0 61 62 0
0 58 62 0
0 58 0 60
0 61 0 0
0 51 0 0
0 51 62 60
0 61 62 0
0 58 62 0
0 58 0 60
0 61 0 0
0 51 0 0
0 60 65 60
0 58 55 0
0 52 55 0
0 52 0 60
0 58 0 0
0 60 0 0
0 52 44 60
0 58 44 0
0 60 52 0
0 60 0 60
0 58 0 0
0 52 0 0
0 52 44 60
0 58 44 0
0 60 52 0
0 60 0 60
0 58 0 0
0 52 0 0
0 60 59 60
0 58 50 0
0 52 50 0
0 52 0 60
0 58 0 0
0 60 0 0
0 52 44 60
0 58 44 0
0 60 52 0
0 60 0 60
0 58 0 0
0 52 0 0
0 52 44 60
0 58 44 0
0 60 52 0
0 60 0 60
0 58 0 0
0 52 0 0
0 51 65 60
0 51 0 120
0 53 31 0
0 57 31 0
0 60 44 0
0 60 0 60
0 57 0 0
0 53 0 0
0 53 31 60
0 57 31 0
0 60 44 0
0 60 0 60
0 57 0 0
0 53 0 0
0 50 59 60
0 50 0 120
0 53 37 0
0 58 52 0
0 58 0 60
0 53 0 0
0 53 37 60
0 58 52 0
0 58 0 60
0 53 0 0
0 48 65 60
0 48 0 120
0 55 31 0
0 58 31 0
0 60 44 0
0 60 0 60
0 58 0 0
0 55 0 0
0 55 31 60
0 58 31 0
0 60 44 0
0 60 0 60
0 58 0 0
0 55 0 0
0 53 59 60
0 53 0 120
0 60 31 0
0 57 31 0
0 63 44 0
0 63 0 60
0 57 0 0
0 60 0 0
0 63 42 60
0 57 35 0
0 60 35 0
0 60 0 60
0 57 0 0
0 63 0 0
0 58 53 60
0 58 0 120
0 62 45 0
0 62 0 60
0 62 45 60
0 62 0 60
0 50 53 60
0 50 0 120
0 53 45 0
0 53 0 60
0 53 49 60
0 53 0 60
0 45 55 60
0 45 0 240
0 29 45 120
0 41 45 0
0 41 0 240
0 29 0 0
0 34 59 120
0 46 59 0
0 46 0 240
0 34 0 0
0 38 50 120
0 50 50 0
0 50 0 240
0 38 0 0
0 33 66 120
0 45 66 0
0 45 0 240
0 33 0 0
0 29 55 120
0 41 55 0
0 41 0 240
0 29 0 0
0 34 73 120
0 46 73 0
0 46 0 240
0 34 0 0
0 38 61 120
0 50 61 0
0 50 0 240
0 38 0 0
0 45 70 120
0 45 0 120
0 51 60 0
0 53 60 0
0 53 0 60
0 51 0 0
0 53 59 60
0 51 59 0
0 51 0 60
0 53 0 0
0 50 75 60
0 50 0 120
0 53 63 0
0 51 63 0
0 51 0 60
0 53 0 0
0 53 67 60
0 51 67 0
0 51 0 60
0 53 0 0
0 48 75 60
0 48 0 120
0 51 64 0
0 53 64 0
0 53 0 60
0 51 0 0
0 53 64 60
0 51 64 0
0 51 0 60
0 53 0 0
0 50 81 60
0 50 0 120
0 53 68 0
0 51 68 0
0 51 0 60
0 53 0 0
0 53 72 60
0 51 72 0
0 51 0 60
0 53 0 0
0 45 81 60
0 45 0 120
0 51 69 0
0 53 69 0
0 53 0 60
0 51 0 0
0 53 69 60
0 51 69 0
0 51 0 60
0 53 0 0
0 43 86 60
0 43 0 120
0 55 72 0
0 51 72 0
0 51 0 60
0 55 0 0
0 55 74 60
0 51 74 0
0 51 0 60
0 55 0 0
0 41 79 60
0 41 0 120
0 57 78 0
0 51 66 0
0 48 66 0
0 48 0 90
0 51 0 0
0 57 0 0
0 57 78 30
0 51 66 0
0 48 66 0
0 48 0 90
0 51 0 0
0 57 0 0
0 48 73 30
0 51 73 0
0 57 86 0
0 57 0 90
0 51 0 0
0 48 0 0
0 57 79 30
0 51 67 0
0 48 67 0
0 48 0 90
0 51 0 0
0 57 0 0
0 57 79 30
0 51 67 0
0 48 67 0
0 48 0 90
0 51 0 0
0 57 0 0
0 48 73 30
0 51 73 0
0 57 86 0
0 57 0 90
0 51 0 0
0 48 0 0
0 57 80 30
0 51 68 0
0 48 68 0
0 48 0 90
0 51 0 0
0 57 0 0
0 57 80 30
0 51 68 0
0 48 68 0
0 48 0 90
0 51 0 0
0 57 0 0
0 48 73 30
0 51 73 0
0 57 86 0
0 57 0 90
0 51 0 0
0 48 0 0
0 57 81 30
0 51 68 0
0 48 68 0
0 48 0 90
0 51 0 0
0 57 0 0
0 57 81 30
0 51 68 0
0 48 68 0
0 48 0 90
0 51 0 0
0 57 0 0
0 41 73 30
0 51 86 0
0 51 0 90
0 41 0 0
0 51 81 30
0 41 68 0
0 41 0 90
0 51 0 0
0 51 82 30
0 41 69 0
0 41 0 90
0 51 0 0
0 41 73 30
0 51 86 0
0 51 0 90
0 41 0 0
0 51 81 30
0 41 68 0
0 41 0 90
0 51 0 0
0 51 81 30
0 41 68 0
0 41 0 90
0 51 0 0
0 46 73 30
0 50 86 0
0 50 0 180
0 46 0 0
0 46 73 180
0 50 86 0
0 50 0 180
0 46 0 0
0 46 73 180
0 50 86 0
0 50 0 180
0 46 0 0
0 46 73 180
0 53 73 0
0 58 86 0
0 58 0 180
0 53 0 0
0 46 0 0
0 46 73 180
0 53 73 0
0 58 86 0
0 58 0 240
0 53 0 0
0 46 0 0
0 53 73 480
0 58 73 0
0 62 86 0
0 62 0 240
0 58 0 0
0 53 0 0
0 34 107 480
0 34 0 240
