0 66 50 1200
0 66 0 120
0 66 56 120
0 66 0 240
0 68 58 0
0 68 0 60
0 70 59 60
0 70 0 60
0 71 63 60
0 71 0 60
0 73 66 60
0 73 0 60
0 74 74 60
0 74 0 240
0 70 63 0
0 70 0 240
0 71 64 0
0 71 0 240
0 76 76 0
0 76 0 240
0 70 66 0
0 70 0 240
0 71 71 0
0 71 0 240
0 73 81 0
0 73 0 480
0 79 85 0
0 79 0 240
0 78 93 0
0 78 0 360
0 76 81 0
0 76 0 60
0 74 86 60
0 74 0 60
0 73 86 60
0 73 0 60
0 76 92 60
0 76 0 360
0 74 75 0
0 74 0 60
0 73 75 60
0 73 0 60
0 71 84 60
0 71 0 60
0 69 90 60
0 69 0 360
0 68 68 0
0 68 0 60
0 66 66 60
0 66 0 60
0 65 72 60
0 65 0 60
0 65 78 60
0 65 0 240
0 66 64 0
0 66 0 210
0 66 61 30
0 66 0 120
0 66 56 120
0 66 0 240
0 68 58 0
0 68 0 60
0 70 59 60
0 70 0 60
0 71 63 60
0 71 0 60
0 73 66 60
0 73 0 60
0 74 74 60
0 74 0 240
0 70 63 0
0 70 0 240
0 71 65 0
0 71 0 240
0 77 78 0
0 77 0 240
0 72 67 0
0 72 0 240
0 73 73 0
0 73 0 240
0 78 86 0
0 78 0 480
0 78 85 0
0 78 0 240
0 76 93 0
0 76 0 360
0 74 81 0
0 74 0 60
0 73 86 60
0 73 0 60
0 74 86 60
0 74 0 60
0 73 81 60
0 73 0 480
0 78 85 0
0 78 0 240
0 76 93 0
0 76 0 360
0 74 81 0
0 74 0 60
0 73 86 60
0 73 0 60
0 74 86 60
0 74 0 60
0 73 93 60
0 73 0 360
0 66 51 0
0 66 0 60
0 65 53 60
0 65 0 60
0 66 56 60
0 66 0 60
0 68 58 60
0 66 49 0
0 62 49 0
0 62 0 360
0 66 0 0
0 68 0 0
0 68 56 0
0 68 0 60
0 66 59 60
0 66 0 60
0 68 62 60
0 68 0 60
0 66 56 60
0 69 66 0
0 69 0 300
0 66 0 0
0 71 61 40
0 71 0 20
0 69 61 0
0 69 0 60
0 68 62 60
0 68 0 60
0 69 66 60
0 69 0 60
0 71 72 60
0 66 61 0
0 66 0 360
0 71 0 0
0 71 63 0
0 71 0 60
0 69 67 60
0 69 0 60
0 71 68 60
0 71 0 60
0 73 73 60
0 69 62 0
0 66 62 0
0 66 0 300
0 69 0 0
0 73 0 0
0 74 68 40
0 74 0 20
0 73 68 0
0 73 0 60
0 72 70 60
0 72 0 60
0 73 73 60
0 73 0 60
0 68 69 60
0 73 69 0
0 77 82 0
0 77 0 360
0 73 0 0
0 68 0 0
0 77 73 0
0 77 0 60
0 75 78 60
0 75 0 60
0 77 83 60
0 77 0 60
0 78 93 60
0 78 0 960
0 76 87 0
0 76 0 240
0 74 90 0
0 74 0 210
0 74 98 30
0 74 0 240
0 71 87 0
0 71 0 240
0 67 77 0
0 67 0 240
0 64 78 0
0 64 0 480
0 69 78 0
0 69 0 240
0 66 78 0
0 66 0 360
0 66 82 0
0 66 0 60
0 69 85 60
0 69 0 60
0 74 91 60
0 74 0 60
0 78 93 60
0 78 0 240
0 76 87 0
0 76 0 240
0 74 90 0
0 74 0 210
0 74 98 30
0 74 0 240
0 71 81 0
0 71 0 240
0 67 66 0
0 67 0 240
0 64 62 0
0 64 0 480
0 67 62 0
0 67 0 240
0 62 62 0
0 62 0 480
0 67 52 0
0 67 0 240
0 64 52 0
0 64 0 480
0 67 52 0
0 67 0 240
0 62 52 0
0 62 0 480
0 66 50 720
0 66 0 120
0 66 56 120
0 66 0 240
0 68 58 0
0 68 0 60
0 70 59 60
0 70 0 60
0 71 63 60
0 71 0 60
0 73 66 60
0 73 0 60
0 74 74 60
0 74 0 240
0 70 63 0
0 70 0 240
0 71 64 0
0 71 0 240
0 76 76 0
0 76 0 240
0 70 66 0
0 70 0 240
0 71 71 0
0 71 0 240
0 73 81 0
0 73 0 480
0 79 85 0
0 79 0 240
0 78 93 0
0 78 0 360
0 76 81 0
0 76 0 60
0 74 86 60
0 74 0 60
0 73 86 60
0 73 0 60
0 76 92 60
0 76 0 360
0 74 75 0
0 74 0 60
0 73 75 60
0 73 0 60
0 71 84 60
0 71 0 60
0 69 90 60
0 69 0 360
0 68 68 0
0 68 0 60
0 66 66 60
0 66 0 60
0 65 72 60
0 65 0 60
0 65 78 60
0 65 0 240
0 66 64 0
0 66 0 210
0 66 61 30
0 66 0 120
0 66 56 120
0 66 0 240
0 68 58 0
0 68 0 60
0 70 59 60
0 70 0 60
0 71 63 60
0 71 0 60
0 73 66 60
0 73 0 60
0 74 74 60
0 74 0 240
0 70 63 0
0 70 0 240
0 71 65 0
0 71 0 240
0 77 78 0
0 77 0 240
0 72 67 0
0 72 0 240
0 73 73 0
0 73 0 240
0 78 86 0
0 78 0 480
0 78 85 0
0 78 0 240
0 76 93 0
0 76 0 360
0 74 81 0
0 74 0 60
0 73 86 60
0 73 0 60
0 74 86 60
0 74 0 60
0 73 81 60
0 73 0 480
0 78 85 0
0 78 0 240
0 76 93 0
0 76 0 360
0 74 81 0
0 74 0 60
0 73 86 60
0 73 0 60
0 74 86 60
0 74 0 60
0 73 93 60
0 73 0 360
0 66 51 0
0 66 0 60
0 65 53 60
0 65 0 60
0 66 56 60
0 66 0 60
0 68 58 60
0 66 49 0
0 62 49 0
0 62 0 360
0 66 0 0
0 68 0 0
0 68 56 0
0 68 0 60
0 66 59 60
0 66 0 60
0 68 62 60
0 68 0 60
0 66 56 60
0 69 66 0
0 69 0 300
0 66 0 0
0 71 61 40
0 71 0 20
0 69 61 0
0 69 0 60
0 68 62 60
0 68 0 60
0 69 66 60
0 69 0 60
0 71 72 60
0 66 61 0
0 66 0 360
0 71 0 0
0 71 63 0
0 71 0 60
0 69 67 60
0 69 0 60
0 71 68 60
0 71 0 60
0 73 73 60
0 69 62 0
0 66 62 0
0 66 0 300
0 69 0 0
0 73 0 0
0 74 68 40
0 74 0 20
0 73 68 0
0 73 0 60
0 72 70 60
0 72 0 60
0 73 73 60
0 73 0 60
0 68 69 60
0 73 69 0
0 77 82 0
0 77 0 360
0 73 0 0
0 68 0 0
0 77 73 0
0 77 0 60
0 75 78 60
0 75 0 60
0 77 83 60
0 77 0 60
0 78 93 60
0 78 0 960
0 76 87 0
0 76 0 240
0 74 90 0
0 74 0 210
0 74 98 30
0 74 0 240
0 71 87 0
0 71 0 240
0 67 77 0
0 67 0 240
0 64 78 0
0 64 0 480
0 69 78 0
0 69 0 240
0 66 78 0
0 66 0 360
0 66 82 0
0 66 0 60
0 69 85 60
0 69 0 60
0 74 91 60
0 74 0 60
0 78 93 60
0 78 0 240
0 76 87 0
0 76 0 240
0 74 90 0
0 74 0 210
0 74 98 30
0 74 0 240
0 71 81 0
0 71 0 240
0 67 66 0
0 67 0 240
0 64 62 0
0 64 0 480
0 67 62 0
0 67 0 240
0 62 62 0
0 62 0 480
0 67 52 0
0 67 0 240
0 64 52 0
0 64 0 480
0 67 52 0
0 67 0 240
0 62 52 0
0 62 0 480
0 67 52 0
0 67 0 240
0 63 52 0
0 63 0 480
0 67 52 0
0 67 0 240
0 64 57 0
0 64 0 480
0 68 64 0
0 68 0 240
0 71 77 0
0 71 0 240
0 68 72 0
0 68 0 240
0 64 74 0
0 64 0 240
0 64 72 0
0 64 0 480
0 69 52 0
0 69 0 240
0 65 62 0
0 65 0 480
0 69 65 0
0 69 0 240
0 66 73 0
0 66 0 480
0 70 72 0
0 70 0 240
0 73 83 0
0 73 0 240
0 70 75 0
0 70 0 240
0 66 74 0
0 66 0 230
0 66 70 10
0 66 0 480
0 71 70 0
0 71 0 230
0 71 70 10
0 71 0 470
0 71 70 10
0 71 0 230
0 71 79 10
0 71 0 240
0 73 76 0
0 73 0 60
0 75 77 60
0 75 0 60
0 76 79 60
0 76 0 60
0 78 83 60
0 78 0 60
0 79 85 60
0 67 85 0
0 79 0 720
0 76 85 0
0 76 0 240
0 67 0 0
0 67 70 240
0 67 0 230
0 67 70 10
0 67 0 470
0 67 70 10
0 67 0 230
0 67 79 10
0 67 0 240
0 69 76 0
0 69 0 60
0 71 77 60
0 71 0 60
0 72 79 60
0 72 0 60
0 74 83 60
0 74 0 60
0 76 85 60
0 64 85 0
0 76 0 720
0 72 85 0
0 72 0 240
0 64 0 0
0 72 70 240
0 72 0 230
0 71 79 10
0 71 0 240
0 73 78 0
0 73 0 60
0 75 84 60
0 75 0 60
0 76 85 60
0 76 0 60
0 78 87 60
0 78 0 60
0 79 94 60
0 79 0 240
0 76 87 0
0 76 0 240
0 72 87 0
0 72 0 240
0 79 94 0
0 79 0 240
0 76 86 0
0 76 0 240
0 71 84 0
0 71 0 240
0 79 89 0
0 79 0 240
0 76 81 0
0 76 0 240
0 70 80 0
0 70 0 240
0 78 84 0
0 78 0 240
0 74 77 0
0 74 0 240
0 71 75 0
0 71 0 240
0 74 79 0
0 74 0 240
0 71 73 0
0 71 0 240
0 67 71 0
0 67 0 240
0 71 70 0
0 71 0 240
0 67 59 0
0 67 0 240
0 62 54 0
0 62 0 240
0 67 52 0
0 67 0 240
0 62 48 0
0 62 0 240
0 59 48 0
0 59 0 240
0 62 52 0
0 62 0 240
0 59 48 0
0 59 0 240
0 53 48 0
0 53 0 240
0 54 52 0
0 54 0 180
0 70 62 60
0 58 52 0
0 58 0 60
0 70 0 0
0 71 65 60
0 59 55 0
0 59 0 60
0 71 0 0
0 73 67 60
0 61 56 0
0 61 0 60
0 73 0 0
0 74 70 60
0 62 59 0
0 62 0 60
0 74 0 0
0 64 66 60
0 76 78 0
0 76 0 720
0 64 0 0
0 66 59 120
0 78 71 0
0 78 0 60
0 66 0 0
0 82 71 60
0 70 59 0
0 70 0 60
0 82 0 0
0 83 74 60
0 71 63 0
0 71 0 60
0 83 0 0
0 85 77 60
0 73 64 0
0 73 0 60
0 85 0 0
0 86 80 60
0 74 67 0
0 74 0 60
0 86 0 0
0 76 75 60
0 88 89 0
0 88 0 810
0 76 0 0
0 66 53 30
0 66 0 120
0 70 53 0
0 70 0 120
0 71 53 0
0 71 0 120
0 73 55 0
0 73 0 120
0 74 56 0
0 74 0 120
0 76 57 0
0 76 0 110
0 66 51 10
0 66 0 120
0 70 51 0
0 70 0 120
0 71 53 0
0 71 0 120
0 73 54 0
0 73 0 120
0 74 55 0
0 74 0 120
0 76 58 0
0 76 0 110
0 70 56 10
0 70 0 120
0 73 56 0
0 73 0 120
0 74 57 0
0 74 0 120
0 76 63 0
0 76 0 120
0 78 67 0
0 78 0 120
0 79 68 0
0 79 0 110
0 70 62 10
0 70 0 120
0 73 63 0
0 73 0 120
0 74 67 0
0 74 0 120
0 76 68 0
0 76 0 120
0 78 71 0
0 78 0 120
0 79 70 0
0 79 0 120
0 78 64 0
0 78 0 120
0 76 70 0
0 76 0 120
0 74 66 0
0 74 0 120
0 73 70 0
0 73 0 120
0 74 69 0
0 74 0 120
0 76 76 0
0 76 0 120
0 74 63 0
0 74 0 120
0 73 66 0
0 73 0 120
0 71 59 0
0 71 0 120
0 70 63 0
0 70 0 120
0 71 59 0
0 71 0 120
0 73 62 0
0 73 0 120
0 70 50 0
0 70 0 120
0 67 59 0
0 67 0 120
0 66 51 0
0 66 0 120
0 64 58 0
0 64 0 120
0 66 51 0
0 66 0 120
0 67 55 0
0 67 0 120
0 64 48 0
0 64 0 120
0 61 51 0
0 61 0 120
0 59 48 0
0 59 0 120
0 58 48 0
0 66 50 0
0 58 0 120
0 59 48 0
0 66 0 60
0 59 0 60
0 66 56 0
0 66 0 240
0 68 58 0
0 68 0 60
0 70 59 60
0 70 0 60
0 71 63 60
0 71 0 60
0 73 66 60
0 73 0 60
0 74 74 60
0 74 0 240
0 70 63 0
0 70 0 240
0 71 64 0
0 71 0 240
0 76 68 0
0 76 0 240
0 70 59 0
0 70 0 240
0 71 63 0
0 71 0 240
0 73 72 0
0 73 0 480
0 66 61 0
0 66 0 180
0 66 64 60
0 66 0 240
0 68 66 0
0 68 0 60
0 70 67 60
0 70 0 60
0 71 72 60
0 71 0 60
0 73 75 60
0 73 0 60
0 74 85 60
0 74 0 240
0 70 72 0
0 70 0 240
0 71 73 0
0 71 0 240
0 76 87 0
0 76 0 240
0 70 75 0
0 70 0 240
0 71 81 0
0 71 0 240
0 73 93 0
0 73 0 480
0 66 81 0
0 66 0 180
0 66 89 60
0 66 0 235
0 68 84 5
0 68 0 60
0 70 85 60
0 70 0 60
0 71 89 60
0 71 0 60
0 73 93 60
0 73 0 60
0 66 82 60
0 74 97 0
0 74 0 240
0 66 0 0
0 64 65 0
0 70 77 0
0 70 0 240
0 64 0 0
0 62 72 0
0 71 85 0
0 71 0 240
0 62 0 0
0 60 73 0
0 66 87 0
0 66 0 240
0 60 0 0
0 59 65 0
0 67 77 0
0 67 0 240
0 59 0 0
0 60 72 0
0 66 85 0
0 66 0 240
0 60 0 0
0 59 73 0
0 67 87 0
0 67 0 240
0 59 0 0
0 65 74 0
0 71 88 0
0 71 0 240
0 65 0 0
0 64 72 0
0 73 85 0
0 73 0 240
0 64 0 0
0 62 73 0
0 68 87 0
0 68 0 240
0 62 0 0
0 61 65 0
0 69 77 0
0 69 0 240
0 61 0 0
0 62 72 0
0 68 85 0
0 68 0 240
0 62 0 0
0 61 73 0
0 69 87 0
0 69 0 240
0 61 0 0
0 71 74 0
0 77 88 0
0 77 0 240
0 71 0 0
0 69 72 0
0 78 85 0
0 78 0 240
0 69 0 0
0 67 73 0
0 73 87 0
0 73 0 240
0 67 0 0
0 66 65 0
0 74 77 0
0 74 0 240
0 66 0 0
0 67 72 0
0 73 85 0
0 73 0 240
0 67 0 0
0 66 73 0
0 74 87 0
0 74 0 240
0 66 0 0
0 58 74 0
0 70 88 0
0 70 0 240
0 58 0 0
0 59 72 0
0 71 85 0
0 71 0 240
0 59 0 0
0 61 73 0
0 73 87 0
0 73 0 240
0 61 0 0
0 62 74 0
0 74 88 0
0 74 0 240
0 62 0 0
0 64 73 0
0 76 86 0
0 76 0 240
0 64 0 0
0 66 75 0
0 78 89 0
0 78 0 240
0 66 0 0
0 65 77 0
0 77 92 0
0 77 0 240
0 65 0 0
0 66 76 0
0 78 90 0
0 78 0 240
0 66 0 0
0 67 79 0
0 79 94 0
0 79 0 240
0 67 0 0
0 68 81 0
0 80 96 0
0 80 0 240
0 68 0 0
0 70 80 0
0 82 94 0
0 82 0 240
0 70 0 0
0 83 102 0
0 83 0 960
0 81 95 0
0 81 0 240
0 79 99 0
0 79 0 210
0 79 107 30
0 79 0 240
0 76 95 0
0 76 0 240
0 72 84 0
0 72 0 240
0 69 85 0
0 69 0 480
0 74 85 0
0 74 0 240
0 71 85 0
0 71 0 360
0 71 90 0
0 71 0 60
0 74 93 60
0 74 0 60
0 79 100 60
0 79 0 60
0 83 102 60
0 83 0 240
0 81 95 0
0 81 0 240
0 79 99 0
0 79 0 210
0 79 107 30
0 79 0 240
0 76 86 0
0 76 0 240
0 72 68 0
0 72 0 240
0 69 62 0
0 69 0 480
0 72 62 0
0 72 0 240
0 67 62 0
0 67 0 480
0 72 52 0
0 72 0 240
0 69 52 0
0 69 0 480
0 72 52 0
0 72 0 240
0 67 52 0
0 67 0 480
0 72 57 720
0 72 0 240
0 71 63 0
0 71 0 480
0 69 57 0
0 69 0 240
0 68 62 0
0 68 0 480
0 67 57 0
0 67 0 240
0 66 62 0
0 66 0 240
0 70 67 0
0 70 0 240
0 73 70 0
0 73 0 240
0 76 84 0
0 76 0 240
0 75 77 0
0 75 0 240
0 72 70 0
0 72 0 240
0 71 73 0
0 71 0 480
0 69 66 0
0 69 0 240
0 68 61 0
0 68 0 480
0 67 61 0
0 67 0 240
0 66 62 0
0 66 0 240
0 70 67 0
0 70 0 240
0 73 70 0
0 73 0 240
0 76 85 0
0 76 0 240
0 75 77 0
0 75 0 240
0 72 73 0
0 72 0 240
0 71 85 0
0 71 0 960
0 74 73 240
0 74 0 240
0 73 85 0
0 73 0 960
0 76 73 240
0 76 0 240
0 74 85 0
0 74 0 240
0 76 84 0
0 66 71 0
0 66 0 60
0 76 0 0
0 66 62 60
0 74 74 0
0 74 0 60
0 66 0 0
0 73 82 60
0 66 69 0
0 66 0 60
0 73 0 0
0 71 79 60
0 66 67 0
0 66 0 60
0 71 0 0
0 79 85 60
0 79 0 120
0 70 84 120
0 67 71 0
0 67 0 360
0 70 0 0
0 71 79 0
0 66 67 0
0 66 0 110
0 71 0 0
0 66 67 10
0 71 79 0
0 71 0 120
0 66 0 0
0 63 55 0
0 72 55 0
0 69 55 0
0 66 55 0
0 66 0 60
0 63 0 0
0 72 0 0
0 69 0 0
0 63 48 60
0 66 48 0
0 69 48 0
0 72 48 0
0 72 0 60
0 63 0 0
0 66 0 0
0 69 0 0
0 63 59 60
0 72 59 0
0 69 59 0
0 66 59 0
0 66 0 60
0 63 0 0
0 72 0 0
0 69 0 0
0 63 54 60
0 66 54 0
0 69 54 0
0 72 54 0
0 72 0 60
0 63 0 0
0 66 0 0
0 69 0 0
0 63 66 60
0 72 66 0
0 69 66 0
0 66 66 0
0 66 0 60
0 63 0 0
0 72 0 0
0 69 0 0
0 63 59 60
0 66 59 0
0 69 59 0
0 72 59 0
0 72 0 60
0 63 0 0
0 66 0 0
0 69 0 0
0 63 70 60
0 72 70 0
0 69 70 0
0 66 70 0
0 66 0 60
0 63 0 0
0 72 0 0
0 69 0 0
0 63 61 60
0 66 61 0
0 69 61 0
0 72 61 0
0 72 0 60
0 63 0 0
0 66 0 0
0 69 0 0
0 63 72 60
0 72 72 0
0 69 72 0
0 66 72 0
0 66 0 60
0 63 0 0
0 72 0 0
0 69 0 0
0 63 62 60
0 66 62 0
0 69 62 0
0 72 62 0
0 72 0 60
0 63 0 0
0 66 0 0
0 69 0 0
0 63 74 60
0 72 74 0
0 69 74 0
0 66 74 0
0 66 0 60
0 63 0 0
0 72 0 0
0 69 0 0
0 64 82 60
0 68 82 0
0 71 97 0
0 71 0 240
0 68 0 0
0 64 0 0
0 67 81 0
0 73 96 0
0 70 81 0
0 70 0 60
0 73 0 0
0 67 0 0
0 67 71 60
0 70 71 0
0 74 85 0
0 74 0 60
0 70 0 0
0 67 0 0
0 67 79 60
0 76 94 0
0 70 79 0
0 70 0 60
0 76 0 0
0 67 0 0
0 67 77 60
0 78 90 0
0 69 77 0
0 69 0 60
0 78 0 0
0 67 0 0
0 67 82 60
0 70 82 0
0 79 97 0
0 79 0 120
0 70 0 0
0 67 0 0
0 64 71 120
0 70 84 0
0 66 71 0
0 66 0 357
0 70 0 3
0 64 0 0
0 62 67 0
0 71 79 0
0 66 67 0
0 66 0 110
0 71 0 0
0 62 0 0
0 62 67 10
0 66 67 0
0 71 79 0
0 71 0 120
0 66 0 0
0 62 0 0
0 63 55 0
0 72 55 0
0 69 55 0
0 66 55 0
0 66 0 60
0 63 0 0
0 72 0 0
0 69 0 0
0 63 48 60
0 66 48 0
0 69 48 0
0 72 48 0
0 72 0 60
0 63 0 0
0 66 0 0
0 69 0 0
0 63 59 60
0 72 59 0
0 69 59 0
0 66 59 0
0 66 0 60
0 63 0 0
0 72 0 0
0 69 0 0
0 63 54 60
0 66 54 0
0 69 54 0
0 72 54 0
0 72 0 60
0 63 0 0
0 66 0 0
0 69 0 0
0 63 66 60
0 72 66 0
0 69 66 0
0 66 66 0
0 66 0 60
0 63 0 0
0 72 0 0
0 69 0 0
0 63 59 60
0 66 59 0
0 69 59 0
0 72 59 0
0 72 0 60
0 63 0 0
0 66 0 0
0 69 0 0
0 63 70 60
0 72 70 0
0 69 70 0
0 66 70 0
0 66 0 60
0 63 0 0
0 72 0 0
0 69 0 0
0 63 61 60
0 66 61 0
0 69 61 0
0 72 61 0
0 72 0 60
0 63 0 0
0 66 0 0
0 69 0 0
0 63 73 60
0 72 73 0
0 69 73 0
0 66 73 0
0 66 0 60
0 63 0 0
0 72 0 0
0 69 0 0
0 63 62 60
0 66 62 0
0 69 62 0
0 72 62 0
0 72 0 60
0 63 0 0
0 66 0 0
0 69 0 0
0 63 75 60
0 72 75 0
0 69 75 0
0 66 75 0
0 66 0 60
0 63 0 0
0 72 0 0
0 69 0 0
0 64 82 60
0 68 82 0
0 71 97 0
0 71 0 240
0 68 0 0
0 64 0 0
0 67 81 0
0 73 96 0
0 70 81 0
0 70 0 60
0 73 0 0
0 67 0 0
0 67 71 60
0 70 71 0
0 74 85 0
0 74 0 60
0 70 0 0
0 67 0 0
0 67 79 60
0 76 94 0
0 70 79 0
0 70 0 60
0 76 0 0
0 67 0 0
0 67 77 60
0 78 90 0
0 70 77 0
0 70 0 60
0 78 0 0
0 67 0 0
0 67 82 60
0 70 82 0
0 79 97 0
0 79 0 120
0 70 0 0
0 67 0 0
0 64 71 120
0 70 84 0
0 66 71 0
0 66 0 477
0 70 0 3
0 64 0 0
0 62 80 0
0 66 80 0
0 71 94 0
0 71 0 120
0 66 0 0
0 62 0 0
0 67 81 120
0 73 96 0
0 70 81 0
0 70 0 60
0 73 0 0
0 67 0 0
0 67 71 60
0 70 71 0
0 74 85 0
0 74 0 60
0 70 0 0
0 67 0 0
0 67 79 60
0 76 94 0
0 70 79 0
0 70 0 60
0 76 0 0
0 67 0 0
0 67 77 60
0 78 90 0
0 70 77 0
0 70 0 60
0 78 0 0
0 67 0 0
0 67 82 60
0 70 82 0
0 79 97 0
0 79 0 120
0 70 0 0
0 67 0 0
0 64 81 120
0 70 96 0
0 66 81 0
0 66 0 477
0 70 0 3
0 64 0 0
0 62 92 0
0 66 92 0
0 71 108 0
0 71 0 120
0 66 0 0
0 62 0 0
0 67 89 120
0 73 105 0
0 70 89 0
0 70 0 60
0 73 0 0
0 67 0 0
0 67 78 60
0 70 78 0
0 74 93 0
0 74 0 60
0 70 0 0
0 67 0 0
0 67 86 60
0 76 103 0
0 70 86 0
0 70 0 60
0 76 0 0
0 67 0 0
0 67 83 60
0 78 98 0
0 70 83 0
0 70 0 60
0 78 0 0
0 67 0 0
0 73 90 60
0 76 90 0
0 67 90 0
0 70 90 0
0 79 106 0
0 79 0 450
0 67 0 0
0 73 0 0
0 76 0 0
0 70 0 0
0 61 81 30
0 64 81 0
0 66 81 0
0 70 96 0
0 70 0 120
0 61 0 0
0 64 0 0
0 66 0 0
0 59 92 120
0 62 92 0
0 66 92 0
0 71 108 0
0 71 0 120
0 59 0 0
0 62 0 0
0 66 0 0
0 64 46 2520
0 67 55 0
0 67 0 60
0 64 0 0
0 64 39 60
0 67 47 0
0 67 0 60
0 64 0 0
0 66 49 60
0 62 49 0
0 62 0 60
0 66 0 0
0 62 45 60
0 66 45 0
0 66 0 60
0 62 0 0
0 70 62 60
0 64 52 0
0 64 0 60
0 70 0 0
0 64 49 60
0 70 58 0
0 70 0 60
0 64 0 0
0 71 63 60
0 66 53 0
0 66 0 60
0 71 0 0
0 71 61 60
0 66 51 0
0 66 0 60
0 71 0 0
0 67 64 60
0 73 76 0
0 73 0 60
0 67 0 0
0 67 62 60
0 73 73 0
0 73 0 60
0 67 0 0
0 74 79 60
0 71 67 0
0 71 0 60
0 74 0 0
0 74 72 60
0 71 61 0
0 71 0 60
0 74 0 0
0 73 80 60
0 67 68 0
0 67 0 60
0 73 0 0
0 67 58 60
0 73 69 0
0 73 0 60
0 67 0 0
0 71 79 60
0 66 67 0
0 66 0 60
0 71 0 0
0 66 59 60
0 71 70 0
0 71 0 60
0 66 0 0
0 69 73 60
0 66 62 0
0 63 62 0
0 63 0 60
0 66 0 0
0 69 0 0
0 69 61 60
0 66 51 0
0 63 51 0
0 63 0 60
0 66 0 0
0 69 0 0
0 68 71 60
0 64 60 0
0 64 0 60
0 68 0 0
0 68 61 60
0 64 51 0
0 64 0 60
0 68 0 0
0 64 53 60
0 67 63 0
0 67 0 60
0 64 0 0
0 67 58 60
0 64 49 0
0 64 0 60
0 67 0 0
0 65 62 60
0 61 52 0
0 61 0 60
0 65 0 0
0 65 56 60
0 61 47 0
0 61 0 60
0 65 0 0
0 66 62 60
0 62 52 0
0 62 0 60
0 66 0 0
0 66 58 60
0 62 49 0
0 62 0 60
0 66 0 0
0 61 61 60
0 58 51 0
0 58 0 60
0 61 0 0
0 61 50 60
0 58 42 0
0 58 0 60
0 61 0 0
0 62 57 60
0 59 48 0
0 59 0 60
0 62 0 0
0 62 45 60
0 59 38 0
0 59 0 60
0 62 0 0
0 59 43 60
0 62 51 0
0 62 0 60
0 59 0 0
0 62 40 60
0 59 34 0
0 59 0 60
0 62 0 0
0 59 50 60
0 54 42 0
0 54 0 60
0 59 0 0
0 54 36 60
0 59 43 0
0 59 0 60
0 54 0 0
0 59 50 60
0 54 42 0
0 54 0 60
0 59 0 0
0 54 35 60
0 59 42 0
0 59 0 60
0 54 0 0
0 66 50 60
0 66 0 120
0 66 56 120
0 66 0 240
0 68 63 0
0 68 0 60
0 70 69 60
0 70 0 60
0 71 80 60
0 71 0 60
0 73 91 60
0 73 0 60
0 74 101 60
0 74 0 4320
0 54 43 0
0 54 0 60
0 54 39 60
0 54 0 60
0 54 40 60
0 54 0 60
0 54 37 60
0 54 0 60
0 54 40 60
0 54 0 60
0 54 37 60
0 54 0 60
0 54 36 60
0 64 40 0
0 61 32 0
0 61 0 60
0 64 0 0
0 54 0 0
0 54 29 60
0 61 29 0
0 64 37 0
0 64 0 60
0 61 0 0
0 54 0 0
0 64 40 60
0 61 32 0
0 54 32 0
0 54 0 60
0 61 0 0
0 64 0 0
0 54 29 60
0 61 29 0
0 64 37 0
0 64 0 60
0 61 0 0
0 54 0 0
0 64 40 60
0 61 32 0
0 54 32 0
0 54 0 60
0 61 0 0
0 64 0 0
0 54 30 60
0 61 30 0
0 64 38 0
0 64 0 60
0 61 0 0
0 54 0 0
0 46 40 60
0 46 0 60
0 54 33 60
0 61 33 0
0 64 43 0
0 64 0 60
0 61 0 0
0 54 0 0
0 54 37 60
0 61 37 0
0 64 47 0
0 64 0 60
0 61 0 0
0 54 0 0
0 54 39 60
0 61 39 0
0 64 50 0
0 64 0 60
0 61 0 0
0 54 0 0
0 54 42 60
0 61 42 0
0 64 53 0
0 64 0 60
0 61 0 0
0 54 0 0
0 54 46 60
0 61 46 0
0 64 57 0
0 64 0 60
0 61 0 0
0 54 0 0
0 47 60 60
0 47 0 60
0 62 43 60
0 59 34 0
0 54 34 0
0 54 0 60
0 59 0 0
0 62 0 0
0 54 41 60
0 59 41 0
0 62 52 0
0 62 0 60
0 59 0 0
0 54 0 0
0 54 39 60
0 59 39 0
0 62 49 0
0 62 0 60
0 59 0 0
0 54 0 0
0 62 56 60
0 59 44 0
0 54 44 0
0 54 0 60
0 59 0 0
0 62 0 0
0 54 42 60
0 59 42 0
0 62 54 0
0 62 0 60
0 59 0 0
0 54 0 0
0 43 67 60
0 43 0 60
0 64 49 60
0 59 39 0
0 55 39 0
0 55 0 60
0 59 0 0
0 64 0 0
0 55 44 60
0 59 44 0
0 64 55 0
0 64 0 60
0 59 0 0
0 55 0 0
0 55 42 60
0 59 42 0
0 64 52 0
0 64 0 60
0 59 0 0
0 55 0 0
0 55 46 60
0 59 46 0
0 64 57 0
0 64 0 60
0 59 0 0
0 55 0 0
0 55 52 60
0 59 52 0
0 64 66 0
0 64 0 60
0 59 0 0
0 55 0 0
0 42 73 60
0 42 0 60
0 64 61 60
0 58 48 0
0 54 48 0
0 54 0 60
0 58 0 0
0 64 0 0
0 64 66 60
0 58 52 0
0 54 52 0
0 54 0 60
0 58 0 0
0 64 0 0
0 64 70 60
0 58 56 0
0 54 56 0
0 54 0 60
0 58 0 0
0 64 0 0
0 64 72 60
0 58 57 0
0 54 57 0
0 54 0 60
0 58 0 0
0 64 0 0
0 54 48 60
0 58 48 0
0 64 60 0
0 64 0 60
0 58 0 0
0 54 0 0
0 46 78 60
0 46 0 60
0 66 61 60
0 54 48 0
0 61 48 0
0 64 51 0
0 64 0 60
0 66 0 0
0 54 0 0
0 61 0 0
0 66 57 60
0 64 48 0
0 61 45 0
0 54 45 0
0 54 0 60
0 66 0 0
0 64 0 0
0 61 0 0
0 66 63 60
0 54 50 0
0 61 50 0
0 64 53 0
0 64 0 60
0 66 0 0
0 54 0 0
0 61 0 0
0 66 64 60
0 54 51 0
0 61 51 0
0 64 54 0
0 64 0 60
0 66 0 0
0 54 0 0
0 61 0 0
0 66 68 60
0 54 54 0
0 61 54 0
0 64 57 0
0 64 0 60
0 66 0 0
0 54 0 0
0 61 0 0
0 47 75 60
0 47 0 60
0 66 60 60
0 62 51 0
0 59 48 0
0 54 48 0
0 54 0 60
0 66 0 0
0 62 0 0
0 59 0 0
0 66 60 60
0 62 51 0
0 59 48 0
0 54 48 0
0 54 0 60
0 66 0 0
0 62 0 0
0 59 0 0
0 66 56 60
0 62 47 0
0 59 44 0
0 54 44 0
0 54 0 60
0 66 0 0
0 62 0 0
0 59 0 0
0 66 63 60
0 62 53 0
0 59 50 0
0 54 50 0
0 54 0 60
0 66 0 0
0 62 0 0
0 59 0 0
0 66 58 60
0 62 49 0
0 59 46 0
0 54 46 0
0 54 0 60
0 66 0 0
0 62 0 0
0 59 0 0
0 49 75 60
0 49 0 120
0 53 43 0
0 59 43 0
0 61 55 0
0 61 0 60
0 59 0 0
0 53 0 0
0 53 48 60
0 59 48 0
0 61 61 0
0 61 0 60
0 59 0 0
0 53 0 0
0 61 53 60
0 59 42 0
0 53 42 0
0 53 0 60
0 59 0 0
0 61 0 0
0 61 62 60
0 59 49 0
0 54 49 0
0 54 0 60
0 59 0 0
0 61 0 0
0 61 56 60
0 59 45 0
0 56 56 0
0 56 0 60
0 59 0 0
0 61 0 0
0 54 52 60
0 58 52 0
0 61 67 0
0 61 0 60
0 58 0 0
0 54 0 0
0 54 38 60
0 58 38 0
0 61 49 0
0 61 0 60
0 58 0 0
0 54 0 0
0 54 42 60
0 58 42 0
0 61 52 0
0 61 0 60
0 58 0 0
0 54 0 0
0 61 41 60
0 58 32 0
0 54 32 0
0 54 0 60
0 58 0 0
0 61 0 0
0 54 36 60
0 58 36 0
0 61 46 0
0 61 0 60
0 58 0 0
0 54 0 0
0 61 40 60
0 58 32 0
0 54 32 0
0 54 0 60
0 58 0 0
0 61 0 0
0 46 40 60
0 46 0 60
0 54 33 60
0 61 33 0
0 64 43 0
0 64 0 60
0 61 0 0
0 54 0 0
0 54 37 60
0 61 37 0
0 64 47 0
0 64 0 60
0 61 0 0
0 54 0 0
0 54 39 60
0 61 39 0
0 64 50 0
0 64 0 60
0 61 0 0
0 54 0 0
0 54 42 60
0 61 42 0
0 64 53 0
0 64 0 60
0 61 0 0
0 54 0 0
0 54 46 60
0 61 46 0
0 64 57 0
0 64 0 60
0 61 0 0
0 54 0 0
0 47 60 60
0 47 0 60
0 62 43 60
0 59 34 0
0 54 34 0
0 54 0 60
0 59 0 0
0 62 0 0
0 54 41 60
0 59 41 0
0 62 52 0
0 62 0 60
0 59 0 0
0 54 0 0
0 54 39 60
0 59 39 0
0 62 49 0
0 62 0 60
0 59 0 0
0 54 0 0
0 62 57 60
0 59 44 0
0 54 44 0
0 54 0 60
0 59 0 0
0 62 0 0
0 54 42 60
0 59 42 0
0 62 55 0
0 62 0 60
0 59 0 0
0 54 0 0
0 47 69 60
0 47 0 60
0 65 50 60
0 61 40 0
0 56 40 0
0 56 0 60
0 61 0 0
0 65 0 0
0 56 45 60
0 61 45 0
0 65 56 0
0 65 0 60
0 61 0 0
0 56 0 0
0 56 43 60
0 61 43 0
0 65 54 0
0 65 0 60
0 61 0 0
0 56 0 0
0 56 47 60
0 61 47 0
0 65 59 0
0 65 0 60
0 61 0 0
0 56 0 0
0 56 54 60
0 61 54 0
0 65 68 0
0 65 0 60
0 61 0 0
0 56 0 0
0 45 73 60
0 45 0 60
0 66 61 60
0 61 51 0
0 57 48 0
0 54 48 0
0 54 0 60
0 66 0 0
0 61 0 0
0 57 0 0
0 66 66 60
0 61 56 0
0 57 52 0
0 54 52 0
0 54 0 60
0 66 0 0
0 61 0 0
0 57 0 0
0 66 70 60
0 61 59 0
0 57 56 0
0 54 56 0
0 54 0 60
0 66 0 0
0 61 0 0
0 57 0 0
0 66 72 60
0 61 61 0
0 57 57 0
0 54 57 0
0 54 0 60
0 66 0 0
0 61 0 0
0 57 0 0
0 66 60 60
0 54 48 0
0 57 48 0
0 61 51 0
0 61 0 60
0 66 0 0
0 54 0 0
0 57 0 0
0 47 78 60
0 47 0 60
0 54 48 60
0 56 48 0
0 62 61 0
0 62 0 60
0 56 0 0
0 54 0 0
0 62 57 60
0 56 45 0
0 54 45 0
0 54 0 60
0 56 0 0
0 62 0 0
0 54 50 60
0 56 50 0
0 62 63 0
0 62 0 60
0 56 0 0
0 54 0 0
0 54 51 60
0 56 51 0
0 62 64 0
0 62 0 60
0 56 0 0
0 54 0 0
0 54 54 60
0 56 54 0
0 62 68 0
0 62 0 60
0 56 0 0
0 54 0 0
0 49 73 60
0 49 0 60
0 66 61 60
0 61 51 0
0 57 48 0
0 54 48 0
0 54 0 60
0 66 0 0
0 61 0 0
0 57 0 0
0 66 66 60
0 61 56 0
0 57 52 0
0 54 52 0
0 54 0 60
0 66 0 0
0 61 0 0
0 57 0 0
0 66 70 60
0 61 59 0
0 57 56 0
0 54 56 0
0 54 0 60
0 66 0 0
0 61 0 0
0 57 0 0
0 66 72 60
0 61 61 0
0 57 57 0
0 54 57 0
0 54 0 60
0 66 0 0
0 61 0 0
0 57 0 0
0 66 60 60
0 54 48 0
0 57 48 0
0 61 51 0
0 61 0 60
0 66 0 0
0 54 0 0
0 57 0 0
0 47 78 60
0 47 0 60
0 54 48 60
0 56 48 0
0 62 61 0
0 62 0 60
0 56 0 0
0 54 0 0
0 62 57 60
0 56 45 0
0 54 45 0
0 54 0 60
0 56 0 0
0 62 0 0
0 54 50 60
0 56 50 0
0 62 63 0
0 62 0 60
0 56 0 0
0 54 0 0
0 54 51 60
0 56 51 0
0 62 64 0
0 62 0 60
0 56 0 0
0 54 0 0
0 54 54 60
0 56 54 0
0 62 68 0
0 62 0 60
0 56 0 0
0 54 0 0
0 49 48 60
0 54 48 0
0 57 61 0
0 57 0 60
0 54 0 0
0 49 0 0
0 57 57 60
0 54 45 0
0 49 45 0
0 49 0 60
0 54 0 0
0 57 0 0
0 49 50 60
0 54 50 0
0 57 63 0
0 57 0 60
0 54 0 0
0 49 0 0
0 59 63 420
0 49 55 0
0 49 0 60
0 59 0 0
0 49 49 60
0 59 56 0
0 59 0 60
0 49 0 0
0 49 49 60
0 59 56 0
0 59 0 240
0 49 0 0
0 61 66 240
0 49 58 0
0 49 0 60
0 61 0 0
0 49 49 60
0 61 56 0
0 61 0 60
0 49 0 0
0 61 60 60
0 49 53 0
0 49 0 240
0 61 0 0
0 62 67 240
0 49 59 0
0 49 0 60
0 62 0 0
0 49 49 60
0 62 56 0
0 62 0 60
0 49 0 0
0 62 58 60
0 49 51 0
0 49 0 240
0 62 0 0
0 61 70 240
0 49 61 0
0 49 0 60
0 61 0 0
0 49 50 60
0 61 57 0
0 61 0 60
0 49 0 0
0 61 62 60
0 49 54 0
0 49 0 240
0 61 0 0
0 59 73 240
0 49 64 0
0 49 0 60
0 59 0 0
0 59 63 60
0 49 55 0
0 49 0 60
0 59 0 0
0 49 49 60
0 59 56 0
0 59 0 240
0 49 0 0
0 38 87 240
0 38 0 60
0 69 65 60
0 66 52 0
0 62 52 0
0 57 51 0
0 50 51 0
0 50 0 60
0 62 0 0
0 69 0 0
0 66 0 0
0 57 0 0
0 69 71 60
0 66 56 0
0 62 56 0
0 57 55 0
0 50 55 0
0 50 0 60
0 62 0 0
0 69 0 0
0 66 0 0
0 57 0 0
0 69 75 60
0 66 60 0
0 62 60 0
0 57 60 0
0 50 60 0
0 50 0 60
0 62 0 0
0 69 0 0
0 66 0 0
0 57 0 0
0 69 77 60
0 66 61 0
0 62 61 0
0 57 61 0
0 50 61 0
0 50 0 60
0 62 0 0
0 69 0 0
0 66 0 0
0 57 0 0
0 69 64 60
0 66 51 0
0 50 51 0
0 57 51 0
0 62 51 0
0 62 0 60
0 50 0 0
0 69 0 0
0 66 0 0
0 57 0 0
0 62 62 60
0 60 62 0
0 66 62 0
0 69 79 0
0 57 62 0
0 50 62 0
0 50 0 60
0 60 0 0
0 66 0 0
0 62 0 0
0 57 0 0
0 69 0 0
0 62 57 60
0 60 57 0
0 66 57 0
0 69 73 0
0 57 57 0
0 50 57 0
0 50 0 60
0 60 0 0
0 66 0 0
0 62 0 0
0 57 0 0
0 69 0 0
0 60 68 60
0 57 62 0
0 62 79 0
0 50 62 0
0 50 0 60
0 60 0 0
0 57 0 0
0 62 0 0
0 60 67 60
0 62 67 0
0 66 67 0
0 69 80 0
0 50 67 0
0 57 67 0
0 57 0 60
0 62 0 0
0 66 0 0
0 60 0 0
0 50 0 0
0 69 0 0
0 60 68 60
0 62 86 0
0 57 68 0
0 50 68 0
0 50 0 60
0 60 0 0
0 62 0 0
0 57 0 0
0 66 57 60
0 60 57 0
0 62 57 0
0 57 57 0
0 69 72 0
0 50 57 0
0 50 0 60
0 60 0 0
0 62 0 0
0 66 0 0
0 69 0 0
0 57 0 0
0 43 87 60
0 43 0 60
0 62 55 60
0 67 70 0
0 59 55 0
0 55 55 0
0 55 0 60
0 62 0 0
0 67 0 0
0 59 0 0
0 59 74 60
0 55 58 0
0 55 0 60
0 59 0 0
0 59 75 60
0 55 60 0
0 55 0 60
0 59 0 0
0 58 74 60
0 55 59 0
0 55 0 60
0 58 0 0
0 55 47 60
0 58 60 0
0 58 0 60
0 55 0 0
0 45 69 60
0 45 0 60
0 57 45 60
0 62 58 0
0 55 45 0
0 52 45 0
0 52 0 60
0 57 0 0
0 62 0 0
0 55 0 0
0 52 49 60
0 57 49 0
0 62 63 0
0 55 49 0
0 55 0 60
0 52 0 0
0 57 0 0
0 62 0 0
0 52 53 60
0 57 53 0
0 62 67 0
0 55 53 0
0 55 0 60
0 52 0 0
0 57 0 0
0 62 0 0
0 55 54 60
0 57 68 0
0 52 54 0
0 52 0 60
0 57 0 0
0 55 0 0
0 57 45 60
0 55 45 0
0 61 45 0
0 52 45 0
0 64 57 0
0 64 0 60
0 61 0 0
0 57 0 0
0 55 0 0
0 52 0 0
0 50 69 60
0 50 0 60
0 57 45 60
0 62 58 0
0 54 45 0
0 54 0 60
0 62 0 0
0 57 0 0
0 54 49 60
0 57 49 0
0 62 63 0
0 62 0 60
0 57 0 0
0 54 0 0
0 54 53 60
0 57 53 0
0 62 67 0
0 62 0 60
0 57 0 0
0 54 0 0
0 57 54 60
0 62 68 0
0 54 54 0
0 54 0 60
0 62 0 0
0 57 0 0
0 57 45 60
0 54 45 0
0 62 57 0
0 62 0 60
0 54 0 0
0 57 0 0
0 50 69 60
0 50 0 60
0 62 57 60
0 60 57 0
0 66 57 0
0 69 73 0
0 57 57 0
0 57 0 60
0 66 0 0
0 62 0 0
0 60 0 0
0 69 0 0
0 60 68 60
0 57 62 0
0 62 79 0
0 62 0 60
0 57 0 0
0 60 0 0
0 60 67 60
0 62 67 0
0 66 67 0
0 69 79 0
0 57 67 0
0 57 0 60
0 66 0 0
0 60 0 0
0 62 0 0
0 69 0 0
0 60 68 60
0 62 86 0
0 57 68 0
0 57 0 60
0 62 0 0
0 60 0 0
0 66 57 60
0 60 57 0
0 62 57 0
0 57 57 0
0 69 72 0
0 69 0 60
0 62 0 0
0 66 0 0
0 60 0 0
0 57 0 0
0 55 87 60
0 55 0 60
0 59 53 60
0 62 53 0
0 62 0 60
0 59 0 0
0 59 69 60
0 62 54 0
0 62 0 60
0 59 0 0
0 59 67 60
0 62 54 0
0 62 0 60
0 59 0 0
0 59 64 60
0 62 51 0
0 62 0 60
0 59 0 0
0 62 39 60
0 59 50 0
0 59 0 60
0 62 0 0
0 43 55 60
0 55 44 120
0 60 44 0
0 60 0 60
0 55 0 0
0 55 44 60
0 60 59 0
0 52 50 0
0 60 0 60
0 55 0 0
0 55 44 60
0 60 44 0
0 60 0 60
0 55 0 0
0 52 0 60
0 51 54 0
0 55 44 120
0 60 44 0
0 60 0 60
0 55 0 0
0 51 0 60
0 55 44 120
0 59 44 0
0 59 0 60
0 55 0 0
0 55 44 60
0 59 59 0
0 59 0 60
0 55 0 0
0 55 44 60
0 59 44 0
0 59 0 60
0 55 0 0
0 43 0 60
0 55 37 120
0 59 37 0
0 59 0 60
0 55 0 0
0 43 46 60
0 55 37 120
0 60 37 0
0 60 0 60
0 55 0 0
0 55 37 60
0 60 50 0
0 52 42 0
0 60 0 60
0 55 0 0
0 55 37 60
0 60 37 0
0 60 0 60
0 55 0 0
0 52 0 60
0 51 45 0
0 55 37 120
0 60 37 0
0 60 0 60
0 55 0 0
0 51 0 60
0 50 45 0
0 55 31 120
0 59 37 0
0 59 0 60
0 55 0 0
0 55 32 60
0 59 51 0
0 59 0 60
0 55 0 0
0 55 33 60
0 59 39 0
0 59 0 60
0 55 0 0
0 50 0 60
0 43 0 0
0 55 46 0
0 59 55 0
0 59 0 60
0 55 0 0
0 55 34 60
0 59 41 0
0 59 0 60
0 55 0 0
0 59 43 60
0 55 35 0
0 55 0 60
0 59 0 0
0 55 37 60
0 59 44 0
0 59 0 60
0 55 0 0
0 55 38 60
0 59 45 0
0 59 0 60
0 55 0 0
0 55 39 60
0 59 46 0
0 59 0 60
0 55 0 0
0 54 32 60
0 59 30 120
0 62 38 0
0 62 0 60
0 59 0 0
0 54 0 60
0 46 40 0
0 46 0 60
0 54 33 60
0 61 33 0
0 64 43 0
0 64 0 60
0 61 0 0
0 54 0 0
0 54 37 60
0 61 37 0
0 64 47 0
0 64 0 60
0 61 0 0
0 54 0 0
0 54 39 60
0 61 39 0
0 64 50 0
0 64 0 60
0 61 0 0
0 54 0 0
0 54 42 60
0 61 42 0
0 64 53 0
0 64 0 60
0 61 0 0
0 54 0 0
0 54 46 60
0 61 46 0
0 64 57 0
0 64 0 60
0 61 0 0
0 54 0 0
0 47 60 60
0 47 0 60
0 62 43 60
0 59 34 0
0 54 34 0
0 54 0 60
0 59 0 0
0 62 0 0
0 54 41 60
0 59 41 0
0 62 52 0
0 62 0 60
0 59 0 0
0 54 0 0
0 54 39 60
0 59 39 0
0 62 49 0
0 62 0 60
0 59 0 0
0 54 0 0
0 62 56 60
0 59 44 0
0 54 44 0
0 54 0 60
0 59 0 0
0 62 0 0
0 54 42 60
0 59 42 0
0 62 54 0
0 62 0 60
0 59 0 0
0 54 0 0
0 43 67 60
0 43 0 60
0 64 49 60
0 59 39 0
0 55 39 0
0 55 0 60
0 59 0 0
0 64 0 0
0 55 44 60
0 59 44 0
0 64 55 0
0 64 0 60
0 59 0 0
0 55 0 0
0 55 42 60
0 59 42 0
0 64 52 0
0 64 0 60
0 59 0 0
0 55 0 0
0 55 46 60
0 59 46 0
0 64 57 0
0 64 0 60
0 59 0 0
0 55 0 0
0 55 52 60
0 59 52 0
0 64 66 0
0 64 0 60
0 59 0 0
0 55 0 0
0 42 73 60
0 42 0 60
0 64 61 60
0 58 48 0
0 54 48 0
0 54 0 60
0 58 0 0
0 64 0 0
0 64 66 60
0 58 52 0
0 54 52 0
0 54 0 60
0 58 0 0
0 64 0 0
0 64 70 60
0 58 56 0
0 54 56 0
0 54 0 60
0 58 0 0
0 64 0 0
0 64 72 60
0 58 57 0
0 54 57 0
0 54 0 60
0 58 0 0
0 64 0 0
0 54 48 60
0 58 48 0
0 64 60 0
0 64 0 60
0 58 0 0
0 54 0 0
0 46 78 60
0 46 0 60
0 66 61 60
0 54 48 0
0 61 48 0
0 64 51 0
0 64 0 60
0 66 0 0
0 54 0 0
0 61 0 0
0 66 57 60
0 64 48 0
0 61 45 0
0 54 45 0
0 54 0 60
0 66 0 0
0 64 0 0
0 61 0 0
0 66 63 60
0 54 50 0
0 61 50 0
0 64 53 0
0 64 0 60
0 66 0 0
0 54 0 0
0 61 0 0
0 66 64 60
0 54 51 0
0 61 51 0
0 64 54 0
0 64 0 60
0 66 0 0
0 54 0 0
0 61 0 0
0 66 68 60
0 54 54 0
0 61 54 0
0 64 57 0
0 64 0 60
0 66 0 0
0 54 0 0
0 61 0 0
0 47 75 60
0 47 0 60
0 66 60 60
0 62 51 0
0 59 48 0
0 54 48 0
0 54 0 60
0 66 0 0
0 62 0 0
0 59 0 0
0 66 60 60
0 62 51 0
0 59 48 0
0 54 48 0
0 54 0 60
0 66 0 0
0 62 0 0
0 59 0 0
0 66 56 60
0 62 47 0
0 59 44 0
0 54 44 0
0 54 0 60
0 66 0 0
0 62 0 0
0 59 0 0
0 66 63 60
0 62 53 0
0 59 50 0
0 54 50 0
0 54 0 60
0 66 0 0
0 62 0 0
0 59 0 0
0 66 58 60
0 62 49 0
0 59 46 0
0 54 46 0
0 54 0 60
0 66 0 0
0 62 0 0
0 59 0 0
0 49 75 60
0 49 0 120
0 53 43 0
0 59 43 0
0 61 55 0
0 61 0 60
0 59 0 0
0 53 0 0
0 53 48 60
0 59 48 0
0 61 61 0
0 61 0 60
0 59 0 0
0 53 0 0
0 61 53 60
0 59 42 0
0 53 42 0
0 53 0 60
0 59 0 0
0 61 0 0
0 61 62 60
0 59 49 0
0 54 49 0
0 54 0 60
0 59 0 0
0 61 0 0
0 61 56 60
0 59 45 0
0 56 56 0
0 56 0 60
0 59 0 0
0 61 0 0
0 54 52 60
0 58 52 0
0 61 67 0
0 61 0 60
0 58 0 0
0 54 0 0
0 54 38 60
0 58 38 0
0 61 49 0
0 61 0 60
0 58 0 0
0 54 0 0
0 54 42 60
0 58 42 0
0 61 52 0
0 61 0 60
0 58 0 0
0 54 0 0
0 61 41 60
0 58 32 0
0 54 32 0
0 54 0 60
0 58 0 0
0 61 0 0
0 54 36 60
0 58 36 0
0 61 46 0
0 61 0 60
0 58 0 0
0 54 0 0
0 61 40 60
0 58 32 0
0 54 32 0
0 54 0 60
0 58 0 0
0 61 0 0
0 46 40 60
0 46 0 60
0 54 33 60
0 61 33 0
0 64 43 0
0 64 0 60
0 61 0 0
0 54 0 0
0 54 37 60
0 61 37 0
0 64 47 0
0 64 0 60
0 61 0 0
0 54 0 0
0 54 39 60
0 61 39 0
0 64 50 0
0 64 0 60
0 61 0 0
0 54 0 0
0 54 42 60
0 61 42 0
0 64 53 0
0 64 0 60
0 61 0 0
0 54 0 0
0 54 46 60
0 61 46 0
0 64 57 0
0 64 0 60
0 61 0 0
0 54 0 0
0 47 60 60
0 47 0 60
0 62 43 60
0 59 34 0
0 54 34 0
0 54 0 60
0 59 0 0
0 62 0 0
0 54 41 60
0 59 41 0
0 62 52 0
0 62 0 60
0 59 0 0
0 54 0 0
0 54 39 60
0 59 39 0
0 62 49 0
0 62 0 60
0 59 0 0
0 54 0 0
0 62 57 60
0 59 44 0
0 54 44 0
0 54 0 60
0 59 0 0
0 62 0 0
0 54 42 60
0 59 42 0
0 62 55 0
0 62 0 60
0 59 0 0
0 54 0 0
0 47 69 60
0 47 0 60
0 65 50 60
0 61 40 0
0 56 40 0
0 56 0 60
0 61 0 0
0 65 0 0
0 56 45 60
0 61 45 0
0 65 56 0
0 65 0 60
0 61 0 0
0 56 0 0
0 56 43 60
0 61 43 0
0 65 54 0
0 65 0 60
0 61 0 0
0 56 0 0
0 56 47 60
0 61 47 0
0 65 59 0
0 65 0 60
0 61 0 0
0 56 0 0
0 56 54 60
0 61 54 0
0 65 68 0
0 65 0 60
0 61 0 0
0 56 0 0
0 45 73 60
0 45 0 60
0 66 61 60
0 61 51 0
0 57 48 0
0 54 48 0
0 54 0 60
0 66 0 0
0 61 0 0
0 57 0 0
0 66 66 60
0 61 56 0
0 57 52 0
0 54 52 0
0 54 0 60
0 66 0 0
0 61 0 0
0 57 0 0
0 66 70 60
0 61 59 0
0 57 56 0
0 54 56 0
0 54 0 60
0 66 0 0
0 61 0 0
0 57 0 0
0 66 72 60
0 61 61 0
0 57 57 0
0 54 57 0
0 54 0 60
0 66 0 0
0 61 0 0
0 57 0 0
0 66 60 60
0 54 48 0
0 57 48 0
0 61 51 0
0 61 0 60
0 66 0 0
0 54 0 0
0 57 0 0
0 47 78 60
0 47 0 60
0 54 48 60
0 56 48 0
0 62 61 0
0 62 0 60
0 56 0 0
0 54 0 0
0 62 57 60
0 56 45 0
0 54 45 0
0 54 0 60
0 56 0 0
0 62 0 0
0 54 50 60
0 56 50 0
0 62 63 0
0 62 0 60
0 56 0 0
0 54 0 0
0 54 51 60
0 56 51 0
0 62 64 0
0 62 0 60
0 56 0 0
0 54 0 0
0 54 54 60
0 56 54 0
0 62 68 0
0 62 0 60
0 56 0 0
0 54 0 0
0 49 73 60
0 49 0 60
0 66 61 60
0 61 51 0
0 57 48 0
0 54 48 0
0 54 0 60
0 66 0 0
0 61 0 0
0 57 0 0
0 66 66 60
0 61 56 0
0 57 52 0
0 54 52 0
0 54 0 60
0 66 0 0
0 61 0 0
0 57 0 0
0 66 70 60
0 61 59 0
0 57 56 0
0 54 56 0
0 54 0 60
0 66 0 0
0 61 0 0
0 57 0 0
0 66 72 60
0 61 61 0
0 57 57 0
0 54 57 0
0 54 0 60
0 66 0 0
0 61 0 0
0 57 0 0
0 66 60 60
0 54 48 0
0 57 48 0
0 61 51 0
0 61 0 60
0 66 0 0
0 54 0 0
0 57 0 0
0 47 78 60
0 47 0 60
0 54 48 60
0 56 48 0
0 62 61 0
0 62 0 60
0 56 0 0
0 54 0 0
0 62 57 60
0 56 45 0
0 54 45 0
0 54 0 60
0 56 0 0
0 62 0 0
0 54 50 60
0 56 50 0
0 62 63 0
0 62 0 60
0 56 0 0
0 54 0 0
0 54 51 60
0 56 51 0
0 62 64 0
0 62 0 60
0 56 0 0
0 54 0 0
0 54 54 60
0 56 54 0
0 62 68 0
0 62 0 60
0 56 0 0
0 54 0 0
0 49 48 60
0 54 48 0
0 57 61 0
0 57 0 60
0 54 0 0
0 49 0 0
0 57 57 60
0 54 45 0
0 49 45 0
0 49 0 60
0 54 0 0
0 57 0 0
0 49 50 60
0 54 50 0
0 57 63 0
0 57 0 60
0 54 0 0
0 49 0 0
0 59 63 420
0 49 55 0
0 49 0 60
0 59 0 0
0 49 49 60
0 59 56 0
0 59 0 60
0 49 0 0
0 49 49 60
0 59 56 0
0 59 0 240
0 49 0 0
0 61 66 240
0 49 58 0
0 49 0 60
0 61 0 0
0 49 49 60
0 61 56 0
0 61 0 60
0 49 0 0
0 61 60 60
0 49 53 0
0 49 0 240
0 61 0 0
0 62 67 240
0 49 59 0
0 49 0 60
0 62 0 0
0 49 49 60
0 62 56 0
0 62 0 60
0 49 0 0
0 62 58 60
0 49 51 0
0 49 0 240
0 62 0 0
0 61 70 240
0 49 61 0
0 49 0 60
0 61 0 0
0 49 50 60
0 61 57 0
0 61 0 60
0 49 0 0
0 61 62 60
0 49 54 0
0 49 0 240
0 61 0 0
0 59 73 240
0 49 64 0
0 49 0 60
0 59 0 0
0 59 63 60
0 49 55 0
0 49 0 60
0 59 0 0
0 49 49 60
0 59 56 0
0 59 0 240
0 49 0 0
0 38 87 240
0 38 0 60
0 69 65 60
0 66 52 0
0 62 52 0
0 57 51 0
0 50 51 0
0 50 0 60
0 62 0 0
0 69 0 0
0 66 0 0
0 57 0 0
0 69 71 60
0 66 56 0
0 62 56 0
0 57 55 0
0 50 55 0
0 50 0 60
0 62 0 0
0 69 0 0
0 66 0 0
0 57 0 0
0 69 75 60
0 66 60 0
0 62 60 0
0 57 60 0
0 50 60 0
0 50 0 60
0 62 0 0
0 69 0 0
0 66 0 0
0 57 0 0
0 69 77 60
0 66 61 0
0 62 61 0
0 57 61 0
0 50 61 0
0 50 0 60
0 62 0 0
0 69 0 0
0 66 0 0
0 57 0 0
0 69 64 60
0 66 51 0
0 50 51 0
0 57 51 0
0 62 51 0
0 62 0 60
0 50 0 0
0 69 0 0
0 66 0 0
0 57 0 0
0 62 62 60
0 60 62 0
0 66 62 0
0 69 79 0
0 57 62 0
0 50 62 0
0 50 0 60
0 60 0 0
0 66 0 0
0 62 0 0
0 57 0 0
0 69 0 0
0 62 57 60
0 60 57 0
0 66 57 0
0 69 73 0
0 57 57 0
0 50 57 0
0 50 0 60
0 60 0 0
0 66 0 0
0 62 0 0
0 57 0 0
0 69 0 0
0 60 68 60
0 57 62 0
0 62 79 0
0 50 62 0
0 50 0 60
0 60 0 0
0 57 0 0
0 62 0 0
0 60 67 60
0 62 67 0
0 66 67 0
0 69 77 0
0 50 67 0
0 57 67 0
0 57 0 60
0 62 0 0
0 66 0 0
0 60 0 0
0 50 0 0
0 69 0 0
0 60 68 60
0 62 86 0
0 57 68 0
0 50 68 0
0 50 0 60
0 60 0 0
0 62 0 0
0 57 0 0
0 66 57 60
0 60 57 0
0 62 57 0
0 57 57 0
0 69 72 0
0 50 57 0
0 50 0 60
0 60 0 0
0 62 0 0
0 66 0 0
0 69 0 0
0 57 0 0
0 43 87 60
0 43 0 60
0 62 55 60
0 67 70 0
0 59 55 0
0 55 55 0
0 55 0 60
0 62 0 0
0 67 0 0
0 59 0 0
0 59 74 60
0 55 58 0
0 55 0 60
0 59 0 0
0 59 75 60
0 55 60 0
0 55 0 60
0 59 0 0
0 58 74 60
0 55 59 0
0 55 0 60
0 58 0 0
0 55 47 60
0 58 60 0
0 58 0 60
0 55 0 0
0 45 69 60
0 45 0 60
0 57 45 60
0 62 58 0
0 55 45 0
0 52 45 0
0 52 0 60
0 57 0 0
0 62 0 0
0 55 0 0
0 52 49 60
0 57 49 0
0 62 63 0
0 55 49 0
0 55 0 60
0 52 0 0
0 57 0 0
0 62 0 0
0 52 53 60
0 57 53 0
0 62 67 0
0 55 53 0
0 55 0 60
0 52 0 0
0 57 0 0
0 62 0 0
0 55 54 60
0 57 68 0
0 52 54 0
0 52 0 60
0 57 0 0
0 55 0 0
0 57 45 60
0 55 45 0
0 61 45 0
0 52 45 0
0 64 57 0
0 64 0 60
0 61 0 0
0 57 0 0
0 55 0 0
0 52 0 0
0 50 69 60
0 50 0 60
0 57 45 60
0 62 58 0
0 54 45 0
0 54 0 60
0 62 0 0
0 57 0 0
0 54 49 60
0 57 49 0
0 62 63 0
0 62 0 60
0 57 0 0
0 54 0 0
0 54 53 60
0 57 53 0
0 62 67 0
0 62 0 60
0 57 0 0
0 54 0 0
0 57 54 60
0 62 68 0
0 54 54 0
0 54 0 60
0 62 0 0
0 57 0 0
0 57 45 60
0 54 45 0
0 62 57 0
0 62 0 60
0 54 0 0
0 57 0 0
0 50 69 60
0 50 0 60
0 62 57 60
0 60 57 0
0 66 57 0
0 69 73 0
0 57 57 0
0 57 0 60
0 66 0 0
0 62 0 0
0 60 0 0
0 69 0 0
0 60 68 60
0 57 62 0
0 62 79 0
0 62 0 60
0 57 0 0
0 60 0 0
0 60 67 60
0 62 67 0
0 66 67 0
0 69 76 0
0 57 67 0
0 57 0 60
0 66 0 0
0 60 0 0
0 62 0 0
0 69 0 0
0 60 68 60
0 62 86 0
0 57 68 0
0 57 0 60
0 62 0 0
0 60 0 0
0 66 57 60
0 60 57 0
0 62 57 0
0 57 57 0
0 69 72 0
0 69 0 60
0 62 0 0
0 66 0 0
0 60 0 0
0 57 0 0
0 55 87 60
0 55 0 60
0 59 53 60
0 62 53 0
0 62 0 60
0 59 0 0
0 59 69 60
0 62 54 0
0 62 0 60
0 59 0 0
0 59 67 60
0 62 54 0
0 62 0 60
0 59 0 0
0 59 64 60
0 62 51 0
0 62 0 60
0 59 0 0
0 62 39 60
0 59 50 0
0 59 0 60
0 62 0 0
0 43 55 60
0 55 44 120
0 60 44 0
0 60 0 60
0 55 0 0
0 55 44 60
0 60 59 0
0 52 50 0
0 60 0 60
0 55 0 0
0 55 44 60
0 60 44 0
0 60 0 60
0 55 0 0
0 52 0 60
0 51 54 0
0 55 44 120
0 60 44 0
0 60 0 60
0 55 0 0
0 51 0 60
0 55 44 120
0 59 44 0
0 59 0 60
0 55 0 0
0 55 44 60
0 59 59 0
0 59 0 60
0 55 0 0
0 55 44 60
0 59 44 0
0 59 0 60
0 55 0 0
0 43 0 60
0 55 37 120
0 59 37 0
0 59 0 60
0 55 0 0
0 43 46 60
0 55 37 120
0 60 37 0
0 60 0 60
0 55 0 0
0 55 37 60
0 60 50 0
0 52 42 0
0 60 0 60
0 55 0 0
0 55 37 60
0 60 37 0
0 60 0 60
0 55 0 0
0 52 0 60
0 51 45 0
0 55 37 120
0 60 37 0
0 60 0 60
0 55 0 0
0 51 0 60
0 50 45 0
0 55 31 120
0 59 37 0
0 59 0 60
0 55 0 0
0 55 32 60
0 59 51 0
0 59 0 60
0 55 0 0
0 55 33 60
0 59 39 0
0 59 0 60
0 55 0 0
0 50 0 60
0 43 0 0
0 55 34 120
0 59 41 0
0 59 0 60
0 55 0 0
0 55 31 180
0 59 37 0
0 59 0 60
0 55 0 0
0 31 43 60
0 43 46 0
0 55 32 0
0 59 51 0
0 59 0 60
0 55 0 0
0 55 33 60
0 59 39 0
0 59 0 60
0 55 0 0
0 43 0 60
0 31 0 0
0 55 34 120
0 59 41 0
0 59 0 60
0 55 0 0
0 59 34 180
0 62 41 0
0 62 0 60
0 59 0 0
0 32 49 60
0 44 52 0
0 59 36 0
0 62 58 0
0 62 0 60
0 59 0 0
0 59 38 60
0 62 45 0
0 62 0 60
0 59 0 0
0 44 0 60
0 32 0 0
0 59 41 120
0 62 50 0
0 62 0 60
0 59 0 0
0 59 39 180
0 62 46 0
0 62 0 60
0 59 0 0
0 52 59 60
0 40 55 0
0 59 43 120
0 62 51 0
0 62 0 60
0 59 0 0
0 40 0 60
0 52 0 0
0 59 46 120
0 62 56 0
0 62 0 60
0 59 0 0
0 57 43 180
0 61 51 0
0 61 0 60
0 57 0 0
0 33 60 60
0 45 64 0
0 57 44 0
0 61 71 0
0 61 0 60
0 57 0 0
0 57 46 60
0 61 54 0
0 61 0 60
0 57 0 0
0 45 0 60
0 33 0 0
0 57 34 120
0 61 41 0
0 61 0 60
0 57 0 0
0 57 33 180
0 61 39 0
0 61 0 60
0 57 0 0
0 33 47 60
0 45 51 0
0 57 35 0
0 61 56 0
0 61 0 60
0 57 0 0
0 57 37 60
0 61 44 0
0 61 0 60
0 57 0 0
0 45 0 60
0 33 0 0
0 57 40 120
0 61 49 0
0 61 0 60
0 57 0 0
0 61 38 180
0 64 46 0
0 64 0 60
0 61 0 0
0 34 55 60
0 46 58 0
0 61 40 0
0 64 65 0
0 64 0 60
0 61 0 0
0 61 43 60
0 64 51 0
0 64 0 60
0 61 0 0
0 46 0 60
0 34 0 0
0 61 46 120
0 64 56 0
0 64 0 60
0 61 0 0
0 61 41 180
0 64 49 0
0 64 0 60
0 61 0 0
0 54 62 60
0 42 58 0
0 61 44 120
0 64 52 0
0 64 0 60
0 61 0 0
0 42 0 60
0 54 0 0
0 61 45 120
0 64 55 0
0 64 0 60
0 61 0 0
0 59 41 180
0 63 49 0
0 63 0 60
0 59 0 0
0 35 58 60
0 47 62 0
0 59 43 0
0 63 68 0
0 63 0 60
0 59 0 0
0 59 44 60
0 63 52 0
0 63 0 60
0 59 0 0
0 47 0 60
0 35 0 0
0 47 58 0
0 59 45 120
0 63 45 0
0 66 55 0
0 66 0 60
0 63 0 0
0 59 0 0
0 47 0 60
0 47 62 0
0 66 43 120
0 69 68 0
0 69 0 60
0 66 0 0
0 47 0 60
0 49 68 0
0 66 34 0
0 69 54 0
0 69 0 60
0 66 0 0
0 49 0 0
0 51 73 60
0 66 35 0
0 69 41 0
0 69 0 60
0 66 0 0
0 51 0 0
0 52 72 60
0 52 0 60
0 54 76 60
0 66 76 0
0 69 76 0
0 69 0 60
0 66 0 0
0 54 0 0
0 55 84 60
0 59 59 120
0 67 70 0
0 64 59 0
0 64 0 60
0 67 0 0
0 59 0 0
0 64 56 60
0 67 66 0
0 59 56 0
0 59 0 60
0 67 0 0
0 64 0 0
0 64 57 60
0 67 68 0
0 59 57 0
0 59 0 60
0 67 0 0
0 64 0 0
0 64 59 60
0 67 70 0
0 59 59 0
0 59 0 60
0 67 0 0
0 64 0 0
0 64 61 60
0 67 72 0
0 59 61 0
0 59 0 60
0 67 0 0
0 64 0 0
0 55 0 60
0 47 72 0
0 47 0 120
0 55 59 0
0 62 59 0
0 65 70 0
0 65 0 90
0 62 0 0
0 55 0 0
0 65 70 30
0 62 59 0
0 55 59 0
0 55 0 90
0 62 0 0
0 65 0 0
0 55 59 30
0 62 59 0
0 65 70 0
0 65 0 90
0 62 0 0
0 55 0 0
0 55 59 30
0 62 59 0
0 65 70 0
0 65 0 90
0 62 0 0
0 55 0 0
0 55 59 30
0 62 59 0
0 65 70 0
0 65 0 90
0 62 0 0
0 55 0 0
0 48 72 30
0 48 0 120
0 55 59 0
0 60 59 0
0 64 70 0
0 64 0 90
0 60 0 0
0 55 0 0
0 64 70 30
0 60 59 0
0 55 59 0
0 55 0 90
0 60 0 0
0 64 0 0
0 60 44 30
0 64 52 0
0 64 0 60
0 60 0 0
0 60 59 60
0 64 70 0
0 43 58 0
0 64 0 60
0 60 0 0
0 60 45 60
0 64 55 0
0 64 0 60
0 60 0 0
0 43 0 60
0 43 62 0
0 62 43 120
0 65 68 0
0 65 0 60
0 62 0 0
0 43 0 60
0 45 68 0
0 62 34 0
0 65 54 0
0 65 0 60
0 62 0 0
0 45 0 0
0 47 73 60
0 62 35 0
0 65 41 0
0 65 0 60
0 62 0 0
0 47 0 0
0 48 76 60
0 48 0 60
0 50 78 60
0 62 78 0
0 65 78 0
0 65 0 60
0 62 0 0
0 50 0 0
0 52 84 60
0 55 59 120
0 64 70 0
0 60 59 0
0 60 0 60
0 64 0 0
0 55 0 0
0 60 56 60
0 64 66 0
0 55 56 0
0 55 0 60
0 64 0 0
0 60 0 0
0 60 57 60
0 64 68 0
0 55 57 0
0 55 0 60
0 64 0 0
0 60 0 0
0 60 59 60
0 64 70 0
0 55 59 0
0 55 0 60
0 64 0 0
0 60 0 0
0 60 61 60
0 64 72 0
0 55 61 0
0 55 0 60
0 64 0 0
0 60 0 0
0 52 0 60
0 44 72 0
0 44 0 120
0 52 53 0
0 59 53 0
0 62 63 0
0 62 0 90
0 59 0 0
0 52 0 0
0 62 70 30
0 59 59 0
0 52 59 0
0 52 0 90
0 59 0 0
0 62 0 0
0 52 53 30
0 59 53 0
0 62 63 0
0 62 0 90
0 59 0 0
0 52 0 0
0 52 59 30
0 59 59 0
0 62 70 0
0 62 0 90
0 59 0 0
0 52 0 0
0 52 53 30
0 59 53 0
0 62 63 0
0 62 0 90
0 59 0 0
0 52 0 0
0 45 72 30
0 45 0 120
0 57 59 0
0 60 70 0
0 60 0 90
0 57 0 0
0 60 70 30
0 57 59 0
0 57 0 90
0 60 0 0
0 55 59 30
0 57 59 0
0 60 70 0
0 60 0 90
0 57 0 0
0 55 0 0
0 55 59 30
0 57 59 0
0 60 70 0
0 60 0 90
0 57 0 0
0 55 0 0
0 54 59 30
0 57 59 0
0 60 70 0
0 60 0 90
0 57 0 0
0 54 0 0
0 51 70 30
0 54 70 0
0 57 70 0
0 59 70 0
0 59 0 60
0 51 0 0
0 54 0 0
0 57 0 0
0 54 45 60
0 51 45 0
0 57 45 0
0 59 53 0
0 54 0 60
0 51 0 1
0 57 0 0
0 59 0 0
0 54 51 59
0 59 60 0
0 57 51 0
0 51 51 0
0 54 0 60
0 59 0 1
0 57 0 0
0 51 0 0
0 54 52 59
0 51 52 0
0 57 52 0
0 59 62 0
0 54 0 60
0 51 0 1
0 57 0 0
0 59 0 0
0 54 53 59
0 51 53 0
0 57 53 0
0 59 63 0
0 54 0 60
0 51 0 1
0 57 0 0
0 59 0 0
0 54 54 59
0 51 54 0
0 57 54 0
0 59 65 0
0 54 0 60
0 51 0 1
0 57 0 0
0 59 0 0
0 52 56 59
0 55 56 0
0 59 66 0
0 59 0 240
0 55 0 0
0 52 0 0
0 64 54 120
0 67 64 0
0 67 0 60
0 64 0 0
0 64 56 60
0 67 66 0
0 67 0 60
0 64 0 0
0 67 64 60
0 64 54 0
0 64 0 60
0 67 0 0
0 62 52 420
0 66 52 0
0 67 62 0
0 67 0 60
0 66 0 0
0 62 0 0
0 62 54 60
0 66 54 0
0 67 64 0
0 67 0 60
0 66 0 0
0 62 0 0
0 62 51 60
0 67 61 0
0 66 51 0
0 66 0 60
0 67 0 0
0 62 0 0
0 61 50 420
0 64 50 0
0 67 59 0
0 67 0 60
0 64 0 0
0 61 0 0
0 61 51 60
0 64 51 0
0 67 60 0
0 67 0 60
0 64 0 0
0 61 0 0
0 61 49 60
0 67 58 0
0 64 49 0
0 64 0 60
0 67 0 0
0 61 0 0
0 62 47 420
0 66 56 0
0 66 0 60
0 62 0 0
0 62 48 60
0 66 57 0
0 66 0 60
0 62 0 0
0 62 46 60
0 66 55 0
0 66 0 60
0 62 0 0
0 59 44 420
0 62 53 0
0 62 0 60
0 59 0 0
0 59 45 60
0 62 54 0
0 62 0 60
0 59 0 0
0 59 43 60
0 62 51 0
0 62 0 60
0 59 0 0
0 55 35 420
0 59 42 0
0 59 0 60
0 55 0 0
0 55 35 60
0 59 41 0
0 59 0 60
0 55 0 0
0 55 32 60
0 59 38 0
0 59 0 60
0 55 0 0
0 50 30 420
0 55 36 0
0 55 0 60
0 50 0 0
0 50 31 60
0 55 36 0
0 55 0 60
0 50 0 0
0 50 30 60
0 55 36 0
0 55 0 60
0 50 0 0
0 43 30 420
0 47 36 0
0 47 0 60
0 43 0 0
0 43 31 60
0 47 36 0
0 47 0 60
0 43 0 0
0 43 30 60
0 47 36 0
0 47 0 60
0 43 0 0
0 42 36 60
0 46 36 0
0 46 0 180
0 42 0 0
0 55 46 660
0 52 36 0
0 49 36 0
0 47 36 0
0 47 0 60
0 55 0 0
0 52 0 0
0 49 0 0
0 47 39 60
0 49 39 0
0 52 39 0
0 55 50 0
0 55 0 60
0 47 0 0
0 49 0 0
0 52 0 0
0 55 46 60
0 52 36 0
0 49 36 0
0 47 36 0
0 47 0 60
0 55 0 0
0 52 0 0
0 49 0 0
0 47 41 60
0 49 41 0
0 52 41 0
0 55 52 0
0 55 0 60
0 47 0 0
0 49 0 0
0 52 0 0
0 55 46 60
0 52 36 0
0 49 36 0
0 47 36 0
0 47 0 60
0 55 0 0
0 52 0 0
0 49 0 0
0 46 50 60
0 49 50 0
0 54 57 0
0 54 0 240
0 49 0 0
0 46 0 0
0 55 46 600
0 52 36 0
0 49 36 0
0 47 36 0
0 47 0 60
0 55 0 0
0 52 0 0
0 49 0 0
0 47 39 60
0 49 39 0
0 52 39 0
0 55 50 0
0 55 0 60
0 47 0 0
0 49 0 0
0 52 0 0
0 55 46 60
0 52 36 0
0 49 36 0
0 47 36 0
0 47 0 60
0 55 0 0
0 52 0 0
0 49 0 0
0 47 41 60
0 49 41 0
0 52 41 0
0 55 52 0
0 55 0 60
0 47 0 0
0 49 0 0
0 52 0 0
0 55 46 60
0 52 36 0
0 49 36 0
0 47 36 0
0 47 0 60
0 55 0 0
0 52 0 0
0 49 0 0
0 46 50 60
0 49 50 0
0 54 57 0
0 54 0 240
0 49 0 0
0 46 0 0
0 54 47 360
0 54 0 120
0 57 48 0
0 57 0 120
0 59 43 0
0 59 0 120
0 61 43 0
0 61 0 120
0 62 45 0
0 62 0 120
0 64 50 0
0 64 0 110
0 57 46 10
0 57 0 120
0 61 47 0
0 61 0 120
0 62 47 0
0 62 0 120
0 64 47 0
0 64 0 120
0 66 48 0
0 66 0 120
0 67 53 0
0 67 0 110
0 58 50 10
0 58 0 120
0 61 50 0
0 61 0 110
0 62 52 10
0 62 0 120
0 64 53 0
0 64 0 120
0 66 56 0
0 66 0 120
0 67 57 0
0 67 0 110
0 66 56 10
0 66 0 120
0 64 55 0
0 64 0 120
0 66 54 0
0 66 0 120
0 67 59 0
0 67 0 120
0 66 56 0
0 66 0 120
0 64 55 0
0 64 0 120
0 62 53 0
0 62 0 120
0 61 57 0
0 61 0 120
0 62 53 0
0 62 0 120
0 64 56 0
0 64 0 120
0 62 50 0
0 62 0 120
0 61 53 0
0 61 0 120
0 59 50 0
0 59 0 120
0 58 48 0
0 58 0 120
0 59 42 0
0 59 0 120
0 61 50 0
0 61 0 120
0 58 43 0
0 58 0 120
0 55 49 0
0 55 0 120
0 54 43 0
0 54 0 120
0 52 46 0
0 52 0 120
0 54 40 0
0 54 0 120
0 55 43 0
0 55 0 120
0 52 40 0
0 52 0 120
0 50 40 0
0 50 0 120
0 49 40 0
0 49 0 120
0 61 47 0
0 46 40 0
0 46 0 60
0 61 0 0
0 54 33 60
0 61 33 0
0 64 43 0
0 64 0 60
0 61 0 0
0 54 0 0
0 54 37 60
0 61 37 0
0 64 47 0
0 64 0 60
0 61 0 0
0 54 0 0
0 54 39 60
0 61 39 0
0 64 50 0
0 64 0 60
0 61 0 0
0 54 0 0
0 54 42 60
0 61 42 0
0 64 53 0
0 64 0 60
0 61 0 0
0 54 0 0
0 54 46 60
0 61 46 0
0 64 57 0
0 64 0 60
0 61 0 0
0 54 0 0
0 47 60 60
0 47 0 60
0 62 43 60
0 59 34 0
0 54 34 0
0 54 0 60
0 59 0 0
0 62 0 0
0 54 41 60
0 59 41 0
0 62 52 0
0 62 0 60
0 59 0 0
0 54 0 0
0 54 39 60
0 59 39 0
0 62 49 0
0 62 0 60
0 59 0 0
0 54 0 0
0 62 56 60
0 59 44 0
0 54 44 0
0 54 0 60
0 59 0 0
0 62 0 0
0 54 42 60
0 59 42 0
0 62 54 0
0 62 0 60
0 59 0 0
0 54 0 0
0 43 60 60
0 43 0 60
0 64 44 60
0 59 35 0
0 55 35 0
0 55 0 60
0 59 0 0
0 64 0 0
0 55 39 60
0 59 39 0
0 64 49 0
0 64 0 60
0 59 0 0
0 55 0 0
0 55 37 60
0 59 37 0
0 64 46 0
0 64 0 60
0 59 0 0
0 55 0 0
0 55 41 60
0 59 41 0
0 64 51 0
0 64 0 60
0 59 0 0
0 55 0 0
0 55 46 60
0 59 46 0
0 64 59 0
0 64 0 60
0 59 0 0
0 55 0 0
0 42 65 60
0 42 0 60
0 64 54 60
0 58 43 0
0 54 43 0
0 54 0 60
0 58 0 0
0 64 0 0
0 64 59 60
0 58 46 0
0 54 46 0
0 54 0 60
0 58 0 0
0 64 0 0
0 64 63 60
0 58 50 0
0 54 50 0
0 54 0 60
0 58 0 0
0 64 0 0
0 64 46 60
0 61 36 0
0 54 36 0
0 54 0 60
0 61 0 0
0 64 0 0
0 54 34 60
0 61 34 0
0 64 43 0
0 64 0 60
0 61 0 0
0 54 0 0
0 46 46 60
0 46 0 60
0 54 37 60
0 61 37 0
0 64 49 0
0 64 0 60
0 61 0 0
0 54 0 0
0 54 42 60
0 61 42 0
0 64 54 0
0 64 0 60
0 61 0 0
0 54 0 0
0 54 44 60
0 61 44 0
0 64 57 0
0 64 0 60
0 61 0 0
0 54 0 0
0 54 48 60
0 61 48 0
0 64 60 0
0 64 0 60
0 61 0 0
0 54 0 0
0 54 52 60
0 61 52 0
0 64 65 0
0 64 0 60
0 61 0 0
0 54 0 0
0 47 69 60
0 47 0 60
0 62 49 60
0 59 39 0
0 54 39 0
0 54 0 60
0 59 0 0
0 62 0 0
0 54 47 60
0 59 47 0
0 62 59 0
0 62 0 60
0 59 0 0
0 54 0 0
0 54 44 60
0 59 44 0
0 62 56 0
0 62 0 60
0 59 0 0
0 54 0 0
0 62 64 60
0 59 50 0
0 54 50 0
0 54 0 60
0 59 0 0
0 62 0 0
0 54 48 60
0 59 48 0
0 62 62 0
0 62 0 60
0 59 0 0
0 54 0 0
0 43 77 60
0 43 0 60
0 64 56 60
0 59 44 0
0 55 44 0
0 55 0 60
0 59 0 0
0 64 0 0
0 55 50 60
0 59 50 0
0 64 63 0
0 64 0 60
0 59 0 0
0 55 0 0
0 55 48 60
0 59 48 0
0 64 59 0
0 64 0 60
0 59 0 0
0 55 0 0
0 55 52 60
0 59 52 0
0 64 65 0
0 64 0 60
0 59 0 0
0 55 0 0
0 55 59 60
0 59 59 0
0 64 75 0
0 64 0 60
0 59 0 0
0 55 0 0
0 42 83 60
0 42 0 60
0 54 55 60
0 58 55 0
0 64 65 0
0 64 0 60
0 58 0 0
0 54 0 0
0 54 61 60
0 58 61 0
0 64 72 0
0 64 0 60
0 58 0 0
0 54 0 0
0 54 53 60
0 58 53 0
0 64 63 0
0 64 0 60
0 58 0 0
0 54 0 0
0 54 58 60
0 58 69 0
0 64 69 0
0 64 0 60
0 58 0 0
0 54 0 0
0 54 51 60
0 58 61 0
0 64 61 0
0 64 0 60
0 58 0 0
0 54 0 0
0 64 64 60
0 58 54 0
0 54 54 0
0 54 0 60
0 58 0 0
0 64 0 0
0 64 58 60
0 58 49 0
0 54 49 0
0 54 0 60
0 58 0 0
0 64 0 0
0 66 62 60
0 64 52 0
0 58 52 0
0 54 52 0
0 54 0 60
0 66 0 0
0 64 0 0
0 58 0 0
0 66 65 60
0 64 55 0
0 58 55 0
0 54 55 0
0 54 0 60
0 66 0 0
0 64 0 0
0 58 0 0
0 66 68 60
0 64 57 0
0 58 57 0
0 54 57 0
0 54 0 60
0 66 0 0
0 64 0 0
0 58 0 0
0 66 72 60
0 64 61 0
0 58 61 0
0 54 61 0
0 54 0 60
0 66 0 0
0 64 0 0
0 58 0 0
0 62 64 180
0 59 54 0
0 59 0 60
0 62 0 0
0 61 58 180
0 54 49 0
0 54 0 60
0 61 0 0
0 55 51 180
0 59 60 0
0 59 0 60
0 55 0 0
0 57 64 180
0 51 54 0
0 51 0 60
0 57 0 0
0 55 58 180
0 52 49 0
0 52 0 60
0 55 0 0
0 51 51 180
0 57 60 0
0 57 0 60
0 51 0 0
0 55 64 180
0 52 54 0
0 52 0 60
0 55 0 0
0 62 58 180
0 56 49 0
0 56 0 60
0 62 0 0
0 57 51 180
0 61 60 0
0 61 0 60
0 57 0 0
0 59 64 180
0 53 54 0
0 53 0 60
0 59 0 0
0 57 58 180
0 54 49 0
0 54 0 60
0 57 0 0
0 53 51 180
0 59 60 0
0 59 0 60
0 53 0 0
0 57 64 180
0 54 54 0
0 54 0 60
0 57 0 0
0 68 58 180
0 61 49 0
0 61 0 60
0 68 0 0
0 62 51 180
0 66 60 0
0 66 0 60
0 62 0 0
0 64 64 180
0 58 54 0
0 58 0 60
0 64 0 0
0 62 58 180
0 59 49 0
0 59 0 60
0 62 0 0
0 58 51 180
0 64 60 0
0 64 0 60
0 58 0 0
0 62 64 180
0 59 54 0
0 59 0 60
0 62 0 0
0 54 58 180
0 50 49 0
0 50 0 60
0 54 0 0
0 51 51 180
0 54 60 0
0 54 0 60
0 51 0 0
0 52 54 180
0 59 64 0
0 55 54 0
0 55 0 60
0 59 0 0
0 52 0 0
0 59 58 180
0 54 49 0
0 54 0 60
0 59 0 0
0 55 52 180
0 59 61 0
0 59 0 60
0 55 0 0
0 54 55 180
0 62 65 0
0 59 55 0
0 59 0 60
0 62 0 0
0 54 0 0
0 59 52 180
0 62 61 0
0 54 52 0
0 54 0 60
0 62 0 0
0 59 0 0
0 59 55 180
0 54 55 0
0 62 64 0
0 62 0 60
0 54 0 0
0 59 0 0
0 54 58 180
0 64 70 0
0 58 58 0
0 58 0 60
0 64 0 0
0 54 0 0
0 59 54 180
0 64 64 0
0 54 54 0
0 54 0 60
0 64 0 0
0 59 0 0
0 61 57 180
0 54 57 0
0 64 67 0
0 64 0 60
0 54 0 0
0 61 0 0
0 43 95 60
0 43 0 60
0 74 72 60
0 71 72 0
0 67 72 0
0 62 55 0
0 55 55 0
0 55 0 60
0 67 0 0
0 74 0 0
0 71 0 0
0 62 0 0
0 74 77 60
0 71 77 0
0 67 77 0
0 62 61 0
0 55 61 0
0 55 0 60
0 67 0 0
0 74 0 0
0 71 0 0
0 62 0 0
0 74 73 60
0 71 73 0
0 67 73 0
0 62 65 0
0 55 65 0
0 55 0 60
0 67 0 0
0 74 0 0
0 71 0 0
0 62 0 0
0 74 75 60
0 71 75 0
0 67 84 0
0 62 66 0
0 55 66 0
0 55 0 60
0 67 0 0
0 74 0 0
0 71 0 0
0 62 0 0
0 74 71 60
0 71 71 0
0 55 55 0
0 62 55 0
0 67 71 0
0 67 0 60
0 55 0 0
0 74 0 0
0 71 0 0
0 62 0 0
0 67 68 60
0 65 68 0
0 71 68 0
0 74 86 0
0 62 68 0
0 55 68 0
0 55 0 60
0 65 0 0
0 71 0 0
0 67 0 0
0 62 0 0
0 74 0 0
0 67 62 60
0 65 62 0
0 71 62 0
0 74 80 0
0 62 62 0
0 55 62 0
0 55 0 60
0 65 0 0
0 71 0 0
0 67 0 0
0 62 0 0
0 74 0 0
0 65 74 60
0 62 68 0
0 67 86 0
0 55 68 0
0 55 0 60
0 65 0 0
0 62 0 0
0 67 0 0
0 65 69 60
0 67 69 0
0 71 69 0
0 74 79 0
0 55 69 0
0 62 69 0
0 62 0 60
0 67 0 0
0 71 0 0
0 65 0 0
0 55 0 0
0 74 0 0
0 65 74 60
0 67 94 0
0 62 74 0
0 55 74 0
0 55 0 60
0 65 0 0
0 67 0 0
0 62 0 0
0 65 62 60
0 67 62 0
0 62 62 0
0 74 79 0
0 55 62 0
0 55 0 60
0 62 0 0
0 65 0 0
0 67 0 0
0 74 0 0
0 48 95 60
0 48 0 60
0 55 60 60
0 67 60 0
0 72 77 0
0 64 60 0
0 60 60 0
0 60 0 60
0 72 0 0
0 55 0 0
0 67 0 0
0 64 0 0
0 55 63 60
0 64 81 0
0 60 63 0
0 60 0 60
0 64 0 0
0 55 0 0
0 55 66 60
0 64 82 0
0 60 66 0
0 60 0 60
0 64 0 0
0 55 0 0
0 55 64 60
0 63 81 0
0 60 64 0
0 60 0 60
0 63 0 0
0 55 0 0
0 55 51 60
0 60 51 0
0 63 66 0
0 63 0 60
0 60 0 0
0 55 0 0
0 50 75 60
0 50 0 60
0 62 49 60
0 67 63 0
0 60 49 0
0 57 49 0
0 57 0 60
0 62 0 0
0 67 0 0
0 60 0 0
0 57 53 60
0 62 53 0
0 67 69 0
0 60 53 0
0 60 0 60
0 57 0 0
0 62 0 0
0 67 0 0
0 57 58 60
0 62 58 0
0 67 73 0
0 60 58 0
0 60 0 60
0 57 0 0
0 62 0 0
0 67 0 0
0 60 59 60
0 62 74 0
0 57 59 0
0 57 0 60
0 62 0 0
0 60 0 0
0 62 49 60
0 60 49 0
0 66 49 0
0 57 49 0
0 69 62 0
0 69 0 60
0 66 0 0
0 62 0 0
0 60 0 0
0 57 0 0
0 55 75 60
0 55 0 60
0 62 49 60
0 67 63 0
0 59 49 0
0 59 0 60
0 67 0 0
0 62 0 0
0 59 53 60
0 62 53 0
0 67 69 0
0 67 0 60
0 62 0 0
0 59 0 0
0 59 58 60
0 62 58 0
0 67 73 0
0 67 0 60
0 62 0 0
0 59 0 0
0 62 59 60
0 67 74 0
0 59 59 0
0 59 0 60
0 67 0 0
0 62 0 0
0 62 49 60
0 59 49 0
0 67 62 0
0 67 0 60
0 59 0 0
0 62 0 0
0 43 75 60
0 43 0 60
0 65 58 60
0 55 58 0
0 67 58 0
0 71 58 0
0 74 76 0
0 62 58 0
0 62 0 60
0 55 0 0
0 67 0 0
0 65 0 0
0 74 0 0
0 71 0 0
0 65 77 60
0 55 61 0
0 62 61 0
0 67 77 0
0 67 0 60
0 65 0 0
0 55 0 0
0 62 0 0
0 65 69 60
0 55 69 0
0 67 69 0
0 71 69 0
0 74 78 0
0 62 69 0
0 62 0 60
0 55 0 0
0 67 0 0
0 65 0 0
0 74 0 0
0 71 0 0
0 65 83 60
0 55 66 0
0 67 84 0
0 62 66 0
0 62 0 60
0 65 0 0
0 55 0 0
0 67 0 0
0 65 62 60
0 71 62 0
0 55 62 0
0 67 62 0
0 62 62 0
0 74 79 0
0 74 0 60
0 71 0 0
0 55 0 0
0 65 0 0
0 62 0 0
0 67 0 0
0 48 95 60
0 48 0 60
0 67 57 60
0 72 57 0
0 55 57 0
0 64 57 0
0 60 57 0
0 60 0 60
0 55 0 0
0 67 0 0
0 72 0 0
0 64 0 0
0 55 57 60
0 64 73 0
0 60 57 0
0 60 0 60
0 64 0 0
0 55 0 0
0 55 56 60
0 64 70 0
0 60 56 0
0 60 0 60
0 64 0 0
0 55 0 0
0 55 53 60
0 64 66 0
0 60 53 0
0 60 0 60
0 64 0 0
0 55 0 0
0 55 39 60
0 60 39 0
0 64 51 0
0 64 0 60
0 60 0 0
0 55 0 0
0 48 55 60
0 60 44 120
0 65 44 0
0 65 0 60
0 60 0 0
0 60 44 60
0 65 59 0
0 57 50 0
0 65 0 60
0 60 0 0
0 60 44 60
0 65 44 0
0 65 0 60
0 60 0 0
0 57 0 60
0 56 54 0
0 60 44 120
0 65 44 0
0 65 0 60
0 60 0 0
0 56 0 60
0 55 54 0
0 60 44 120
0 64 44 0
0 64 0 60
0 60 0 0
0 60 44 60
0 64 59 0
0 64 0 60
0 60 0 0
0 60 44 60
0 64 44 0
0 64 0 60
0 60 0 0
0 55 0 60
0 48 0 0
0 60 37 120
0 64 37 0
0 64 0 60
0 60 0 0
0 53 46 60
0 48 46 0
0 60 37 120
0 65 37 0
0 65 0 60
0 60 0 0
0 60 37 60
0 65 50 0
0 57 42 0
0 65 0 60
0 60 0 0
0 60 37 60
0 65 37 0
0 65 0 60
0 60 0 0
0 57 0 60
0 56 45 0
0 60 37 120
0 65 37 0
0 65 0 60
0 60 0 0
0 56 0 60
0 53 0 0
0 52 46 0
0 55 46 0
0 60 31 120
0 64 37 0
0 64 0 60
0 60 0 0
0 60 32 60
0 64 51 0
0 64 0 60
0 60 0 0
0 60 33 60
0 64 39 0
0 64 0 60
0 60 0 0
0 60 46 60
0 64 55 0
0 64 0 60
0 60 0 0
0 60 34 60
0 64 41 0
0 64 0 60
0 60 0 0
0 48 0 60
0 52 0 0
0 55 0 0
0 64 43 0
0 60 35 0
0 60 0 60
0 64 0 0
0 60 37 60
0 64 44 0
0 64 0 60
0 60 0 0
0 60 38 60
0 64 45 0
0 64 0 60
0 60 0 0
0 60 39 60
0 64 46 0
0 64 0 60
0 60 0 0
0 64 40 180
0 67 40 0
0 67 0 60
0 64 0 0
0 63 34 180
0 66 40 0
0 66 0 60
0 63 0 0
0 39 54 60
0 51 57 0
0 63 35 0
0 66 56 0
0 66 0 60
0 63 0 0
0 63 36 60
0 66 42 0
0 66 0 60
0 63 0 0
0 51 0 60
0 39 0 0
0 60 37 120
0 66 45 0
0 66 0 60
0 60 0 0
0 59 34 180
0 64 40 0
0 64 0 60
0 59 0 0
0 59 35 60
0 64 56 0
0 40 54 0
0 52 57 0
0 64 0 60
0 59 0 0
0 59 36 60
0 64 42 0
0 64 0 60
0 59 0 0
0 40 0 60
0 52 0 0
0 59 37 120
0 64 45 0
0 64 0 60
0 59 0 0
0 58 37 180
0 61 45 0
0 61 0 60
0 58 0 0
0 42 60 60
0 54 65 0
0 64 49 120
0 61 41 0
0 61 0 60
0 64 0 0
0 54 0 60
0 42 0 0
0 64 45 120
0 67 55 0
0 67 0 60
0 64 0 0
0 67 42 180
0 70 50 0
0 70 0 60
0 67 0 0
0 47 73 60
0 35 69 0
0 66 47 120
0 71 56 0
0 71 0 60
0 66 0 0
0 35 0 60
0 47 0 0
0 64 50 120
0 67 61 0
0 67 0 60
0 64 0 0
0 63 34 180
0 66 40 0
0 66 0 60
0 63 0 0
0 39 54 60
0 51 57 0
0 63 35 0
0 66 56 0
0 66 0 60
0 63 0 0
0 63 36 60
0 66 42 0
0 66 0 60
0 63 0 0
0 51 0 60
0 39 0 0
0 60 37 120
0 66 45 0
0 66 0 60
0 60 0 0
0 59 34 180
0 64 40 0
0 64 0 60
0 59 0 0
0 59 35 60
0 64 56 0
0 40 54 0
0 52 57 0
0 64 0 60
0 59 0 0
0 59 36 60
0 64 42 0
0 64 0 60
0 59 0 0
0 40 0 60
0 52 0 0
0 59 37 120
0 64 45 0
0 64 0 60
0 59 0 0
0 58 37 180
0 61 45 0
0 61 0 60
0 58 0 0
0 42 60 60
0 54 65 0
0 64 49 120
0 61 41 0
0 61 0 60
0 64 0 0
0 54 0 60
0 42 0 0
0 64 45 120
0 67 55 0
0 67 0 60
0 64 0 0
0 67 42 180
0 70 50 0
0 70 0 60
0 67 0 0
0 47 73 60
0 35 69 0
0 66 47 120
0 71 56 0
0 71 0 60
0 66 0 0
0 35 0 60
0 47 0 0
0 64 50 120
0 67 61 0
0 67 0 60
0 64 0 0
0 66 61 180
0 59 48 0
0 57 48 0
0 54 48 0
0 51 48 0
0 69 61 0
0 69 0 60
0 59 0 0
0 57 0 0
0 66 0 0
0 51 0 0
0 54 0 0
0 51 42 60
0 54 42 0
0 57 42 0
0 59 42 0
0 66 69 0
0 69 69 0
0 69 0 60
0 54 0 0
0 57 0 0
0 51 0 0
0 66 0 0
0 59 0 0
0 69 65 60
0 66 65 0
0 59 51 0
0 57 51 0
0 54 51 0
0 51 51 0
0 51 0 60
0 66 0 0
0 59 0 0
0 69 0 0
0 54 0 0
0 57 0 0
0 51 46 60
0 54 46 0
0 57 46 0
0 59 46 0
0 66 75 0
0 69 75 0
0 69 0 60
0 54 0 0
0 57 0 0
0 51 0 0
0 66 0 0
0 59 0 0
0 69 70 60
0 66 70 0
0 59 56 0
0 57 56 0
0 54 56 0
0 51 56 0
0 51 0 60
0 66 0 0
0 59 0 0
0 69 0 0
0 54 0 0
0 57 0 0
0 51 49 60
0 54 49 0
0 57 49 0
0 59 49 0
0 66 80 0
0 69 80 0
0 69 0 240
0 54 0 0
0 51 0 0
0 57 0 0
0 66 0 0
0 68 61 0
0 64 61 0
0 56 48 0
0 52 48 0
0 52 0 240
0 64 0 0
0 59 0 0
0 68 0 0
0 56 0 0
0 68 61 360
0 61 48 0
0 59 48 0
0 56 48 0
0 53 48 0
0 71 61 0
0 71 0 60
0 61 0 0
0 59 0 0
0 68 0 0
0 53 0 0
0 56 0 0
0 53 42 60
0 56 42 0
0 59 42 0
0 61 42 0
0 68 69 0
0 71 69 0
0 71 0 60
0 56 0 0
0 59 0 0
0 53 0 0
0 68 0 0
0 61 0 0
0 71 65 60
0 68 65 0
0 61 51 0
0 59 51 0
0 56 51 0
0 53 51 0
0 53 0 60
0 68 0 0
0 61 0 0
0 71 0 0
0 56 0 0
0 59 0 0
0 53 46 60
0 56 46 0
0 59 46 0
0 61 46 0
0 68 75 0
0 71 75 0
0 71 0 60
0 56 0 0
0 59 0 0
0 53 0 0
0 68 0 0
0 61 0 0
0 71 70 60
0 68 70 0
0 61 56 0
0 59 56 0
0 56 56 0
0 53 56 0
0 53 0 60
0 68 0 0
0 61 0 0
0 71 0 0
0 56 0 0
0 59 0 0
0 54 49 60
0 59 49 0
0 61 49 0
0 66 80 0
0 71 80 0
0 71 0 240
0 61 0 0
0 54 0 0
0 59 0 0
0 66 0 0
0 64 61 0
0 55 48 0
0 55 0 240
0 64 0 0
0 62 55 360
0 59 55 0
0 54 55 0
0 54 0 60
0 59 0 0
0 62 0 0
0 54 47 60
0 59 47 0
0 62 47 0
0 62 0 60
0 59 0 0
0 54 0 0
0 62 55 60
0 59 55 0
0 54 55 0
0 54 0 60
0 59 0 0
0 62 0 0
0 54 47 60
0 59 47 0
0 62 47 0
0 62 0 60
0 59 0 0
0 54 0 0
0 62 55 60
0 59 55 0
0 54 55 0
0 54 0 60
0 59 0 0
0 62 0 0
0 64 55 180
0 61 55 0
0 54 55 0
0 54 0 60
0 61 0 0
0 64 0 0
0 54 47 60
0 61 47 0
0 64 47 0
0 64 0 60
0 61 0 0
0 54 0 0
0 64 55 60
0 61 55 0
0 54 55 0
0 54 0 60
0 61 0 0
0 64 0 0
0 54 47 60
0 61 47 0
0 64 47 0
0 64 0 60
0 61 0 0
0 54 0 0
0 64 55 60
0 61 55 0
0 54 55 0
0 54 0 60
0 61 0 0
0 64 0 0
0 59 70 60
0 62 70 0
0 62 0 240
0 59 0 0
0 54 64 1320
0 42 64 0
0 42 0 60
0 54 0 0
0 42 55 60
0 54 55 0
0 54 0 60
0 42 0 0
0 54 64 60
0 42 64 0
0 42 0 60
0 54 0 0
0 42 55 60
0 54 55 0
0 54 0 60
0 42 0 0
0 54 64 60
0 42 64 0
0 42 0 60
0 54 0 0
0 42 66 60
0 54 66 0
0 54 0 60
0 42 0 0
0 54 64 60
0 42 64 0
0 42 0 60
0 54 0 0
0 42 55 60
0 54 55 0
0 54 0 60
0 42 0 0
0 54 64 60
0 42 64 0
0 42 0 60
0 54 0 0
0 42 55 60
0 54 55 0
0 54 0 60
0 42 0 0
0 54 64 60
0 42 64 0
0 42 0 60
0 54 0 0
0 35 82 60
0 47 82 0
0 47 0 240
0 35 0 0
0 42 74 1320
0 30 74 0
0 30 0 60
0 42 0 0
0 30 63 60
0 42 63 0
0 42 0 60
0 30 0 0
0 42 74 60
0 30 74 0
0 30 0 60
0 42 0 0
0 30 63 60
0 42 63 0
0 42 0 60
0 30 0 0
0 42 74 60
0 30 74 0
0 30 0 60
0 42 0 0
0 30 55 60
0 42 55 0
0 42 0 60
0 30 0 0
0 42 64 60
0 30 64 0
0 30 0 60
0 42 0 0
0 30 55 60
0 42 55 0
0 42 0 60
0 30 0 0
0 42 64 60
0 30 64 0
0 30 0 60
0 42 0 0
0 30 55 60
0 42 55 0
0 42 0 60
0 30 0 0
0 42 64 60
0 30 64 0
0 30 0 60
0 42 0 0
0 42 74 180
0 30 74 0
0 30 0 60
0 42 0 0
0 30 63 60
0 42 63 0
0 42 0 60
0 30 0 0
0 42 74 60
0 30 74 0
0 30 0 60
0 42 0 0
0 30 63 60
0 42 63 0
0 42 0 60
0 30 0 0
0 42 74 60
0 30 74 0
0 30 0 60
0 42 0 0
0 30 55 60
0 42 55 0
0 42 0 60
0 30 0 0
0 42 64 60
0 30 64 0
0 30 0 60
0 42 0 0
0 30 55 60
0 42 55 0
0 42 0 60
0 30 0 0
0 42 64 60
0 30 64 0
0 30 0 60
0 42 0 0
0 30 55 60
0 42 55 0
0 42 0 60
0 30 0 0
0 42 64 60
0 30 64 0
0 30 0 60
0 42 0 0
0 54 74 180
0 42 74 0
0 42 0 60
0 54 0 0
0 42 68 60
0 54 68 0
0 54 0 60
0 42 0 0
0 54 81 60
0 42 81 0
0 42 0 60
0 54 0 0
0 42 68 60
0 54 68 0
0 54 0 60
0 42 0 0
0 54 81 60
0 42 81 0
0 42 0 60
0 54 0 0
0 42 60 60
0 54 60 0
0 54 0 60
0 54 70 60
0 54 0 60
0 42 0 60
0 54 60 0
0 54 0 60
0 54 70 60
0 54 0 60
0 42 55 60
0 54 55 0
0 54 0 60
0 54 64 60
0 54 0 60
0 42 0 60
0 47 75 0
0 47 0 60
0 54 51 60
0 54 0 60
0 54 56 60
0 54 0 60
0 54 51 60
0 54 0 60
0 54 56 60
0 54 0 60
0 54 39 60
0 54 0 60
0 54 51 60
0 54 0 60
0 54 46 60
0 54 0 60
0 54 51 60
0 54 0 60
0 54 45 60
0 54 0 60
0 53 51 60
0 53 0 60
0 53 46 60
0 53 0 60
0 54 56 60
0 54 0 60
0 54 51 60
0 54 0 60
0 55 62 60
0 55 0 60
0 55 56 60
0 55 0 60
0 54 57 60
0 54 0 60
0 54 48 60
0 54 0 60
0 55 69 60
0 55 0 60
0 55 62 60
0 55 0 60
0 54 62 60
0 54 0 60
0 54 53 60
0 54 0 60
0 58 46 60
0 58 0 60
0 58 39 60
0 58 0 60
0 59 49 60
0 59 0 60
0 59 45 60
0 59 0 60
0 61 52 60
0 61 0 60
0 61 49 60
0 61 0 60
0 62 53 60
0 62 0 60
0 62 51 60
0 62 0 60
0 64 64 60
0 64 0 60
0 64 62 60
0 64 0 60
0 66 67 60
0 66 0 60
0 66 61 60
0 66 0 60
0 64 68 60
0 64 0 60
0 64 58 60
0 64 0 60
0 62 67 60
0 62 0 60
0 62 59 60
0 62 0 60
0 60 62 60
0 60 0 60
0 60 51 60
0 60 0 60
0 59 60 60
0 59 0 60
0 59 51 60
0 59 0 60
0 58 53 60
0 58 0 60
0 58 49 60
0 58 0 60
0 59 52 60
0 59 0 60
0 59 47 60
0 59 0 60
0 54 52 60
0 54 0 60
0 54 49 60
0 54 0 60
0 55 51 60
0 55 0 60
0 55 42 60
0 55 0 60
0 53 57 60
0 53 0 60
0 53 38 60
0 53 0 60
0 54 43 60
0 54 0 60
0 54 34 60
0 54 0 60
0 49 42 60
0 49 0 60
0 49 36 60
0 49 0 60
0 50 42 60
0 50 0 60
0 50 35 60
0 50 0 60
0 59 40 60
0 54 32 0
0 42 32 0
0 42 0 60
0 54 0 0
0 59 0 0
0 42 30 60
0 54 30 0
0 59 38 0
0 59 0 60
0 54 0 0
0 42 0 0
0 59 33 60
0 54 33 0
0 47 40 0
0 47 0 60
0 54 0 0
0 59 0 0
0 59 34 60
0 54 34 0
0 47 34 0
0 62 45 0
0 62 0 60
0 59 0 0
0 54 0 0
0 47 0 0
0 59 40 60
0 54 40 0
0 47 40 0
0 62 40 0
0 66 51 0
0 66 0 60
0 47 0 0
0 59 0 0
0 54 0 0
0 62 0 0
0 59 45 60
0 54 45 0
0 47 45 0
0 62 45 0
0 66 58 0
0 66 0 60
0 47 0 0
0 59 0 0
0 54 0 0
0 62 0 0
0 59 53 60
0 54 53 0
0 47 53 0
0 62 53 0
0 66 67 0
0 66 0 60
0 47 0 0
0 59 0 0
0 54 0 0
0 62 0 0
0 59 63 60
0 54 63 0
0 47 63 0
0 62 63 0
0 66 78 0
0 66 0 60
0 47 0 0
0 59 0 0
0 54 0 0
0 62 0 0
0 62 62 60
0 66 74 0
0 59 62 0
0 54 52 0
0 47 52 0
0 47 0 60
0 59 0 0
0 62 0 0
0 66 0 0
0 54 0 0
0 66 62 60
0 59 52 0
0 54 44 0
0 47 44 0
0 62 52 0
0 62 0 60
0 54 0 0
0 66 0 0
0 59 0 0
0 47 0 0
0 59 58 60
0 54 49 0
0 47 49 0
0 62 58 0
0 66 69 0
0 66 0 60
0 47 0 0
0 59 0 0
0 54 0 0
0 62 0 0
0 59 54 60
0 54 45 0
0 47 45 0
0 62 54 0
0 66 63 0
0 66 0 60
0 47 0 0
0 59 0 0
0 54 0 0
0 62 0 0
0 59 59 60
0 54 50 0
0 47 50 0
0 62 59 0
0 66 70 0
0 66 0 60
0 47 0 0
0 59 0 0
0 54 0 0
0 62 0 0
0 66 62 60
0 62 53 0
0 47 44 0
0 54 44 0
0 59 53 0
0 59 0 60
0 47 0 0
0 66 0 0
0 62 0 0
0 54 0 0
0 62 57 60
0 66 68 0
0 59 57 0
0 54 48 0
0 47 48 0
0 47 0 60
0 59 0 0
0 62 0 0
0 66 0 0
0 54 0 0
0 66 58 60
0 59 49 0
0 54 40 0
0 47 40 0
0 62 49 0
0 62 0 60
0 54 0 0
0 66 0 0
0 59 0 0
0 47 0 0
0 59 55 60
0 54 46 0
0 47 46 0
0 62 55 0
0 66 65 0
0 66 0 60
0 47 0 0
0 59 0 0
0 54 0 0
0 62 0 0
0 59 49 60
0 54 41 0
0 47 41 0
0 62 49 0
0 66 58 0
0 66 0 60
0 47 0 0
0 59 0 0
0 54 0 0
0 62 0 0
0 59 53 60
0 54 44 0
0 47 44 0
0 62 53 0
0 66 63 0
0 66 0 60
0 47 0 0
0 59 0 0
0 54 0 0
0 62 0 0
0 66 59 60
0 62 50 0
0 47 42 0
0 54 42 0
0 59 50 0
0 59 0 60
0 47 0 0
0 66 0 0
0 62 0 0
0 54 0 0
0 66 65 60
0 62 55 0
0 59 55 0
0 54 46 0
0 47 46 0
0 47 0 180
0 59 0 0
0 66 0 0
0 62 0 0
0 54 0 0
0 66 55 60
0 62 46 0
0 59 46 0
0 54 39 0
0 47 39 0
0 47 0 180
0 59 0 0
0 66 0 0
0 62 0 0
0 54 0 0
0 66 53 60
0 62 45 0
0 59 45 0
0 54 38 0
0 47 38 0
0 47 0 180
0 59 0 0
0 66 0 0
0 62 0 0
0 54 0 0
0 62 36 60
0 66 44 0
0 59 36 0
0 54 30 0
0 47 30 0
0 47 0 240
0 59 0 0
0 62 0 0
0 66 0 0
0 54 0 0
0 47 27 480
0 54 27 0
0 59 33 0
0 62 33 0
0 66 40 0
0 66 0 240
0 59 0 0
0 47 0 0
0 54 0 0
0 62 0 0
0 47 24 480
0 54 24 0
0 59 29 0
0 62 29 0
0 66 35 0
0 66 0 240
0 59 0 0
0 47 0 0
0 54 0 0
0 62 0 0
