0 57 34 0
0 69 42 0
0 69 0 360
0 67 31 0
0 67 0 120
0 65 31 0
0 65 0 120
0 67 31 0
0 67 0 120
0 57 0 0
0 58 30 0
0 69 36 0
0 69 0 480
0 65 36 0
0 65 0 240
0 58 0 0
0 60 34 0
0 69 42 0
0 69 0 360
0 67 32 0
0 67 0 120
0 65 32 0
0 65 0 120
0 67 32 0
0 67 0 120
0 60 0 0
0 58 30 0
0 69 36 0
0 69 0 660
0 58 0 0
0 65 36 60
0 72 45 0
0 72 0 360
0 74 38 0
0 74 0 120
0 76 42 0
0 76 0 120
0 74 38 0
0 74 0 120
0 65 0 0
0 72 47 0
0 65 38 0
0 65 0 480
0 72 0 0
0 64 42 0
0 68 42 0
0 68 0 240
0 64 0 0
0 72 48 0
0 65 40 0
0 72 0 720
0 77 52 0
0 77 0 480
0 65 0 0
0 60 40 240
0 72 50 0
0 72 0 360
0 71 37 0
0 71 0 120
0 69 37 0
0 69 0 120
0 71 37 0
0 71 0 120
0 60 0 0
0 62 36 0
0 72 43 0
0 72 0 480
0 69 43 0
0 69 0 240
0 62 0 0
0 64 40 0
0 72 50 0
0 72 0 360
0 71 38 0
0 71 0 120
0 69 38 0
0 69 0 120
0 71 38 0
0 71 0 120
0 64 0 0
0 62 36 0
0 72 43 0
0 72 0 660
0 62 0 0
0 69 40 60
0 76 50 0
0 76 0 360
0 77 42 0
0 77 0 120
0 79 46 0
0 79 0 120
0 77 42 0
0 77 0 120
0 69 0 0
0 76 51 0
0 69 41 0
0 69 0 480
0 76 0 0
0 68 45 0
0 72 45 0
0 72 0 240
0 68 0 0
0 76 51 0
0 69 42 0
0 76 0 720
0 81 53 0
0 69 0 240
0 68 57 0
0 68 0 240
0 67 61 0
0 67 0 240
0 66 70 0
0 81 0 480
0 78 53 0
0 78 0 240
0 74 53 0
0 74 0 240
0 75 53 0
0 75 0 240
0 76 53 0
0 76 0 240
0 66 0 0
0 65 42 0
0 77 53 0
0 77 0 480
0 74 49 0
0 74 0 240
0 71 41 0
0 71 0 480
0 65 0 0
0 66 64 240
0 81 53 240
0 81 0 240
0 78 47 0
0 78 0 240
0 74 49 0
0 74 0 240
0 75 53 0
0 75 0 240
0 76 54 0
0 66 0 240
0 65 42 0
0 76 0 240
0 77 62 0
0 77 0 240
0 74 53 0
0 74 0 240
0 69 56 0
0 69 0 240
0 70 58 0
0 70 0 240
0 71 63 0
0 65 0 150
0 71 0 330
0 72 58 0
0 72 0 240
0 69 53 0
0 69 0 240
0 61 47 0
0 61 0 240
0 62 43 0
0 62 0 240
0 64 44 0
0 64 0 240
0 65 46 0
0 65 0 240
0 68 42 0
0 68 0 240
0 69 39 0
0 69 0 240
0 73 31 0
0 73 0 240
0 65 25 0
0 69 25 0
0 74 32 0
0 74 0 60
0 69 0 0
0 65 0 0
0 69 26 180
0 74 26 0
0 77 33 0
0 77 0 60
0 74 0 0
0 69 0 0
0 81 40 180
0 77 32 0
0 74 32 0
0 74 0 60
0 77 0 0
0 81 0 0
0 64 40 1380
0 64 0 1440
0 60 40 0
0 60 0 360
0 59 30 0
0 59 0 120
0 60 30 0
0 60 0 120
0 62 30 0
0 62 0 120
0 64 34 0
0 64 0 720
0 60 40 0
0 60 0 360
0 59 30 0
0 59 0 120
0 60 30 0
0 60 0 120
0 62 30 0
0 62 0 120
0 64 34 0
0 64 0 720
0 60 29 0
0 52 24 0
0 52 0 240
0 60 0 0
0 64 22 477
0 72 27 3
0 72 0 240
0 64 0 2
0 84 28 478
0 76 23 0
0 76 0 1200
0 84 0 0
0 57 34 240
0 69 42 0
0 69 0 360
0 67 31 0
0 67 0 120
0 65 31 0
0 65 0 120
0 67 31 0
0 67 0 120
0 57 0 0
0 58 30 0
0 69 36 0
0 69 0 480
0 65 36 0
0 65 0 240
0 58 0 0
0 60 34 0
0 69 42 0
0 69 0 360
0 67 32 0
0 67 0 120
0 65 32 0
0 65 0 120
0 67 32 0
0 67 0 120
0 60 0 0
0 58 30 0
0 69 36 0
0 69 0 660
0 58 0 0
0 65 36 60
0 72 45 0
0 72 0 360
0 74 38 0
0 74 0 120
0 76 42 0
0 76 0 120
0 74 38 0
0 74 0 120
0 65 0 0
0 72 47 0
0 65 38 0
0 65 0 480
0 72 0 0
0 64 42 0
0 68 42 0
0 68 0 240
0 64 0 0
0 72 48 0
0 65 39 0
0 72 0 720
0 77 51 0
0 77 0 480
0 65 0 0
0 60 40 240
0 72 50 0
0 72 0 360
0 71 37 0
0 71 0 120
0 69 37 0
0 69 0 120
0 71 37 0
0 71 0 120
0 60 0 0
0 62 36 0
0 72 43 0
0 72 0 480
0 69 43 0
0 69 0 240
0 62 0 0
0 64 40 0
0 72 50 0
0 72 0 360
0 71 38 0
0 71 0 120
0 69 38 0
0 69 0 120
0 71 38 0
0 71 0 120
0 64 0 0
0 62 36 0
0 72 43 0
0 72 0 660
0 62 0 0
0 69 40 60
0 76 50 0
0 76 0 360
0 77 42 0
0 77 0 120
0 79 46 0
0 79 0 120
0 77 42 0
0 77 0 120
0 69 0 0
0 76 51 0
0 69 41 0
0 69 0 480
0 76 0 0
0 68 45 0
0 72 45 0
0 72 0 240
0 68 0 0
0 76 51 0
0 69 42 0
0 76 0 720
0 81 53 0
0 69 0 240
0 68 57 0
0 68 0 240
0 67 61 0
0 67 0 240
0 66 70 0
0 81 0 480
0 78 53 0
0 78 0 240
0 74 53 0
0 74 0 240
0 75 53 0
0 75 0 240
0 76 53 0
0 76 0 240
0 66 0 0
0 65 42 0
0 77 53 0
0 77 0 480
0 74 50 0
0 74 0 240
0 71 46 0
0 71 0 480
0 65 0 0
0 66 64 240
0 81 53 240
0 81 0 240
0 78 47 0
0 78 0 240
0 74 49 0
0 74 0 240
0 75 53 0
0 75 0 240
0 76 54 0
0 66 0 240
0 65 42 0
0 76 0 240
0 77 60 0
0 77 0 240
0 74 53 0
0 74 0 240
0 69 56 0
0 69 0 240
0 70 58 0
0 70 0 240
0 71 63 0
0 65 0 150
0 71 0 330
0 72 58 0
0 72 0 240
0 69 53 0
0 69 0 240
0 61 47 0
0 61 0 240
0 62 43 0
0 62 0 240
0 64 44 0
0 64 0 240
0 65 46 0
0 65 0 240
0 68 42 0
0 68 0 240
0 69 39 0
0 69 0 240
0 73 31 0
0 73 0 240
0 65 25 0
0 69 25 0
0 74 32 0
0 74 0 60
0 69 0 0
0 65 0 0
0 69 26 180
0 74 26 0
0 77 33 0
0 77 0 60
0 74 0 0
0 69 0 0
0 81 40 180
0 77 32 0
0 74 32 0
0 74 0 60
0 77 0 0
0 81 0 0
0 64 40 1380
0 64 0 1440
0 60 40 0
0 60 0 360
0 59 30 0
0 59 0 120
0 60 30 0
0 60 0 120
0 62 30 0
0 62 0 120
0 64 34 0
0 64 0 720
0 60 40 0
0 60 0 360
0 59 30 0
0 59 0 120
0 60 30 0
0 60 0 120
0 62 30 0
0 62 0 120
0 64 34 0
0 64 0 720
0 60 29 0
0 52 24 0
0 52 0 240
0 60 0 0
0 64 22 477
0 72 27 3
0 72 0 240
0 64 0 2
0 84 28 478
0 76 23 0
0 76 0 1200
0 84 0 0
0 62 34 240
0 67 42 0
0 67 0 360
0 66 31 0
0 66 0 120
0 67 31 0
0 67 0 120
0 69 31 0
0 69 0 120
0 70 36 0
0 62 0 480
0 64 36 0
0 64 0 240
0 65 34 0
0 70 0 360
0 69 36 0
0 69 0 120
0 70 38 0
0 70 0 120
0 72 40 0
0 72 0 120
0 74 44 0
0 65 0 480
0 66 42 0
0 66 0 240
0 67 48 240
0 67 0 120
0 74 0 0
0 73 42 0
0 70 42 0
0 70 0 120
0 73 0 0
0 67 46 0
0 67 0 120
0 70 42 0
0 74 42 0
0 74 0 120
0 70 0 0
0 70 47 0
0 70 0 90
0 74 41 30
0 78 41 0
0 78 0 90
0 74 0 0
0 70 45 30
0 70 0 90
0 79 39 30
0 74 39 0
0 74 0 90
0 79 0 0
0 74 43 30
0 74 0 90
0 81 37 30
0 79 37 0
0 79 0 90
0 81 0 0
0 74 43 30
0 74 0 90
0 82 36 30
0 79 36 0
0 79 0 90
0 82 0 0
0 79 41 30
0 79 0 90
0 85 34 30
0 82 34 0
0 82 0 90
0 85 0 0
0 79 38 30
0 79 0 90
0 86 33 30
0 82 33 0
0 82 0 90
0 86 0 0
0 91 48 30
0 91 0 120
0 67 37 600
0 72 46 0
0 72 0 360
0 71 34 0
0 71 0 120
0 72 35 0
0 72 0 120
0 74 35 0
0 74 0 120
0 75 41 0
0 67 0 480
0 69 42 0
0 69 0 240
0 70 41 0
0 75 0 360
0 74 44 0
0 74 0 120
0 75 47 0
0 75 0 120
0 77 50 0
0 77 0 120
0 79 55 0
0 70 0 480
0 71 42 0
0 71 0 240
0 72 48 240
0 72 0 120
0 79 0 0
0 78 42 0
0 75 42 0
0 75 0 120
0 78 0 0
0 72 46 0
0 72 0 120
0 75 42 0
0 79 42 0
0 79 0 120
0 75 0 0
0 75 47 0
0 75 0 90
0 79 41 30
0 83 41 0
0 83 0 90
0 79 0 0
0 75 45 30
0 75 0 90
0 84 39 30
0 79 39 0
0 79 0 90
0 84 0 0
0 79 43 30
0 79 0 90
0 86 37 30
0 84 37 0
0 84 0 90
0 86 0 0
0 79 43 30
0 79 0 90
0 87 36 30
0 84 36 0
0 84 0 90
0 87 0 0
0 84 41 30
0 84 0 90
0 90 34 30
0 87 34 0
0 87 0 90
0 90 0 0
0 84 38 30
0 84 0 90
0 91 33 30
0 87 33 0
0 87 0 90
0 91 0 0
0 96 48 30
0 96 0 120
0 82 31 720
0 86 31 0
0 86 0 120
0 82 0 0
0 88 35 0
0 88 0 120
0 82 30 0
0 86 30 0
0 86 0 120
0 82 0 0
0 89 35 0
0 89 0 120
0 86 31 0
0 82 31 0
0 82 0 120
0 86 0 0
0 86 30 120
0 82 30 0
0 82 0 120
0 86 0 0
0 88 35 0
0 88 0 120
0 86 32 0
0 82 32 0
0 82 0 120
0 86 0 0
0 89 35 0
0 89 0 120
0 82 31 0
0 86 31 0
0 86 0 120
0 82 0 0
0 82 34 120
0 86 34 0
0 86 0 120
0 82 0 0
0 88 39 0
0 88 0 120
0 82 34 0
0 86 34 0
0 86 0 120
0 82 0 0
0 89 41 0
0 89 0 120
0 86 37 0
0 82 37 0
0 82 0 120
0 86 0 0
0 86 37 120
0 82 37 0
0 82 0 120
0 86 0 0
0 88 45 0
0 88 0 120
0 86 41 0
0 82 41 0
0 82 0 120
0 86 0 0
0 89 46 0
0 89 0 120
0 82 42 0
0 86 42 0
0 86 0 120
0 82 0 0
0 83 42 120
0 86 42 0
0 86 0 120
0 83 0 0
0 88 47 0
0 88 0 120
0 83 39 0
0 86 39 0
0 86 0 120
0 83 0 0
0 89 45 0
0 89 0 120
0 86 39 0
0 83 39 0
0 83 0 120
0 86 0 0
0 86 36 120
0 83 36 0
0 83 0 120
0 86 0 0
0 88 42 0
0 88 0 120
0 86 37 0
0 83 37 0
0 83 0 120
0 86 0 0
0 89 40 0
0 89 0 120
0 83 35 0
0 86 35 0
0 86 0 120
0 83 0 0
0 83 31 120
0 86 31 0
0 86 0 120
0 83 0 0
0 88 35 0
0 88 0 120
0 83 30 0
0 86 30 0
0 86 0 120
0 83 0 0
0 89 35 0
0 89 0 120
0 86 31 0
0 83 31 0
0 83 0 120
0 86 0 0
0 86 30 120
0 83 30 0
0 83 0 120
0 86 0 0
0 88 35 0
0 88 0 120
0 86 32 0
0 83 32 0
0 83 0 120
0 86 0 0
0 89 35 0
0 89 0 120
0 83 31 0
0 86 31 0
0 86 0 120
0 83 0 0
0 82 31 120
0 85 31 0
0 85 0 120
0 82 0 0
0 88 35 0
0 88 0 120
0 82 30 0
0 85 30 0
0 85 0 120
0 82 0 0
0 89 35 0
0 89 0 120
0 85 31 0
0 82 31 0
0 82 0 120
0 85 0 0
0 85 30 120
0 82 30 0
0 82 0 120
0 85 0 0
0 88 36 0
0 88 0 120
0 85 32 0
0 82 32 0
0 82 0 120
0 85 0 0
0 89 36 0
0 89 0 120
0 82 32 0
0 85 32 0
0 85 0 120
0 82 0 0
0 82 35 120
0 85 35 0
0 85 0 120
0 82 0 0
0 88 40 0
0 88 0 120
0 82 36 0
0 85 36 0
0 85 0 120
0 82 0 0
0 89 44 0
0 89 0 120
0 85 40 0
0 82 40 0
0 82 0 120
0 85 0 0
0 85 40 120
0 82 40 0
0 82 0 120
0 85 0 0
0 88 50 0
0 88 0 120
0 85 46 0
0 82 46 0
0 82 0 120
0 85 0 0
0 89 53 0
0 89 0 120
0 82 49 0
0 85 49 0
0 85 0 120
0 82 0 0
0 82 46 120
0 85 46 0
0 85 0 120
0 82 0 0
0 88 52 0
0 88 0 120
0 82 43 0
0 85 43 0
0 85 0 120
0 82 0 0
0 89 50 0
0 89 0 120
0 85 44 0
0 82 44 0
0 82 0 120
0 85 0 0
0 82 43 120
0 85 43 0
0 85 0 120
0 82 0 0
0 88 53 0
0 88 0 120
0 82 46 0
0 85 46 0
0 85 0 120
0 82 0 0
0 89 53 0
0 89 0 120
0 85 46 0
0 82 46 0
0 82 0 120
0 85 0 0
0 82 43 120
0 85 43 0
0 85 0 120
0 82 0 0
0 88 53 0
0 88 0 120
0 82 45 0
0 85 45 0
0 85 0 120
0 82 0 0
0 89 53 0
0 89 0 120
0 85 44 0
0 82 44 0
0 82 0 120
0 85 0 0
0 85 45 120
0 82 45 0
0 82 0 120
0 85 0 0
0 89 49 0
0 89 0 120
0 82 43 0
0 85 43 0
0 85 0 120
0 82 0 0
0 90 49 0
0 90 0 120
0 85 42 0
0 82 42 0
0 82 0 120
0 85 0 0
0 85 56 120
0 82 56 0
0 82 0 120
0 85 0 0
0 90 63 0
0 90 0 120
0 82 53 0
0 85 53 0
0 85 0 120
0 82 0 0
0 91 62 0
0 91 0 120
0 85 52 0
0 82 52 0
0 82 0 120
0 85 0 0
0 85 56 120
0 82 56 0
0 82 0 120
0 85 0 0
0 90 61 0
0 90 0 120
0 82 53 0
0 85 53 0
0 85 0 120
0 82 0 0
0 91 61 0
0 91 0 120
0 85 52 0
0 82 52 0
0 82 0 120
0 85 0 0
0 85 51 120
0 82 51 0
0 82 0 120
0 85 0 0
0 90 58 0
0 90 0 120
0 82 49 0
0 85 49 0
0 85 0 120
0 82 0 0
0 91 57 0
0 91 0 120
0 85 48 0
0 82 48 0
0 82 0 120
0 85 0 0
0 82 51 120
0 79 51 0
0 79 0 120
0 82 0 0
0 87 56 0
0 87 0 120
0 79 49 0
0 82 49 0
0 82 0 120
0 79 0 0
0 88 56 0
0 88 0 120
0 82 48 0
0 79 48 0
0 79 0 120
0 82 0 0
0 79 45 120
0 76 45 0
0 76 0 120
0 79 0 0
0 84 50 0
0 84 0 120
0 76 42 0
0 79 42 0
0 79 0 120
0 76 0 0
0 85 48 0
0 85 0 120
0 79 39 0
0 76 39 0
0 76 0 120
0 79 0 0
0 76 41 120
0 73 41 0
0 73 0 120
0 76 0 0
0 81 44 0
0 81 0 120
0 73 38 0
0 76 38 0
0 76 0 120
0 73 0 0
0 82 43 0
0 82 0 120
0 76 36 0
0 73 36 0
0 73 0 120
0 76 0 0
0 73 38 120
0 70 38 0
0 70 0 120
0 73 0 0
0 78 42 0
0 78 0 120
0 70 35 0
0 73 35 0
0 73 0 120
0 70 0 0
0 79 40 0
0 79 0 120
0 73 33 0
0 70 33 0
0 70 0 120
0 73 0 0
0 70 34 120
0 67 34 0
0 67 0 120
0 70 0 0
0 75 37 0
0 75 0 120
0 67 31 0
0 70 31 0
0 70 0 120
0 67 0 0
0 76 35 0
0 76 0 120
0 70 30 0
0 67 30 0
0 67 0 120
0 70 0 0
0 67 29 1560
0 70 29 0
0 70 0 120
0 67 0 0
0 72 35 0
0 72 0 120
0 67 30 0
0 70 30 0
0 70 0 120
0 67 0 0
0 73 35 0
0 73 0 120
0 67 31 0
0 70 31 0
0 70 0 120
0 67 0 0
0 67 29 120
0 70 29 0
0 70 0 120
0 67 0 0
0 72 35 0
0 72 0 120
0 67 31 0
0 70 31 0
0 70 0 120
0 67 0 0
0 73 35 0
0 73 0 120
0 67 30 0
0 70 30 0
0 70 0 120
0 67 0 0
0 78 47 0
0 78 0 1440
0 64 29 120
0 70 29 0
0 70 0 120
0 64 0 0
0 73 37 0
0 73 0 120
0 64 32 0
0 70 32 0
0 70 0 120
0 64 0 0
0 74 38 0
0 74 0 120
0 64 35 0
0 70 35 0
0 70 0 120
0 64 0 0
0 64 34 120
0 70 34 0
0 70 0 120
0 64 0 0
0 73 42 0
0 73 0 120
0 64 37 0
0 70 37 0
0 70 0 120
0 64 0 0
0 74 43 0
0 74 0 120
0 64 38 0
0 70 38 0
0 70 0 120
0 64 0 0
0 79 62 0
0 79 0 1920
0 69 43 0
0 69 0 240
0 70 50 0
0 70 0 480
0 72 43 0
0 72 0 240
0 73 52 0
0 73 0 480
0 74 43 0
0 74 0 240
0 66 51 0
0 66 0 480
0 67 37 0
0 67 0 240
0 69 48 0
0 69 0 480
0 70 39 0
0 70 0 240
0 61 35 0
0 61 0 480
0 62 26 0
0 62 0 240
0 64 39 0
0 64 0 480
0 65 25 0
0 65 0 180
0 67 34 60
0 67 0 480
0 68 27 0
0 68 0 240
0 57 30 0
0 69 37 0
0 69 0 360
0 67 27 0
0 67 0 120
0 65 27 0
0 65 0 120
0 67 27 0
0 67 0 120
0 57 0 0
0 58 27 0
0 69 32 0
0 69 0 480
0 65 32 0
0 65 0 240
0 58 0 0
0 60 30 0
0 69 37 0
0 69 0 360
0 67 28 0
0 67 0 120
0 65 28 0
0 65 0 120
0 67 28 0
0 67 0 120
0 60 0 0
0 58 27 0
0 69 32 0
0 69 0 660
0 58 0 0
0 65 36 60
0 72 45 0
0 72 0 360
0 74 38 0
0 74 0 120
0 76 42 0
0 76 0 120
0 74 38 0
0 74 0 120
0 65 0 0
0 72 47 0
0 65 38 0
0 65 0 480
0 72 0 0
0 64 42 0
0 68 42 0
0 68 0 240
0 64 0 0
0 72 48 0
0 65 40 0
0 72 0 720
0 77 52 0
0 77 0 480
0 65 0 0
0 60 40 240
0 72 50 0
0 72 0 360
0 71 37 0
0 71 0 120
0 69 37 0
0 69 0 120
0 71 37 0
0 71 0 120
0 60 0 0
0 62 36 0
0 72 43 0
0 72 0 480
0 69 43 0
0 69 0 240
0 62 0 0
0 64 40 0
0 72 50 0
0 72 0 360
0 71 38 0
0 71 0 120
0 69 38 0
0 69 0 120
0 71 38 0
0 71 0 120
0 64 0 0
0 62 36 0
0 72 43 0
0 72 0 660
0 62 0 0
0 69 40 60
0 76 50 0
0 76 0 360
0 77 42 0
0 77 0 120
0 79 46 0
0 79 0 120
0 77 42 0
0 77 0 120
0 69 0 0
0 76 51 0
0 69 41 0
0 69 0 480
0 76 0 0
0 68 45 0
0 72 45 0
0 72 0 240
0 68 0 0
0 76 51 0
0 69 42 0
0 76 0 720
0 81 53 0
0 69 0 240
0 68 57 0
0 68 0 240
0 67 61 0
0 67 0 240
0 66 70 0
0 81 0 480
0 78 53 0
0 78 0 240
0 74 53 0
0 74 0 240
0 75 53 0
0 75 0 240
0 76 53 0
0 76 0 240
0 66 0 0
0 65 42 0
0 77 53 0
0 77 0 480
0 74 50 0
0 74 0 240
0 71 49 0
0 71 0 480
0 65 0 0
0 66 64 240
0 81 53 240
0 81 0 240
0 78 47 0
0 78 0 240
0 74 49 0
0 74 0 240
0 75 53 0
0 75 0 240
0 76 54 0
0 66 0 240
0 65 42 0
0 76 0 240
0 77 62 0
0 77 0 240
0 74 53 0
0 74 0 240
0 71 56 0
0 71 0 630
0 65 0 0
0 74 57 90
0 86 80 0
0 86 0 480
0 82 62 0
0 82 0 240
0 78 53 0
0 78 0 240
0 79 60 0
0 79 0 240
0 81 63 0
0 81 0 240
0 74 0 0
0 82 71 0
0 70 60 0
0 82 0 480
0 79 57 0
0 79 0 240
0 76 53 0
0 76 0 720
0 70 0 0
0 74 68 0
0 86 70 240
0 86 0 240
0 82 62 0
0 82 0 240
0 78 53 0
0 78 0 240
0 79 60 0
0 79 0 240
0 81 63 0
0 74 0 240
0 70 59 0
0 81 0 240
0 82 62 0
0 82 0 240
0 79 57 0
0 79 0 240
0 73 56 0
0 73 0 240
0 74 58 0
0 74 0 240
0 76 63 0
0 70 0 240
0 76 0 240
0 77 58 0
0 77 0 240
0 74 53 0
0 74 0 240
0 66 47 0
0 66 0 240
0 67 43 0
0 67 0 240
0 69 44 0
0 69 0 240
0 70 46 0
0 70 0 240
0 73 42 0
0 73 0 240
0 74 39 0
0 74 0 240
0 78 31 0
0 78 0 240
0 70 25 0
0 74 25 0
0 79 32 0
0 79 0 60
0 74 0 0
0 70 0 0
0 74 26 180
0 79 26 0
0 82 33 0
0 82 0 60
0 79 0 0
0 74 0 0
0 86 40 180
0 82 32 0
0 79 32 0
0 79 0 60
0 82 0 0
0 86 0 0
0 58 36 1380
0 64 36 0
0 69 40 0
0 69 0 1440
0 64 0 0
0 58 0 0
0 57 32 0
0 65 40 0
0 65 0 360
0 64 30 0
0 64 0 120
0 65 30 0
0 65 0 120
0 67 30 0
0 67 0 120
0 57 0 0
0 58 30 0
0 64 38 0
0 69 34 0
0 69 0 720
0 64 0 0
0 58 0 0
0 65 40 0
0 65 0 360
0 64 30 0
0 64 0 120
0 65 30 0
0 65 0 120
0 67 30 0
0 67 0 120
0 64 38 0
0 58 30 0
0 69 34 0
0 69 0 720
0 58 0 0
0 64 0 0
0 65 29 0
0 57 24 0
0 57 0 240
0 65 0 0
0 69 22 480
0 77 27 0
0 77 0 240
0 69 0 5
0 89 28 475
0 81 23 0
0 81 0 1200
0 89 0 0
0 62 34 240
0 67 42 0
0 67 0 360
0 66 31 0
0 66 0 120
0 67 31 0
0 67 0 120
0 69 31 0
0 69 0 120
0 70 36 0
0 62 0 480
0 64 36 0
0 64 0 240
0 65 34 0
0 70 0 360
0 69 36 0
0 69 0 120
0 70 38 0
0 70 0 120
0 72 40 0
0 72 0 120
0 74 44 0
0 65 0 480
0 66 42 0
0 66 0 240
0 67 48 240
0 67 0 120
0 74 0 0
0 73 42 0
0 70 42 0
0 70 0 120
0 73 0 0
0 67 46 0
0 67 0 120
0 70 42 0
0 74 42 0
0 74 0 120
0 70 0 0
0 70 47 0
0 70 0 90
0 74 41 30
0 78 41 0
0 78 0 90
0 74 0 0
0 70 45 30
0 70 0 90
0 79 39 30
0 74 39 0
0 74 0 90
0 79 0 0
0 74 43 30
0 74 0 90
0 81 37 30
0 79 37 0
0 79 0 90
0 81 0 0
0 74 43 30
0 74 0 90
0 82 36 30
0 79 36 0
0 79 0 90
0 82 0 0
0 79 41 30
0 79 0 90
0 85 34 30
0 82 34 0
0 82 0 90
0 85 0 0
0 79 38 30
0 79 0 90
0 86 33 30
0 82 33 0
0 82 0 90
0 86 0 0
0 91 48 30
0 91 0 120
0 67 37 600
0 72 46 0
0 72 0 360
0 71 34 0
0 71 0 120
0 72 35 0
0 72 0 120
0 74 35 0
0 74 0 120
0 75 41 0
0 67 0 480
0 69 42 0
0 69 0 240
0 70 41 0
0 75 0 360
0 74 44 0
0 74 0 120
0 75 47 0
0 75 0 120
0 77 50 0
0 77 0 120
0 79 55 0
0 70 0 480
0 71 42 0
0 71 0 240
0 72 48 240
0 72 0 120
0 79 0 0
0 78 42 0
0 75 42 0
0 75 0 120
0 78 0 0
0 72 46 0
0 72 0 120
0 75 42 0
0 79 42 0
0 79 0 120
0 75 0 0
0 75 47 0
0 75 0 90
0 79 41 30
0 83 41 0
0 83 0 90
0 79 0 0
0 75 45 30
0 75 0 90
0 84 39 30
0 79 39 0
0 79 0 90
0 84 0 0
0 79 43 30
0 79 0 90
0 86 37 30
0 84 37 0
0 84 0 90
0 86 0 0
0 79 43 30
0 79 0 90
0 87 36 30
0 84 36 0
0 84 0 90
0 87 0 0
0 84 41 30
0 84 0 90
0 90 34 30
0 87 34 0
0 87 0 90
0 90 0 0
0 84 38 30
0 84 0 90
0 91 33 30
0 87 33 0
0 87 0 90
0 91 0 0
0 96 48 30
0 96 0 120
0 82 31 720
0 86 31 0
0 86 0 120
0 82 0 0
0 88 35 0
0 88 0 120
0 82 30 0
0 86 30 0
0 86 0 120
0 82 0 0
0 89 35 0
0 89 0 120
0 86 31 0
0 82 31 0
0 82 0 120
0 86 0 0
0 86 30 120
0 82 30 0
0 82 0 120
0 86 0 0
0 88 35 0
0 88 0 120
0 86 32 0
0 82 32 0
0 82 0 120
0 86 0 0
0 89 35 0
0 89 0 120
0 82 31 0
0 86 31 0
0 86 0 120
0 82 0 0
0 82 34 120
0 86 34 0
0 86 0 120
0 82 0 0
0 88 39 0
0 88 0 120
0 82 34 0
0 86 34 0
0 86 0 120
0 82 0 0
0 89 41 0
0 89 0 120
0 86 37 0
0 82 37 0
0 82 0 120
0 86 0 0
0 86 37 120
0 82 37 0
0 82 0 120
0 86 0 0
0 88 45 0
0 88 0 120
0 86 41 0
0 82 41 0
0 82 0 120
0 86 0 0
0 89 46 0
0 89 0 120
0 82 42 0
0 86 42 0
0 86 0 120
0 82 0 0
0 83 42 120
0 86 42 0
0 86 0 120
0 83 0 0
0 88 47 0
0 88 0 120
0 83 39 0
0 86 39 0
0 86 0 120
0 83 0 0
0 89 45 0
0 89 0 120
0 86 39 0
0 83 39 0
0 83 0 120
0 86 0 0
0 86 36 120
0 83 36 0
0 83 0 120
0 86 0 0
0 88 42 0
0 88 0 120
0 86 37 0
0 83 37 0
0 83 0 120
0 86 0 0
0 89 40 0
0 89 0 120
0 83 35 0
0 86 35 0
0 86 0 120
0 83 0 0
0 83 31 120
0 86 31 0
0 86 0 120
0 83 0 0
0 88 35 0
0 88 0 120
0 83 30 0
0 86 30 0
0 86 0 120
0 83 0 0
0 89 35 0
0 89 0 120
0 86 31 0
0 83 31 0
0 83 0 120
0 86 0 0
0 86 30 120
0 83 30 0
0 83 0 120
0 86 0 0
0 88 35 0
0 88 0 120
0 86 32 0
0 83 32 0
0 83 0 120
0 86 0 0
0 89 35 0
0 89 0 120
0 83 31 0
0 86 31 0
0 86 0 120
0 83 0 0
0 82 31 120
0 85 31 0
0 85 0 120
0 82 0 0
0 88 35 0
0 88 0 120
0 82 30 0
0 85 30 0
0 85 0 120
0 82 0 0
0 89 35 0
0 89 0 120
0 85 31 0
0 82 31 0
0 82 0 120
0 85 0 0
0 85 30 120
0 82 30 0
0 82 0 120
0 85 0 0
0 88 36 0
0 88 0 120
0 85 32 0
0 82 32 0
0 82 0 120
0 85 0 0
0 89 36 0
0 89 0 120
0 82 32 0
0 85 32 0
0 85 0 120
0 82 0 0
0 82 35 120
0 85 35 0
0 85 0 120
0 82 0 0
0 88 40 0
0 88 0 120
0 82 36 0
0 85 36 0
0 85 0 120
0 82 0 0
0 89 44 0
0 89 0 120
0 85 40 0
0 82 40 0
0 82 0 120
0 85 0 0
0 85 40 120
0 82 40 0
0 82 0 120
0 85 0 0
0 88 50 0
0 88 0 120
0 85 46 0
0 82 46 0
0 82 0 120
0 85 0 0
0 89 53 0
0 89 0 120
0 82 49 0
0 85 49 0
0 85 0 120
0 82 0 0
0 82 46 120
0 85 46 0
0 85 0 120
0 82 0 0
0 88 52 0
0 88 0 120
0 82 43 0
0 85 43 0
0 85 0 120
0 82 0 0
0 89 50 0
0 89 0 120
0 85 44 0
0 82 44 0
0 82 0 120
0 85 0 0
0 82 43 120
0 85 43 0
0 85 0 120
0 82 0 0
0 88 53 0
0 88 0 120
0 82 46 0
0 85 46 0
0 85 0 120
0 82 0 0
0 89 53 0
0 89 0 120
0 85 46 0
0 82 46 0
0 82 0 120
0 85 0 0
0 82 43 120
0 85 43 0
0 85 0 120
0 82 0 0
0 88 53 0
0 88 0 120
0 82 45 0
0 85 45 0
0 85 0 120
0 82 0 0
0 89 53 0
0 89 0 120
0 85 44 0
0 82 44 0
0 82 0 120
0 85 0 0
0 85 45 120
0 82 45 0
0 82 0 120
0 85 0 0
0 89 49 0
0 89 0 120
0 82 43 0
0 85 43 0
0 85 0 120
0 82 0 0
0 90 49 0
0 90 0 120
0 85 42 0
0 82 42 0
0 82 0 120
0 85 0 0
0 85 56 120
0 82 56 0
0 82 0 120
0 85 0 0
0 90 63 0
0 90 0 120
0 82 53 0
0 85 53 0
0 85 0 120
0 82 0 0
0 91 62 0
0 91 0 120
0 85 52 0
0 82 52 0
0 82 0 120
0 85 0 0
0 85 56 120
0 82 56 0
0 82 0 120
0 85 0 0
0 90 61 0
0 90 0 120
0 82 53 0
0 85 53 0
0 85 0 120
0 82 0 0
0 91 61 0
0 91 0 120
0 85 52 0
0 82 52 0
0 82 0 120
0 85 0 0
0 85 51 120
0 82 51 0
0 82 0 120
0 85 0 0
0 90 58 0
0 90 0 120
0 82 49 0
0 85 49 0
0 85 0 120
0 82 0 0
0 91 57 0
0 91 0 120
0 85 48 0
0 82 48 0
0 82 0 120
0 85 0 0
0 82 51 120
0 79 51 0
0 79 0 120
0 82 0 0
0 87 56 0
0 87 0 120
0 79 49 0
0 82 49 0
0 82 0 120
0 79 0 0
0 88 56 0
0 88 0 120
0 82 48 0
0 79 48 0
0 79 0 120
0 82 0 0
0 79 45 120
0 76 45 0
0 76 0 120
0 79 0 0
0 84 50 0
0 84 0 120
0 76 42 0
0 79 42 0
0 79 0 120
0 76 0 0
0 85 48 0
0 85 0 120
0 79 39 0
0 76 39 0
0 76 0 120
0 79 0 0
0 76 41 120
0 73 41 0
0 73 0 120
0 76 0 0
0 81 44 0
0 81 0 120
0 73 38 0
0 76 38 0
0 76 0 120
0 73 0 0
0 82 43 0
0 82 0 120
0 76 36 0
0 73 36 0
0 73 0 120
0 76 0 0
0 73 38 120
0 70 38 0
0 70 0 120
0 73 0 0
0 78 42 0
0 78 0 120
0 70 35 0
0 73 35 0
0 73 0 120
0 70 0 0
0 79 40 0
0 79 0 120
0 73 33 0
0 70 33 0
0 70 0 120
0 73 0 0
0 70 34 120
0 67 34 0
0 67 0 120
0 70 0 0
0 75 37 0
0 75 0 120
0 67 31 0
0 70 31 0
0 70 0 120
0 67 0 0
0 76 35 0
0 76 0 120
0 70 30 0
0 67 30 0
0 67 0 120
0 70 0 0
0 67 29 1560
0 70 29 0
0 70 0 120
0 67 0 0
0 72 35 0
0 72 0 120
0 67 30 0
0 70 30 0
0 70 0 120
0 67 0 0
0 73 35 0
0 73 0 120
0 67 31 0
0 70 31 0
0 70 0 120
0 67 0 0
0 67 29 120
0 70 29 0
0 70 0 120
0 67 0 0
0 72 35 0
0 72 0 120
0 67 31 0
0 70 31 0
0 70 0 120
0 67 0 0
0 73 35 0
0 73 0 120
0 67 30 0
0 70 30 0
0 70 0 120
0 67 0 0
0 78 47 0
0 78 0 1440
0 64 29 120
0 70 29 0
0 70 0 120
0 64 0 0
0 73 37 0
0 73 0 120
0 64 32 0
0 70 32 0
0 70 0 120
0 64 0 0
0 74 38 0
0 74 0 120
0 64 35 0
0 70 35 0
0 70 0 120
0 64 0 0
0 64 34 120
0 70 34 0
0 70 0 120
0 64 0 0
0 73 42 0
0 73 0 120
0 64 37 0
0 70 37 0
0 70 0 120
0 64 0 0
0 74 43 0
0 74 0 120
0 64 38 0
0 70 38 0
0 70 0 120
0 64 0 0
0 79 62 0
0 79 0 1920
0 69 43 0
0 69 0 240
0 70 50 0
0 70 0 480
0 72 43 0
0 72 0 240
0 73 52 0
0 73 0 480
0 74 43 0
0 74 0 240
0 66 51 0
0 66 0 480
0 67 37 0
0 67 0 240
0 69 48 0
0 69 0 480
0 70 39 0
0 70 0 240
0 61 35 0
0 61 0 480
0 62 26 0
0 62 0 240
0 64 39 0
0 64 0 480
0 65 25 0
0 65 0 180
0 67 34 60
0 67 0 480
0 68 27 0
0 68 0 240
0 57 30 0
0 69 37 0
0 69 0 360
0 67 27 0
0 67 0 120
0 65 27 0
0 65 0 120
0 67 27 0
0 67 0 120
0 57 0 0
0 58 27 0
0 69 32 0
0 69 0 480
0 65 32 0
0 65 0 240
0 58 0 0
0 60 30 0
0 69 37 0
0 69 0 360
0 67 28 0
0 67 0 120
0 65 28 0
0 65 0 120
0 67 28 0
0 67 0 120
0 60 0 0
0 58 27 0
0 69 32 0
0 69 0 660
0 58 0 0
0 65 36 60
0 72 45 0
0 72 0 360
0 74 38 0
0 74 0 120
0 76 42 0
0 76 0 120
0 74 38 0
0 74 0 120
0 65 0 0
0 72 47 0
0 65 38 0
0 65 0 480
0 72 0 0
0 64 42 0
0 68 42 0
0 68 0 240
0 64 0 0
0 72 48 0
0 65 40 0
0 72 0 720
0 77 48 0
0 77 0 480
0 65 0 0
0 60 40 240
0 72 50 0
0 72 0 360
0 71 37 0
0 71 0 120
0 69 37 0
0 69 0 120
0 71 37 0
0 71 0 120
0 60 0 0
0 62 36 0
0 72 43 0
0 72 0 480
0 69 43 0
0 69 0 240
0 62 0 0
0 64 40 0
0 72 50 0
0 72 0 360
0 71 38 0
0 71 0 120
0 69 38 0
0 69 0 120
0 71 38 0
0 71 0 120
0 64 0 0
0 62 36 0
0 72 43 0
0 72 0 660
0 62 0 0
0 69 40 60
0 76 50 0
0 76 0 360
0 77 42 0
0 77 0 120
0 79 46 0
0 79 0 120
0 77 42 0
0 77 0 120
0 69 0 0
0 76 51 0
0 69 41 0
0 69 0 480
0 76 0 0
0 68 45 0
0 72 45 0
0 72 0 240
0 68 0 0
0 76 51 0
0 69 42 0
0 76 0 720
0 81 53 0
0 69 0 240
0 68 57 0
0 68 0 240
0 67 61 0
0 67 0 240
0 66 70 0
0 81 0 480
0 78 53 0
0 78 0 240
0 74 53 0
0 74 0 240
0 75 53 0
0 75 0 240
0 76 53 0
0 76 0 240
0 66 0 0
0 65 44 0
0 77 53 0
0 77 0 480
0 74 50 0
0 74 0 240
0 71 47 0
0 71 0 480
0 65 0 0
0 66 64 240
0 81 53 240
0 81 0 240
0 78 47 0
0 78 0 240
0 74 49 0
0 74 0 240
0 75 53 0
0 75 0 240
0 76 54 0
0 66 0 240
0 65 44 0
0 76 0 240
0 77 62 0
0 77 0 240
0 74 53 0
0 74 0 240
0 71 56 0
0 71 0 630
0 65 0 0
0 74 57 90
0 86 80 0
0 86 0 480
0 82 62 0
0 82 0 240
0 78 53 0
0 78 0 240
0 79 60 0
0 79 0 240
0 81 63 0
0 81 0 240
0 74 0 0
0 82 71 0
0 70 60 0
0 82 0 480
0 79 55 0
0 79 0 240
0 76 50 0
0 76 0 720
0 70 0 0
0 74 68 0
0 86 70 240
0 86 0 240
0 82 62 0
0 82 0 240
0 78 53 0
0 78 0 240
0 79 60 0
0 79 0 240
0 81 63 0
0 74 0 240
0 70 59 0
0 81 0 240
0 82 62 0
0 82 0 240
0 79 57 0
0 79 0 240
0 73 56 0
0 73 0 240
0 74 58 0
0 74 0 240
0 76 63 0
0 70 0 240
0 76 0 240
0 77 58 0
0 77 0 240
0 74 53 0
0 74 0 240
0 66 47 0
0 66 0 240
0 67 43 0
0 67 0 240
0 69 44 0
0 69 0 240
0 70 46 0
0 70 0 240
0 73 42 0
0 73 0 240
0 74 39 0
0 74 0 240
0 78 31 0
0 78 0 240
0 70 25 0
0 74 25 0
0 79 32 0
0 79 0 60
0 74 0 0
0 70 0 0
0 74 26 180
0 79 26 0
0 82 33 0
0 82 0 60
0 79 0 0
0 74 0 0
0 86 40 180
0 82 32 0
0 79 32 0
0 79 0 60
0 82 0 0
0 86 0 0
0 58 36 1380
0 64 36 0
0 69 40 0
0 69 0 1440
0 64 0 0
0 58 0 0
0 57 32 0
0 65 40 0
0 65 0 360
0 64 30 0
0 64 0 120
0 65 30 0
0 65 0 120
0 67 30 0
0 67 0 120
0 57 0 0
0 58 30 0
0 64 38 0
0 69 34 0
0 69 0 720
0 64 0 0
0 58 0 0
0 65 40 0
0 65 0 360
0 64 30 0
0 64 0 120
0 65 30 0
0 65 0 120
0 67 30 0
0 67 0 120
0 64 38 0
0 58 30 0
0 69 34 0
0 69 0 720
0 58 0 0
0 64 0 0
0 57 24 0
0 65 29 10
0 57 0 230
0 65 0 10
0 69 19 470
0 77 24 0
0 77 0 240
0 69 0 5
0 89 25 475
0 81 20 0
0 81 0 1200
0 89 0 0
0 41 24 0
0 48 28 0
0 48 0 720
0 50 24 0
0 50 0 720
0 52 28 0
0 52 0 720
0 50 24 0
0 50 0 660
0 41 25 0
0 48 29 30
0 41 0 30
0 57 30 0
0 57 0 720
0 58 30 0
0 41 23 660
0 48 0 30
0 48 27 0
0 41 0 30
0 58 0 0
0 57 32 0
0 57 0 720
0 48 0 450
0 41 0 30
0 45 29 240
0 52 34 0
0 52 0 720
0 53 29 0
0 53 0 720
0 55 34 0
0 55 0 720
0 53 29 0
0 53 0 660
0 45 25 0
0 52 29 30
0 45 0 30
0 60 34 0
0 60 0 720
0 62 33 0
0 52 0 690
0 62 0 30
0 45 0 0
0 45 25 0
0 52 29 0
0 60 34 0
0 60 0 1440
0 52 0 0
0 45 0 0
0 50 29 0
0 60 34 0
0 60 0 1380
0 50 0 0
0 43 34 0
0 50 34 30
0 59 34 30
0 50 0 1140
0 59 0 60
0 43 0 0
0 50 29 240
0 60 34 0
0 60 0 1380
0 50 0 0
0 43 38 0
0 50 40 30
0 59 43 30
0 50 0 1140
0 59 0 60
0 43 0 0
0 43 40 150
0 50 43 30
0 57 46 30
0 60 48 30
0 60 0 1920
0 43 0 0
0 50 0 0
0 57 0 0
0 59 36 2400
0 53 36 0
0 44 44 0
0 44 0 1200
0 43 32 0
0 43 0 240
0 53 0 0
0 59 0 0
0 36 21 0
0 52 32 0
0 43 27 0
0 43 0 720
0 52 0 0
0 36 0 0
0 53 30 0
0 59 38 0
0 44 38 0
0 56 30 0
0 56 0 720
0 53 0 0
0 59 0 0
0 44 0 0
0 36 21 0
0 52 32 0
0 43 27 0
0 43 0 720
0 52 0 0
0 36 0 0
0 53 30 0
0 59 38 0
0 44 38 0
0 56 30 0
0 56 0 720
0 53 0 0
0 59 0 0
0 44 0 0
0 36 22 0
0 43 26 0
0 43 0 240
0 36 0 0
0 48 22 480
0 55 26 0
0 55 0 240
0 48 0 0
0 60 23 480
0 67 28 0
0 67 0 1200
0 60 0 0
0 41 24 240
0 48 28 0
0 48 0 720
0 50 24 0
0 50 0 720
0 52 28 0
0 52 0 720
0 50 24 0
0 50 0 660
0 41 22 0
0 48 26 30
0 41 0 30
0 57 30 0
0 57 0 720
0 58 30 0
0 41 23 660
0 48 0 30
0 48 27 0
0 41 0 30
0 58 0 0
0 57 32 0
0 57 0 720
0 48 0 450
0 41 0 30
0 45 29 240
0 52 34 0
0 52 0 720
0 53 29 0
0 53 0 720
0 55 34 0
0 55 0 720
0 53 29 0
0 53 0 660
0 45 25 0
0 52 29 30
0 45 0 30
0 60 34 0
0 60 0 720
0 62 33 0
0 52 0 690
0 62 0 30
0 45 0 0
0 45 25 0
0 52 29 0
0 60 34 0
0 60 0 1440
0 52 0 0
0 45 0 0
0 50 29 0
0 60 34 0
0 60 0 1380
0 50 0 0
0 43 34 0
0 50 34 30
0 59 34 30
0 50 0 1140
0 59 0 60
0 43 0 0
0 50 29 240
0 60 34 0
0 60 0 1380
0 50 0 0
0 43 38 0
0 50 40 30
0 59 43 30
0 50 0 1140
0 59 0 60
0 43 0 0
0 43 40 150
0 50 43 30
0 57 46 30
0 60 48 30
0 60 0 1920
0 43 0 0
0 50 0 0
0 57 0 0
0 59 36 2400
0 53 36 0
0 44 44 0
0 44 0 1200
0 43 32 0
0 43 0 240
0 53 0 0
0 59 0 0
0 36 21 0
0 52 32 0
0 43 27 0
0 43 0 720
0 52 0 0
0 36 0 0
0 53 30 0
0 59 38 0
0 44 38 0
0 56 30 0
0 56 0 720
0 53 0 0
0 59 0 0
0 44 0 0
0 36 21 0
0 52 32 0
0 43 27 0
0 43 0 720
0 52 0 0
0 36 0 0
0 53 30 0
0 59 38 0
0 44 38 0
0 56 30 0
0 56 0 720
0 53 0 0
0 59 0 0
0 44 0 0
0 36 22 0
0 43 26 0
0 43 0 240
0 36 0 0
0 48 22 480
0 55 26 0
0 55 0 240
0 48 0 0
0 60 23 480
0 67 28 0
0 67 0 1200
0 60 0 0
0 48 24 240
0 58 28 0
0 58 0 1200
0 60 34 0
0 60 0 240
0 62 37 0
0 62 0 1200
0 63 37 0
0 63 0 180
0 48 37 0
0 58 41 30
0 48 0 30
0 64 47 0
0 64 0 240
0 58 0 0
0 48 0 0
0 53 26 2640
0 63 30 0
0 63 0 1200
0 65 40 0
0 65 0 240
0 67 44 0
0 67 0 1200
0 68 37 0
0 68 0 180
0 53 37 0
0 63 41 30
0 53 0 30
0 69 47 0
0 69 0 240
0 63 0 0
0 53 0 0
0 46 58 2640
0 46 0 480
0 53 52 0
0 53 0 240
0 58 58 0
0 58 0 480
0 60 53 0
0 60 0 240
0 62 63 0
0 62 0 480
0 65 65 0
0 65 0 240
0 70 74 0
0 70 0 480
0 69 58 0
0 69 0 150
0 52 41 0
0 59 47 30
0 62 53 30
0 69 81 30
0 69 0 1440
0 68 52 0
0 68 0 480
0 62 0 0
0 59 0 0
0 52 0 0
0 46 58 960
0 46 0 480
0 53 52 0
0 53 0 240
0 58 58 0
0 58 0 480
0 60 53 0
0 60 0 240
0 61 63 0
0 61 0 480
0 65 70 0
0 65 0 240
0 70 76 0
0 70 0 480
0 68 62 0
0 68 0 150
0 51 43 0
0 58 51 30
0 61 57 30
0 68 86 30
0 68 0 1440
0 67 62 0
0 67 0 480
0 61 0 0
0 58 0 0
0 51 0 0
0 49 60 180
0 49 0 60
0 66 80 0
0 66 0 480
0 65 76 0
0 48 73 180
0 36 73 0
0 65 0 60
0 55 64 0
0 58 64 0
0 65 69 0
0 65 0 1440
0 64 66 0
0 64 0 4080
0 58 0 0
0 48 0 0
0 36 0 0
0 55 0 0
0 49 29 1620
0 58 37 60
0 58 0 240
0 49 0 0
0 37 29 480
0 37 0 240
0 48 29 1860
0 58 37 60
0 58 0 240
0 48 0 0
0 36 33 480
0 36 0 240
0 36 24 6900
0 52 31 60
0 52 0 480
0 50 27 0
0 50 0 240
0 36 0 0
0 41 21 0
0 48 25 0
0 48 0 720
0 50 21 0
0 50 0 720
0 52 25 0
0 52 0 720
0 50 21 0
0 50 0 660
0 41 25 0
0 48 29 30
0 41 0 30
0 57 30 0
0 57 0 720
0 58 30 0
0 41 23 660
0 48 0 30
0 48 27 0
0 41 0 30
0 58 0 0
0 57 32 0
0 57 0 720
0 48 0 450
0 41 0 30
0 45 29 240
0 52 34 0
0 52 0 720
0 53 29 0
0 53 0 720
0 55 34 0
0 55 0 720
0 53 29 0
0 53 0 660
0 45 25 0
0 52 29 30
0 45 0 30
0 60 34 0
0 60 0 720
0 62 33 0
0 45 25 660
0 52 0 30
0 52 29 0
0 45 0 30
0 62 0 0
0 60 34 0
0 52 0 1410
0 60 0 30
0 45 0 0
0 50 29 0
0 60 34 0
0 60 0 1380
0 50 0 0
0 43 34 0
0 50 34 30
0 59 34 30
0 50 0 1140
0 59 0 60
0 43 0 0
0 50 29 240
0 60 34 0
0 60 0 1380
0 50 0 0
0 43 38 0
0 50 40 30
0 59 43 30
0 59 0 1350
0 50 0 0
0 43 0 0
0 55 38 0
0 62 40 30
0 65 44 30
0 70 57 30
0 70 0 1350
0 55 0 0
0 62 0 0
0 65 0 0
0 48 40 0
0 55 41 30
0 58 42 30
0 64 54 30
0 55 0 1250
0 48 0 100
0 58 0 0
0 64 0 0
0 55 38 0
0 62 40 30
0 65 44 30
0 70 57 30
0 70 0 1350
0 55 0 0
0 62 0 0
0 65 0 0
0 48 40 0
0 55 41 30
0 58 42 30
0 64 57 30
0 55 0 1250
0 48 0 100
0 58 0 0
0 64 0 0
0 46 40 0
0 55 43 30
0 62 46 30
0 65 48 30
0 65 0 1920
0 46 0 0
0 55 0 0
0 62 0 0
0 49 44 2400
0 49 0 1200
0 48 32 0
0 48 0 240
0 41 21 0
0 48 27 0
0 48 0 720
0 41 0 0
0 49 38 0
0 61 30 0
0 61 0 720
0 49 0 0
0 41 21 0
0 57 32 0
0 48 27 0
0 48 0 720
0 57 0 0
0 41 0 0
0 49 38 0
0 61 30 0
0 61 0 720
0 49 0 0
0 41 22 0
0 48 26 0
0 48 0 240
0 41 0 0
0 53 22 480
0 60 26 0
0 60 0 240
0 53 0 0
0 65 23 480
0 72 28 0
0 72 0 1200
0 65 0 0
0 48 24 240
0 58 28 0
0 58 0 1200
0 60 34 0
0 60 0 240
0 62 37 0
0 62 0 1200
0 63 37 0
0 63 0 180
0 48 37 0
0 58 41 30
0 48 0 30
0 64 47 0
0 64 0 240
0 58 0 0
0 48 0 0
0 53 26 2640
0 63 30 0
0 63 0 1200
0 65 40 0
0 65 0 240
0 67 44 0
0 67 0 1200
0 68 37 0
0 68 0 180
0 53 37 0
0 63 41 30
0 53 0 30
0 69 47 0
0 69 0 240
0 63 0 0
0 53 0 0
0 46 58 2640
0 46 0 480
0 53 52 0
0 53 0 240
0 58 58 0
0 58 0 480
0 60 53 0
0 60 0 240
0 62 63 0
0 62 0 480
0 65 68 0
0 65 0 240
0 70 73 0
0 70 0 480
0 69 58 0
0 69 0 150
0 52 41 0
0 59 47 30
0 62 53 30
0 69 81 30
0 69 0 1440
0 68 52 0
0 68 0 480
0 62 0 0
0 59 0 0
0 52 0 0
0 46 58 960
0 46 0 480
0 53 52 0
0 53 0 240
0 58 58 0
0 58 0 480
0 60 53 0
0 60 0 240
0 61 63 0
0 61 0 480
0 65 70 0
0 65 0 240
0 70 77 0
0 70 0 480
0 68 62 0
0 68 0 150
0 51 43 0
0 58 51 30
0 61 57 30
0 68 81 30
0 68 0 1440
0 67 62 0
0 67 0 480
0 61 0 0
0 58 0 0
0 51 0 0
0 49 60 180
0 49 0 60
0 66 80 0
0 66 0 480
0 65 76 0
0 48 77 180
0 36 77 0
0 65 0 60
0 55 64 0
0 58 64 0
0 65 69 0
0 65 0 1440
0 64 66 0
0 64 0 4080
0 58 0 0
0 48 0 0
0 36 0 0
0 55 0 0
0 49 29 1620
0 58 37 60
0 58 0 240
0 49 0 0
0 37 29 480
0 37 0 240
0 48 29 1860
0 58 37 60
0 58 0 240
0 48 0 0
0 36 33 480
0 36 0 240
0 36 24 6900
0 52 31 60
0 52 0 480
0 50 27 0
0 50 0 240
0 36 0 0
0 41 21 0
0 48 25 0
0 48 0 720
0 50 21 0
0 50 0 720
0 52 25 0
0 52 0 720
0 50 21 0
0 50 0 660
0 41 25 0
0 48 29 30
0 41 0 30
0 57 30 0
0 57 0 720
0 58 30 0
0 41 23 660
0 48 0 30
0 48 27 0
0 41 0 30
0 58 0 0
0 57 32 0
0 57 0 720
0 48 0 450
0 41 0 30
0 45 29 240
0 52 34 0
0 52 0 720
0 53 29 0
0 53 0 720
0 55 34 0
0 55 0 720
0 53 29 0
0 53 0 660
0 45 25 0
0 52 29 30
0 45 0 30
0 60 34 0
0 60 0 720
0 62 33 0
0 45 25 660
0 52 0 30
0 52 29 0
0 45 0 30
0 62 0 0
0 60 34 0
0 52 0 1410
0 60 0 30
0 45 0 0
0 50 29 0
0 60 34 0
0 60 0 1380
0 50 0 0
0 43 34 0
0 50 34 30
0 59 34 30
0 50 0 1140
0 59 0 60
0 43 0 0
0 50 29 240
0 60 34 0
0 60 0 1380
0 50 0 0
0 43 38 0
0 50 40 30
0 59 43 30
0 59 0 1350
0 50 0 0
0 43 0 0
0 55 38 0
0 62 40 30
0 65 44 30
0 70 57 30
0 70 0 1350
0 55 0 0
0 62 0 0
0 65 0 0
0 48 40 0
0 55 41 30
0 58 42 30
0 64 57 30
0 55 0 1250
0 48 0 100
0 58 0 0
0 64 0 0
0 55 38 0
0 62 40 30
0 65 44 30
0 70 57 30
0 70 0 1350
0 55 0 0
0 62 0 0
0 65 0 0
0 48 40 0
0 55 41 30
0 58 42 30
0 64 57 30
0 55 0 1250
0 48 0 100
0 58 0 0
0 64 0 0
0 46 40 0
0 55 43 30
0 62 46 30
0 65 48 30
0 65 0 1920
0 46 0 0
0 55 0 0
0 62 0 0
0 49 44 2400
0 49 0 1200
0 48 32 0
0 48 0 240
0 41 21 0
0 48 27 0
0 48 0 720
0 41 0 0
0 49 38 0
0 61 30 0
0 61 0 720
0 49 0 0
0 41 21 0
0 57 32 0
0 48 27 0
0 48 0 720
0 57 0 0
0 41 0 0
0 49 38 0
0 61 30 0
0 61 0 720
0 49 0 0
0 41 22 0
0 48 26 0
0 48 0 240
0 41 0 0
0 53 19 480
0 60 23 0
0 60 0 240
0 53 0 0
0 65 20 480
0 72 25 0
0 72 0 1200
0 65 0 0
