0 72 40 960
0 72 0 240
0 74 37 0
0 74 0 240
0 65 34 0
0 76 45 0
0 76 0 240
0 72 38 0
0 72 0 240
0 76 38 0
0 65 0 240
0 67 34 0
0 76 0 120
0 74 34 0
0 74 0 60
0 76 34 0
0 76 0 60
0 74 43 0
0 74 0 240
0 71 38 0
0 71 0 240
0 67 0 0
0 64 34 0
0 74 40 0
0 74 0 120
0 74 49 360
0 64 0 240
0 65 34 0
0 74 0 240
0 72 40 0
0 72 0 240
0 69 37 0
0 69 0 240
0 65 0 0
0 62 34 0
0 72 45 0
0 72 0 240
0 69 38 0
0 69 0 240
0 72 38 0
0 72 0 240
0 62 0 0
0 71 45 0
0 60 34 0
0 71 0 240
0 67 43 0
0 67 0 240
0 71 38 0
0 71 0 240
0 60 0 0
0 59 34 0
0 69 40 0
0 69 0 120
0 69 46 360
0 59 0 240
0 60 34 0
0 69 0 240
0 67 40 0
0 67 0 240
0 64 37 0
0 64 0 240
0 60 0 0
0 59 34 0
0 67 45 0
0 67 0 240
0 62 38 0
0 62 0 240
0 67 38 0
0 59 0 240
0 57 34 0
0 67 0 120
0 64 34 0
0 64 0 60
0 66 34 0
0 66 0 60
0 64 43 0
0 64 0 240
0 62 38 0
0 62 0 240
0 57 0 0
0 59 30 0
0 67 40 0
0 67 0 240
0 62 33 0
0 62 0 240
0 67 32 0
0 59 0 240
0 57 28 0
0 67 0 120
0 64 27 0
0 64 0 60
0 66 27 0
0 66 0 60
0 64 34 0
0 64 0 240
0 62 29 0
0 62 0 240
0 57 0 0
0 59 25 0
0 67 30 0
0 67 0 120
0 59 0 0
0 59 24 360
0 67 29 0
0 67 0 960
0 59 0 0
0 72 40 960
0 72 0 240
0 74 37 0
0 74 0 240
0 65 34 0
0 76 45 0
0 76 0 240
0 72 38 0
0 72 0 240
0 76 38 0
0 65 0 240
0 67 34 0
0 76 0 120
0 74 34 0
0 74 0 60
0 76 34 0
0 76 0 60
0 74 43 0
0 74 0 240
0 71 38 0
0 71 0 240
0 67 0 0
0 64 34 0
0 74 40 0
0 74 0 120
0 74 49 360
0 64 0 240
0 65 34 0
0 74 0 240
0 72 40 0
0 72 0 240
0 69 37 0
0 69 0 240
0 65 0 0
0 62 34 0
0 72 45 0
0 72 0 240
0 69 38 0
0 69 0 240
0 72 38 0
0 72 0 240
0 62 0 0
0 71 45 0
0 60 34 0
0 71 0 240
0 67 43 0
0 67 0 240
0 71 38 0
0 71 0 240
0 60 0 0
0 59 34 0
0 69 40 0
0 69 0 120
0 69 46 360
0 59 0 240
0 60 34 0
0 69 0 240
0 67 40 0
0 67 0 240
0 64 37 0
0 64 0 240
0 60 0 0
0 59 34 0
0 67 45 0
0 67 0 240
0 62 38 0
0 62 0 240
0 67 38 0
0 59 0 240
0 57 34 0
0 67 0 120
0 64 34 0
0 64 0 60
0 66 34 0
0 66 0 60
0 64 43 0
0 64 0 240
0 62 38 0
0 62 0 240
0 57 0 0
0 59 30 0
0 67 40 0
0 67 0 240
0 62 33 0
0 62 0 240
0 67 32 0
0 59 0 240
0 57 28 0
0 67 0 120
0 64 27 0
0 64 0 60
0 66 27 0
0 66 0 60
0 64 34 0
0 64 0 240
0 62 29 0
0 62 0 240
0 57 0 0
0 59 25 0
0 67 30 0
0 67 0 120
0 59 0 0
0 59 24 360
0 67 29 0
0 67 0 1440
0 59 0 0
0 59 17 0
0 67 20 0
0 67 0 480
0 59 0 0
0 68 73 480
0 71 75 0
0 71 0 720
0 68 0 0
0 69 62 0
0 72 75 0
0 72 0 720
0 69 0 0
0 68 72 0
0 71 75 0
0 71 0 120
0 68 0 0
0 68 48 360
0 71 75 0
0 71 0 480
0 68 0 0
0 71 40 0
0 71 0 240
0 73 37 0
0 73 0 240
0 64 34 0
0 75 45 0
0 75 0 240
0 71 38 0
0 71 0 240
0 75 38 0
0 64 0 240
0 63 34 0
0 75 0 120
0 73 34 0
0 73 0 60
0 75 34 0
0 75 0 60
0 73 43 0
0 73 0 240
0 69 38 0
0 69 0 240
0 63 0 0
0 64 27 0
0 68 27 0
0 71 34 0
0 71 0 120
0 68 0 0
0 64 0 0
0 64 33 360
0 68 33 0
0 71 41 0
0 71 0 480
0 68 0 0
0 64 0 0
0 71 73 480
0 74 75 0
0 74 0 720
0 71 0 0
0 72 62 0
0 75 75 0
0 75 0 720
0 72 0 0
0 71 72 0
0 74 75 0
0 74 0 120
0 71 0 0
0 71 48 360
0 74 75 0
0 74 0 480
0 71 0 0
0 74 40 0
0 74 0 240
0 76 37 0
0 76 0 240
0 67 34 0
0 78 45 0
0 78 0 240
0 74 38 0
0 74 0 240
0 78 38 0
0 67 0 240
0 66 34 0
0 78 0 120
0 76 34 0
0 76 0 60
0 78 34 0
0 78 0 60
0 76 43 0
0 76 0 240
0 72 38 0
0 72 0 240
0 66 0 0
0 67 27 0
0 71 27 0
0 74 34 0
0 74 0 120
0 71 0 0
0 67 0 0
0 67 33 360
0 71 33 0
0 74 41 0
0 74 0 480
0 71 0 0
0 67 0 0
0 74 43 0
0 74 0 120
0 76 43 0
0 76 0 120
0 69 30 0
0 72 30 0
0 78 38 0
0 78 0 240
0 72 0 0
0 69 0 0
0 67 27 14
0 71 27 0
0 74 34 0
0 74 0 120
0 71 0 0
0 67 0 0
0 67 33 346
0 71 33 0
0 74 41 0
0 74 0 480
0 71 0 0
0 67 0 0
0 74 43 0
0 74 0 120
0 76 43 0
0 76 0 120
0 69 30 0
0 72 30 0
0 77 38 0
0 77 0 240
0 72 0 0
0 69 0 0
0 74 43 240
0 74 0 120
0 76 43 0
0 76 0 120
0 69 30 0
0 72 30 0
0 78 38 0
0 78 0 120
0 72 0 0
0 69 0 0
0 74 43 360
0 74 0 120
0 76 43 0
0 76 0 120
0 69 30 0
0 72 30 0
0 77 38 0
0 77 0 120
0 72 0 0
0 69 0 0
0 74 43 360
0 74 0 120
0 76 43 0
0 76 0 120
0 69 30 0
0 72 30 0
0 78 38 0
0 78 0 120
0 72 0 0
0 69 0 0
0 74 43 360
0 74 0 120
0 76 43 0
0 76 0 120
0 69 30 0
0 72 30 0
0 77 38 0
0 77 0 120
0 72 0 0
0 69 0 0
0 77 43 360
0 77 0 120
0 79 43 0
0 79 0 120
0 72 30 0
0 74 30 0
0 81 38 0
0 81 0 120
0 74 0 0
0 72 0 0
0 77 43 360
0 77 0 120
0 79 43 0
0 79 0 120
0 71 30 0
0 74 30 0
0 81 38 0
0 81 0 120
0 74 0 0
0 71 0 0
0 76 43 360
0 76 0 120
0 77 43 0
0 77 0 120
0 71 30 0
0 72 30 0
0 79 38 0
0 79 0 120
0 72 0 0
0 71 0 0
0 76 43 360
0 76 0 120
0 77 43 0
0 77 0 120
0 71 29 0
0 72 29 0
0 79 37 0
0 79 0 120
0 72 0 0
0 71 0 0
0 76 41 360
0 76 0 120
0 77 41 0
0 77 0 120
0 69 28 0
0 72 28 0
0 79 36 0
0 79 0 120
0 72 0 0
0 69 0 0
0 76 39 360
0 76 0 120
0 77 39 0
0 77 0 120
0 69 27 0
0 72 27 0
0 79 34 0
0 79 0 120
0 72 0 0
0 69 0 0
0 74 37 360
0 74 0 120
0 76 37 0
0 76 0 120
0 69 26 0
0 71 26 0
0 77 33 0
0 77 0 120
0 71 0 0
0 69 0 0
0 74 36 360
0 74 0 120
0 76 36 0
0 76 0 120
0 69 24 0
0 71 24 0
0 77 31 0
0 77 0 120
0 71 0 0
0 69 0 0
0 74 34 360
0 74 0 120
0 76 34 0
0 76 0 120
0 67 23 0
0 71 23 0
0 77 30 0
0 77 0 120
0 71 0 0
0 67 0 0
0 74 32 360
0 74 0 120
0 76 32 0
0 76 0 120
0 67 22 0
0 71 22 0
0 77 28 0
0 77 0 120
0 71 0 0
0 67 0 0
0 72 30 360
0 72 0 120
0 74 30 0
0 74 0 120
0 67 21 0
0 69 21 0
0 76 26 0
0 76 0 120
0 69 0 0
0 67 0 0
0 72 29 360
0 72 0 120
0 74 29 0
0 74 0 120
0 67 20 0
0 69 20 0
0 76 25 0
0 76 0 120
0 69 0 0
0 67 0 0
0 72 27 360
0 72 0 120
0 74 27 0
0 74 0 120
0 65 19 0
0 69 19 0
0 76 24 0
0 76 0 120
0 69 0 0
0 65 0 0
0 71 27 2520
0 71 0 120
0 72 27 0
0 72 0 120
0 65 19 0
0 69 19 0
0 74 24 0
0 74 0 120
0 69 0 0
0 65 0 0
0 67 14 3720
0 74 16 0
0 74 0 240
0 67 0 0
0 84 32 720
0 84 0 240
0 86 29 0
0 86 0 240
0 88 36 0
0 88 0 240
0 84 30 0
0 84 0 240
0 88 30 0
0 88 0 360
0 86 27 0
0 86 0 60
0 88 27 0
0 88 0 60
0 86 34 0
0 86 0 240
0 84 30 0
0 84 0 240
0 88 32 0
0 88 0 120
0 88 39 360
0 88 0 480
0 84 32 0
0 84 0 240
0 86 29 0
0 86 0 240
0 88 36 0
0 88 0 240
0 84 30 0
0 84 0 240
0 88 30 0
0 88 0 360
0 86 27 0
0 86 0 60
0 88 27 0
0 88 0 60
0 86 34 0
0 86 0 240
0 84 30 0
0 84 0 240
0 88 32 0
0 88 0 120
0 88 39 360
0 88 0 480
0 96 28 480
0 93 24 0
0 89 24 0
0 89 0 240
0 93 0 0
0 96 0 0
0 89 24 480
0 95 28 0
0 91 24 0
0 91 0 240
0 95 0 0
0 89 0 0
0 95 28 480
0 91 24 0
0 88 24 0
0 88 0 240
0 91 0 0
0 95 0 0
0 93 28 480
0 89 24 0
0 88 24 0
0 88 0 240
0 89 0 0
0 93 0 0
0 93 28 480
0 89 24 0
0 86 24 0
0 86 0 240
0 89 0 0
0 93 0 0
0 86 24 480
0 91 28 0
0 88 24 0
0 88 0 240
0 91 0 0
0 86 0 0
0 91 28 480
0 88 24 0
0 84 24 0
0 84 0 240
0 88 0 0
0 91 0 0
0 89 28 480
0 86 24 0
0 84 24 0
0 84 0 240
0 86 0 0
0 89 0 0
0 89 28 480
0 86 24 0
0 83 24 0
0 83 0 240
0 86 0 0
0 89 0 0
0 83 24 480
0 88 28 0
0 84 24 0
0 84 0 240
0 88 0 0
0 83 0 0
0 88 28 480
0 84 24 0
0 81 24 0
0 81 0 240
0 84 0 0
0 88 0 0
0 81 24 480
0 86 28 0
0 83 24 0
0 83 0 240
0 86 0 0
0 81 0 0
0 86 28 480
0 83 24 0
0 79 24 0
0 79 0 240
0 83 0 0
0 86 0 0
0 79 24 480
0 84 28 0
0 81 24 0
0 81 0 240
0 84 0 0
0 79 0 0
0 84 28 480
0 81 24 0
0 77 24 0
0 77 0 240
0 81 0 0
0 84 0 0
0 77 24 480
0 83 28 0
0 79 24 0
0 79 0 240
0 83 0 0
0 77 0 0
0 84 29 480
0 81 25 0
0 77 25 0
0 77 0 240
0 81 0 0
0 84 0 0
0 77 25 480
0 83 30 0
0 79 25 0
0 79 0 240
0 83 0 0
0 77 0 0
0 83 30 480
0 79 25 0
0 76 25 0
0 76 0 240
0 79 0 0
0 83 0 0
0 76 26 480
0 81 31 0
0 77 26 0
0 77 0 240
0 81 0 0
0 76 0 0
0 81 31 480
0 77 27 0
0 74 27 0
0 74 0 240
0 77 0 0
0 81 0 0
0 74 28 480
0 79 33 0
0 76 28 0
0 76 0 240
0 79 0 0
0 74 0 0
0 79 33 480
0 76 28 0
0 72 28 0
0 72 0 240
0 76 0 0
0 79 0 0
0 72 28 480
0 77 34 0
0 74 28 0
0 74 0 240
0 77 0 0
0 72 0 0
0 77 35 480
0 74 30 0
0 71 30 0
0 71 0 240
0 74 0 0
0 77 0 0
0 71 30 480
0 76 36 0
0 72 30 0
0 72 0 240
0 76 0 0
0 71 0 0
0 76 37 480
0 72 31 0
0 69 31 0
0 69 0 240
0 72 0 0
0 76 0 0
0 69 33 480
0 74 40 0
0 71 33 0
0 71 0 240
0 74 0 0
0 69 0 0
0 76 41 480
0 72 35 0
0 69 35 0
0 69 0 240
0 72 0 0
0 76 0 0
0 69 37 480
0 74 44 0
0 71 37 0
0 71 0 240
0 74 0 0
0 69 0 0
0 72 47 480
0 69 40 0
0 65 40 0
0 65 0 240
0 69 0 0
0 72 0 0
0 65 42 480
0 71 50 0
0 67 42 0
0 67 0 240
0 71 0 0
0 65 0 0
0 72 52 480
0 69 44 0
0 65 44 0
0 65 0 240
0 69 0 0
0 72 0 0
0 65 44 480
0 71 52 0
0 67 44 0
0 67 0 240
0 71 0 0
0 65 0 0
0 71 52 480
0 67 44 0
0 64 44 0
0 64 0 240
0 67 0 0
0 71 0 0
0 64 44 480
0 69 52 0
0 65 44 0
0 65 0 240
0 69 0 0
0 64 0 0
0 69 52 480
0 65 44 0
0 62 44 0
0 62 0 240
0 65 0 0
0 69 0 0
0 62 44 480
0 67 52 0
0 64 44 0
0 64 0 240
0 67 0 0
0 62 0 0
0 67 52 480
0 64 44 0
0 60 44 0
0 60 0 240
0 64 0 0
0 67 0 0
0 60 44 480
0 65 52 0
0 62 44 0
0 62 0 240
0 65 0 0
0 60 0 0
0 65 52 480
0 62 44 0
0 59 44 0
0 59 0 240
0 62 0 0
0 65 0 0
0 59 44 480
0 64 52 0
0 60 44 0
0 60 0 240
0 64 0 0
0 59 0 0
0 64 52 480
0 60 44 0
0 57 44 0
0 57 0 240
0 60 0 0
0 64 0 0
0 57 44 480
0 62 52 0
0 59 44 0
0 59 0 240
0 62 0 0
0 57 0 0
0 62 52 480
0 59 44 0
0 55 44 0
0 55 0 240
0 59 0 0
0 62 0 0
0 55 44 480
0 60 52 0
0 57 44 0
0 57 0 240
0 60 0 0
0 55 0 0
0 64 52 480
0 60 44 0
0 57 44 0
0 57 0 240
0 60 0 0
0 64 0 0
0 57 44 480
0 62 52 0
0 59 44 0
0 59 0 240
0 62 0 0
0 57 0 0
0 48 68 0
0 60 81 0
0 60 0 84
0 48 0 0
0 49 61 156
0 61 72 0
0 61 0 84
0 49 0 0
0 60 73 156
0 56 73 0
0 51 73 0
0 63 86 0
0 56 0 60
0 60 0 0
0 51 0 24
0 63 0 0
0 48 67 156
0 60 79 0
0 60 0 84
0 48 0 0
0 51 63 156
0 63 76 0
0 53 61 240
0 56 61 0
0 56 0 240
0 51 0 0
0 63 0 0
0 53 0 0
0 49 68 0
0 61 81 0
0 61 0 84
0 49 0 0
0 48 61 156
0 60 72 0
0 60 0 84
0 48 0 0
0 60 64 156
0 56 64 0
0 51 64 0
0 63 77 0
0 63 0 120
0 60 0 0
0 56 0 0
0 51 0 0
0 51 79 360
0 63 93 0
0 53 61 240
0 56 61 0
0 56 0 240
0 51 0 0
0 63 0 0
0 53 0 0
0 48 68 0
0 60 81 0
0 60 0 84
0 48 0 0
0 49 61 156
0 61 72 0
0 61 0 84
0 49 0 0
0 60 73 156
0 56 73 0
0 51 73 0
0 63 86 0
0 56 0 60
0 60 0 0
0 51 0 24
0 63 0 0
0 48 67 156
0 60 79 0
0 60 0 84
0 48 0 0
0 51 63 156
0 63 76 0
0 53 61 240
0 56 61 0
0 56 0 240
0 51 0 0
0 63 0 0
0 53 0 0
0 49 68 0
0 61 81 0
0 61 0 84
0 49 0 0
0 48 61 156
0 60 72 0
0 60 0 84
0 48 0 0
0 60 64 156
0 56 64 0
0 51 64 0
0 63 77 0
0 63 0 120
0 60 0 0
0 56 0 0
0 51 0 0
0 51 79 360
0 63 93 0
0 53 61 240
0 56 61 0
0 56 0 240
0 51 0 0
0 63 0 0
0 53 0 0
0 48 74 0
0 60 89 0
0 60 0 84
0 48 0 0
0 50 67 156
0 62 79 0
0 62 0 84
0 50 0 0
0 60 80 156
0 55 68 0
0 52 68 0
0 64 94 0
0 55 0 60
0 60 0 0
0 52 0 24
0 64 0 0
0 48 73 156
0 60 86 0
0 60 0 84
0 48 0 0
0 52 69 156
0 64 83 0
0 53 67 240
0 57 67 0
0 57 0 240
0 52 0 0
0 64 0 0
0 53 0 0
0 50 74 0
0 62 89 0
0 62 0 84
0 50 0 0
0 48 67 156
0 60 79 0
0 60 0 84
0 48 0 0
0 60 70 156
0 55 70 0
0 52 70 0
0 64 84 0
0 64 0 120
0 60 0 0
0 55 0 0
0 52 0 0
0 52 83 360
0 64 98 0
0 53 67 240
0 57 67 0
0 57 0 240
0 52 0 0
0 64 0 0
0 53 0 0
0 48 74 0
0 60 89 0
0 60 0 84
0 48 0 0
0 50 67 156
0 62 79 0
0 62 0 84
0 50 0 0
0 60 80 156
0 55 80 0
0 52 80 0
0 64 94 0
0 55 0 60
0 60 0 0
0 52 0 24
0 64 0 0
0 48 73 156
0 60 86 0
0 60 0 84
0 48 0 0
0 52 69 156
0 64 83 0
0 53 67 240
0 57 67 0
0 57 0 240
0 52 0 0
0 64 0 0
0 53 0 0
0 50 74 0
0 62 89 0
0 62 0 84
0 50 0 0
0 48 67 156
0 60 79 0
0 60 0 84
0 48 0 0
0 60 70 156
0 55 70 0
0 52 70 0
0 64 84 0
0 64 0 120
0 60 0 0
0 55 0 0
0 52 0 0
0 52 83 360
0 64 98 0
0 53 67 240
0 57 67 0
0 57 0 240
0 52 0 0
0 64 0 0
0 53 0 0
0 48 70 0
0 60 70 7
0 48 0 53
0 60 0 7
0 50 70 173
0 62 70 0
0 62 0 60
0 50 0 0
0 52 58 2100
0 52 0 480
0 48 62 0
0 48 0 84
0 50 55 156
0 50 0 84
0 60 40 2556
0 60 0 240
0 62 37 0
0 62 0 240
0 53 34 0
0 64 45 0
0 64 0 240
0 60 38 0
0 60 0 240
0 64 38 0
0 53 0 240
0 55 34 0
0 64 0 120
0 62 34 0
0 62 0 60
0 64 34 0
0 64 0 60
0 62 43 0
0 62 0 240
0 59 42 0
0 59 0 240
0 55 0 0
0 60 47 0
0 60 0 120
0 60 49 360
0 60 0 420
0 60 40 60
0 60 0 240
0 62 37 0
0 62 0 240
0 53 34 0
0 64 45 0
0 64 0 240
0 60 38 0
0 60 0 240
0 64 38 0
0 53 0 240
0 55 34 0
0 64 0 120
0 62 34 0
0 62 0 60
0 64 34 0
0 64 0 60
0 62 43 0
0 62 0 240
0 59 42 0
0 59 0 240
0 55 0 0
0 60 47 0
0 60 0 120
0 60 49 360
0 60 0 480
0 68 73 480
0 71 75 0
0 71 0 720
0 68 0 0
0 69 62 0
0 72 75 0
0 72 0 720
0 69 0 0
0 68 72 0
0 71 75 0
0 71 0 120
0 68 0 0
0 68 48 360
0 71 75 0
0 71 0 480
0 68 0 0
0 71 40 0
0 71 0 240
0 73 37 0
0 73 0 240
0 64 34 0
0 75 45 0
0 75 0 240
0 71 38 0
0 71 0 240
0 75 38 0
0 64 0 240
0 63 34 0
0 75 0 120
0 73 34 0
0 73 0 60
0 75 34 0
0 75 0 60
0 73 43 0
0 73 0 240
0 69 38 0
0 69 0 240
0 63 0 0
0 64 27 0
0 68 27 0
0 71 34 0
0 71 0 120
0 68 0 0
0 64 0 0
0 64 33 360
0 68 33 0
0 71 41 0
0 71 0 480
0 68 0 0
0 64 0 0
0 71 73 480
0 74 75 0
0 74 0 720
0 71 0 0
0 72 62 0
0 75 75 0
0 75 0 720
0 72 0 0
0 71 72 0
0 74 75 0
0 74 0 120
0 71 0 0
0 71 48 360
0 74 75 0
0 74 0 480
0 71 0 0
0 74 40 0
0 74 0 240
0 76 37 0
0 76 0 240
0 67 34 0
0 78 45 0
0 78 0 240
0 74 38 0
0 74 0 240
0 78 38 0
0 67 0 240
0 66 34 0
0 78 0 120
0 76 34 0
0 76 0 60
0 78 34 0
0 78 0 60
0 76 43 0
0 76 0 240
0 72 38 0
0 72 0 240
0 66 0 0
0 67 27 0
0 71 27 0
0 74 34 0
0 74 0 120
0 71 0 0
0 67 0 0
0 67 33 360
0 71 33 0
0 74 41 0
0 74 0 480
0 71 0 0
0 67 0 0
0 74 43 0
0 74 0 120
0 76 43 0
0 76 0 120
0 69 30 0
0 72 30 0
0 78 38 0
0 78 0 240
0 72 0 0
0 69 0 0
0 67 27 14
0 71 27 0
0 74 34 0
0 74 0 120
0 71 0 0
0 67 0 0
0 74 41 346
0 67 33 0
0 71 33 0
0 71 0 480
0 67 0 0
0 74 0 0
0 74 43 0
0 74 0 120
0 76 43 0
0 76 0 120
0 69 30 0
0 72 30 0
0 77 38 0
0 77 0 240
0 72 0 0
0 69 0 0
0 74 43 240
0 74 0 120
0 76 43 0
0 76 0 120
0 69 30 0
0 72 30 0
0 78 38 0
0 78 0 120
0 72 0 0
0 69 0 0
0 74 43 360
0 74 0 120
0 76 43 0
0 76 0 120
0 69 30 0
0 72 30 0
0 77 38 0
0 77 0 120
0 72 0 0
0 69 0 0
0 74 43 360
0 74 0 120
0 76 43 0
0 76 0 120
0 69 30 0
0 72 30 0
0 78 38 0
0 78 0 120
0 72 0 0
0 69 0 0
0 74 43 360
0 74 0 120
0 76 43 0
0 76 0 120
0 69 30 0
0 72 30 0
0 77 38 0
0 77 0 120
0 72 0 0
0 69 0 0
0 77 43 360
0 77 0 120
0 79 43 0
0 79 0 120
0 72 30 0
0 74 30 0
0 81 38 0
0 81 0 120
0 74 0 0
0 72 0 0
0 77 43 360
0 77 0 120
0 79 43 0
0 79 0 120
0 71 30 0
0 74 30 0
0 81 38 0
0 81 0 120
0 74 0 0
0 71 0 0
0 76 43 360
0 76 0 120
0 77 43 0
0 77 0 120
0 71 30 0
0 72 30 0
0 79 38 0
0 79 0 120
0 72 0 0
0 71 0 0
0 76 43 360
0 76 0 120
0 77 43 0
0 77 0 120
0 71 29 0
0 72 29 0
0 79 37 0
0 79 0 120
0 72 0 0
0 71 0 0
0 76 41 360
0 76 0 120
0 77 41 0
0 77 0 120
0 69 28 0
0 72 28 0
0 79 36 0
0 79 0 120
0 72 0 0
0 69 0 0
0 76 39 360
0 76 0 120
0 77 39 0
0 77 0 120
0 69 27 0
0 72 27 0
0 79 34 0
0 79 0 120
0 72 0 0
0 69 0 0
0 74 37 360
0 74 0 120
0 76 37 0
0 76 0 120
0 69 26 0
0 71 26 0
0 77 33 0
0 77 0 120
0 71 0 0
0 69 0 0
0 74 36 360
0 74 0 120
0 76 36 0
0 76 0 120
0 69 24 0
0 71 24 0
0 77 31 0
0 77 0 120
0 71 0 0
0 69 0 0
0 74 34 360
0 74 0 120
0 76 34 0
0 76 0 120
0 67 23 0
0 71 23 0
0 77 30 0
0 77 0 120
0 71 0 0
0 67 0 0
0 74 32 360
0 74 0 120
0 76 32 0
0 76 0 120
0 67 22 0
0 71 22 0
0 77 28 0
0 77 0 120
0 71 0 0
0 67 0 0
0 72 30 360
0 72 0 120
0 74 30 0
0 74 0 120
0 67 21 0
0 69 21 0
0 76 26 0
0 76 0 120
0 69 0 0
0 67 0 0
0 72 29 360
0 72 0 120
0 74 29 0
0 74 0 120
0 67 20 0
0 69 20 0
0 76 25 0
0 76 0 120
0 69 0 0
0 67 0 0
0 72 27 360
0 72 0 120
0 74 27 0
0 74 0 120
0 65 19 0
0 69 19 0
0 76 24 0
0 76 0 120
0 69 0 0
0 65 0 0
0 71 27 2520
0 71 0 120
0 72 27 0
0 72 0 120
0 65 19 0
0 69 19 0
0 74 24 0
0 74 0 120
0 69 0 0
0 65 0 0
0 67 14 3720
0 74 16 0
0 74 0 240
0 67 0 0
0 84 32 720
0 84 0 240
0 86 29 0
0 86 0 240
0 88 36 0
0 88 0 240
0 84 30 0
0 84 0 240
0 88 30 0
0 88 0 360
0 86 27 0
0 86 0 60
0 88 27 0
0 88 0 60
0 86 34 0
0 86 0 240
0 84 30 0
0 84 0 240
0 88 32 0
0 88 0 120
0 88 39 360
0 88 0 480
0 84 32 0
0 84 0 240
0 86 29 0
0 86 0 240
0 88 36 0
0 88 0 240
0 84 30 0
0 84 0 240
0 88 30 0
0 88 0 360
0 86 27 0
0 86 0 60
0 88 27 0
0 88 0 60
0 86 34 0
0 86 0 240
0 84 30 0
0 84 0 240
0 88 32 0
0 88 0 120
0 88 39 360
0 88 0 480
0 96 28 480
0 93 24 0
0 89 24 0
0 89 0 240
0 93 0 0
0 96 0 0
0 89 24 480
0 95 28 0
0 91 24 0
0 91 0 240
0 95 0 0
0 89 0 0
0 95 28 480
0 91 24 0
0 88 24 0
0 88 0 240
0 91 0 0
0 95 0 0
0 93 28 480
0 89 24 0
0 88 24 0
0 88 0 240
0 89 0 0
0 93 0 0
0 93 28 480
0 89 24 0
0 86 24 0
0 86 0 240
0 89 0 0
0 93 0 0
0 86 24 480
0 91 28 0
0 88 24 0
0 88 0 240
0 91 0 0
0 86 0 0
0 91 28 480
0 88 24 0
0 84 24 0
0 84 0 240
0 88 0 0
0 91 0 0
0 89 28 480
0 86 24 0
0 84 24 0
0 84 0 240
0 86 0 0
0 89 0 0
0 89 28 480
0 86 24 0
0 83 24 0
0 83 0 240
0 86 0 0
0 89 0 0
0 83 24 480
0 88 28 0
0 84 24 0
0 84 0 240
0 88 0 0
0 83 0 0
0 88 28 480
0 84 24 0
0 81 24 0
0 81 0 240
0 84 0 0
0 88 0 0
0 81 24 480
0 86 28 0
0 83 24 0
0 83 0 240
0 86 0 0
0 81 0 0
0 86 28 480
0 83 24 0
0 79 24 0
0 79 0 240
0 83 0 0
0 86 0 0
0 79 24 480
0 84 28 0
0 81 24 0
0 81 0 240
0 84 0 0
0 79 0 0
0 84 28 480
0 81 24 0
0 77 24 0
0 77 0 240
0 81 0 0
0 84 0 0
0 77 24 480
0 83 28 0
0 79 24 0
0 79 0 240
0 83 0 0
0 77 0 0
0 84 29 480
0 81 25 0
0 77 25 0
0 77 0 240
0 81 0 0
0 84 0 0
0 77 25 480
0 83 30 0
0 79 25 0
0 79 0 240
0 83 0 0
0 77 0 0
0 83 30 480
0 79 25 0
0 76 25 0
0 76 0 240
0 79 0 0
0 83 0 0
0 76 26 480
0 81 31 0
0 77 26 0
0 77 0 240
0 81 0 0
0 76 0 0
0 81 31 480
0 77 27 0
0 74 27 0
0 74 0 240
0 77 0 0
0 81 0 0
0 74 28 480
0 79 33 0
0 76 28 0
0 76 0 240
0 79 0 0
0 74 0 0
0 79 33 480
0 76 28 0
0 72 28 0
0 72 0 240
0 76 0 0
0 79 0 0
0 72 28 480
0 77 34 0
0 74 28 0
0 74 0 240
0 77 0 0
0 72 0 0
0 77 35 480
0 74 30 0
0 71 30 0
0 71 0 240
0 74 0 0
0 77 0 0
0 71 30 480
0 76 36 0
0 72 30 0
0 72 0 240
0 76 0 0
0 71 0 0
0 76 37 480
0 72 31 0
0 69 31 0
0 69 0 240
0 72 0 0
0 76 0 0
0 69 33 480
0 74 40 0
0 71 33 0
0 71 0 240
0 74 0 0
0 69 0 0
0 76 41 480
0 72 35 0
0 69 35 0
0 69 0 240
0 72 0 0
0 76 0 0
0 69 37 480
0 74 44 0
0 71 37 0
0 71 0 240
0 74 0 0
0 69 0 0
0 72 47 480
0 69 40 0
0 65 40 0
0 65 0 240
0 69 0 0
0 72 0 0
0 65 42 480
0 71 50 0
0 67 42 0
0 67 0 240
0 71 0 0
0 65 0 0
0 72 52 480
0 69 44 0
0 65 44 0
0 65 0 240
0 69 0 0
0 72 0 0
0 65 44 480
0 71 52 0
0 67 44 0
0 67 0 240
0 71 0 0
0 65 0 0
0 71 52 480
0 67 44 0
0 64 44 0
0 64 0 240
0 67 0 0
0 71 0 0
0 64 44 480
0 69 52 0
0 65 44 0
0 65 0 240
0 69 0 0
0 64 0 0
0 69 52 480
0 65 44 0
0 62 44 0
0 62 0 240
0 65 0 0
0 69 0 0
0 62 44 480
0 67 52 0
0 64 44 0
0 64 0 240
0 67 0 0
0 62 0 0
0 67 52 480
0 64 44 0
0 60 44 0
0 60 0 240
0 64 0 0
0 67 0 0
0 60 44 480
0 65 52 0
0 62 44 0
0 62 0 240
0 65 0 0
0 60 0 0
0 65 52 480
0 62 44 0
0 59 44 0
0 59 0 240
0 62 0 0
0 65 0 0
0 59 44 480
0 64 52 0
0 60 44 0
0 60 0 240
0 64 0 0
0 59 0 0
0 64 52 480
0 60 44 0
0 57 44 0
0 57 0 240
0 60 0 0
0 64 0 0
0 57 44 480
0 62 52 0
0 59 44 0
0 59 0 240
0 62 0 0
0 57 0 0
0 62 52 480
0 59 44 0
0 55 44 0
0 55 0 240
0 59 0 0
0 62 0 0
0 55 44 480
0 60 52 0
0 57 44 0
0 57 0 240
0 60 0 0
0 55 0 0
0 64 52 480
0 60 44 0
0 57 44 0
0 57 0 240
0 60 0 0
0 64 0 0
0 57 44 480
0 62 52 0
0 59 44 0
0 59 0 240
0 62 0 0
0 57 0 0
0 48 68 0
0 60 81 0
0 60 0 84
0 48 0 0
0 49 61 156
0 61 72 0
0 61 0 84
0 49 0 0
0 60 73 156
0 56 73 0
0 51 73 0
0 63 86 0
0 56 0 60
0 60 0 0
0 51 0 24
0 63 0 0
0 48 67 156
0 60 79 0
0 60 0 84
0 48 0 0
0 51 63 156
0 63 76 0
0 53 61 240
0 56 61 0
0 56 0 240
0 51 0 0
0 63 0 0
0 53 0 0
0 49 68 0
0 61 81 0
0 61 0 84
0 49 0 0
0 48 61 156
0 60 72 0
0 60 0 84
0 48 0 0
0 60 64 156
0 56 64 0
0 51 64 0
0 63 77 0
0 63 0 120
0 60 0 0
0 56 0 0
0 51 0 0
0 51 79 360
0 63 93 0
0 53 61 240
0 56 61 0
0 56 0 240
0 51 0 0
0 63 0 0
0 53 0 0
0 48 68 0
0 60 81 0
0 60 0 84
0 48 0 0
0 49 61 156
0 61 72 0
0 61 0 84
0 49 0 0
0 60 73 156
0 56 73 0
0 51 73 0
0 63 86 0
0 56 0 60
0 60 0 0
0 51 0 24
0 63 0 0
0 48 67 156
0 60 79 0
0 60 0 84
0 48 0 0
0 51 63 156
0 63 76 0
0 53 61 240
0 56 61 0
0 56 0 240
0 51 0 0
0 63 0 0
0 53 0 0
0 49 68 0
0 61 81 0
0 61 0 84
0 49 0 0
0 48 61 156
0 60 72 0
0 60 0 84
0 48 0 0
0 60 64 156
0 56 64 0
0 51 64 0
0 63 77 0
0 63 0 120
0 60 0 0
0 56 0 0
0 51 0 0
0 51 79 360
0 63 93 0
0 53 61 240
0 56 61 0
0 56 0 240
0 51 0 0
0 63 0 0
0 53 0 0
0 48 74 0
0 60 89 0
0 60 0 84
0 48 0 0
0 50 67 156
0 62 79 0
0 62 0 84
0 50 0 0
0 60 80 156
0 55 68 0
0 52 68 0
0 64 94 0
0 55 0 60
0 60 0 0
0 52 0 24
0 64 0 0
0 48 73 156
0 60 86 0
0 60 0 84
0 48 0 0
0 52 69 156
0 64 83 0
0 53 67 240
0 57 67 0
0 57 0 240
0 52 0 0
0 64 0 0
0 53 0 0
0 50 74 0
0 62 89 0
0 62 0 84
0 50 0 0
0 48 67 156
0 60 79 0
0 60 0 84
0 48 0 0
0 60 70 156
0 55 70 0
0 52 70 0
0 64 84 0
0 64 0 120
0 60 0 0
0 55 0 0
0 52 0 0
0 52 83 360
0 64 98 0
0 53 67 240
0 57 67 0
0 57 0 240
0 52 0 0
0 64 0 0
0 53 0 0
0 48 74 0
0 60 89 0
0 60 0 84
0 48 0 0
0 50 67 156
0 62 79 0
0 62 0 84
0 50 0 0
0 60 80 156
0 55 80 0
0 52 80 0
0 64 94 0
0 55 0 60
0 60 0 0
0 52 0 24
0 64 0 0
0 48 73 156
0 60 86 0
0 60 0 84
0 48 0 0
0 52 69 156
0 64 83 0
0 53 67 240
0 57 67 0
0 57 0 240
0 52 0 0
0 64 0 0
0 53 0 0
0 50 74 0
0 62 89 0
0 62 0 84
0 50 0 0
0 48 67 156
0 60 79 0
0 60 0 84
0 48 0 0
0 60 70 156
0 55 70 0
0 52 70 0
0 64 84 0
0 64 0 120
0 60 0 0
0 55 0 0
0 52 0 0
0 52 83 360
0 64 98 0
0 53 67 240
0 57 67 0
0 57 0 240
0 52 0 0
0 64 0 0
0 53 0 0
0 48 70 0
0 60 70 0
0 60 0 60
0 48 0 0
0 50 70 180
0 62 70 0
0 62 0 60
0 50 0 0
0 52 58 2100
0 52 0 480
0 48 62 0
0 48 0 84
0 50 55 156
0 50 0 84
0 60 40 2556
0 60 0 240
0 62 37 0
0 62 0 240
0 53 34 0
0 64 45 0
0 64 0 240
0 60 38 0
0 60 0 240
0 64 38 0
0 53 0 240
0 55 34 0
0 64 0 120
0 62 34 0
0 62 0 60
0 64 34 0
0 64 0 60
0 62 43 0
0 62 0 240
0 59 42 0
0 59 0 240
0 55 0 0
0 60 47 0
0 60 0 120
0 60 49 360
0 60 0 420
0 60 40 60
0 60 0 240
0 62 37 0
0 62 0 240
0 53 34 0
0 64 45 0
0 64 0 240
0 60 38 0
0 60 0 240
0 64 38 0
0 53 0 240
0 55 34 0
0 64 0 120
0 62 34 0
0 62 0 60
0 64 34 0
0 64 0 60
0 62 43 0
0 62 0 240
0 59 42 0
0 59 0 240
0 55 0 0
0 60 47 0
0 60 0 120
0 60 49 360
0 60 0 480
0 62 43 0
0 62 0 240
0 64 42 0
0 64 0 240
0 60 47 0
0 60 0 120
0 60 49 360
0 60 0 480
0 59 43 0
0 59 0 240
0 55 42 0
0 55 0 240
0 60 47 0
0 60 0 120
0 60 41 360
0 53 34 240
0 60 0 240
0 62 36 0
0 62 0 240
0 64 35 0
0 64 0 240
0 53 0 0
0 52 34 0
0 60 39 0
0 60 0 120
0 60 34 360
0 52 0 240
0 50 28 0
0 60 0 240
0 59 30 0
0 59 0 240
0 55 29 0
0 55 0 240
0 50 0 0
0 52 28 0
0 60 33 0
0 60 0 120
0 52 0 0
0 52 28 360
0 60 33 0
0 60 0 960
0 52 0 0
0 72 28 0
0 64 23 0
0 64 0 120
0 72 0 0
0 72 28 360
0 64 23 0
0 64 0 960
0 72 0 0
0 76 19 0
0 84 23 0
0 84 0 120
0 76 0 0
0 76 19 360
0 84 23 0
0 84 0 2880
0 76 0 0
0 48 40 0
0 60 96 0
0 60 0 720
0 59 32 0
0 59 0 720
0 57 33 0
0 57 0 720
0 59 27 0
0 59 0 720
0 55 31 0
0 55 0 720
0 57 29 0
0 57 0 720
0 53 33 0
0 53 0 720
0 52 27 0
0 52 0 720
0 50 31 0
0 50 0 720
0 52 27 0
0 52 0 720
0 48 0 0
0 43 28 0
0 50 33 0
0 50 0 720
0 48 27 0
0 48 0 720
0 50 29 0
0 50 0 720
0 48 22 0
0 48 0 720
0 43 0 0
0 43 19 0
0 50 23 0
0 50 0 720
0 43 0 0
0 31 19 0
0 38 23 0
0 38 0 720
0 31 0 0
0 48 40 0
0 60 96 0
0 60 0 720
0 59 32 0
0 59 0 720
0 57 33 0
0 57 0 720
0 59 27 0
0 59 0 720
0 55 31 0
0 55 0 720
0 57 29 0
0 57 0 720
0 53 33 0
0 53 0 720
0 52 27 0
0 52 0 720
0 50 31 0
0 50 0 720
0 52 27 0
0 52 0 720
0 48 0 0
0 43 28 0
0 50 33 0
0 50 0 720
0 48 27 0
0 48 0 720
0 50 29 0
0 50 0 720
0 48 22 0
0 48 0 720
0 43 0 0
0 43 19 0
0 50 23 0
0 50 0 720
0 43 0 0
0 31 19 0
0 38 23 0
0 38 0 720
0 31 0 0
0 43 22 0
0 50 26 0
0 50 0 960
0 43 0 0
0 62 79 0
0 62 0 120
0 64 73 120
0 64 0 120
0 65 89 120
0 65 0 120
0 62 74 120
0 62 0 120
0 65 74 120
0 65 0 360
0 64 67 0
0 64 0 60
0 65 67 0
0 65 0 60
0 64 84 0
0 64 0 120
0 63 74 120
0 63 0 120
0 64 74 120
0 64 0 720
0 59 54 0
0 52 50 0
0 52 0 240
0 59 0 0
0 47 28 480
0 56 33 0
0 56 0 720
0 57 27 0
0 57 0 720
0 47 0 0
0 52 22 0
0 59 26 0
0 59 0 720
0 52 0 0
0 40 22 0
0 47 26 0
0 47 0 240
0 40 0 0
0 65 79 0
0 65 0 120
0 67 73 120
0 67 0 120
0 68 89 120
0 68 0 120
0 65 74 120
0 65 0 120
0 68 74 120
0 68 0 360
0 67 67 0
0 67 0 60
0 68 67 0
0 68 0 60
0 67 84 0
0 67 0 120
0 66 74 120
0 66 0 120
0 67 74 120
0 67 0 720
0 62 54 0
0 55 50 0
0 55 0 240
0 62 0 0
0 50 28 480
0 59 33 0
0 59 0 720
0 60 27 0
0 60 0 720
0 50 0 0
0 55 22 0
0 62 26 0
0 62 0 720
0 55 0 0
0 43 22 0
0 50 26 0
0 50 0 480
0 43 0 0
0 55 22 254
0 62 26 0
0 62 0 720
0 55 0 0
0 43 22 0
0 50 26 0
0 50 0 480
0 43 0 0
0 55 22 240
0 62 26 0
0 62 0 480
0 55 0 0
0 43 22 240
0 50 26 0
0 50 0 480
0 43 0 0
0 55 22 240
0 62 26 0
0 62 0 480
0 55 0 0
0 43 22 240
0 50 26 0
0 50 0 480
0 43 0 0
0 55 22 240
0 62 26 0
0 62 0 480
0 55 0 0
0 43 22 240
0 50 26 0
0 50 0 480
0 43 0 0
0 55 26 226
0 48 22 0
0 48 0 480
0 55 0 0
0 43 26 240
0 36 22 0
0 36 0 480
0 43 0 0
0 60 25 240
0 53 21 0
0 53 0 480
0 60 0 0
0 48 24 240
0 41 20 0
0 41 0 480
0 48 0 0
0 53 23 240
0 47 19 0
0 47 0 480
0 53 0 0
0 41 22 240
0 35 18 0
0 35 0 480
0 41 0 0
0 59 21 240
0 52 18 0
0 52 0 480
0 59 0 0
0 47 20 240
0 40 17 0
0 40 0 480
0 47 0 0
0 52 19 240
0 45 16 0
0 45 0 480
0 52 0 0
0 40 18 240
0 33 15 0
0 33 0 480
0 40 0 0
0 57 16 240
0 50 14 0
0 50 0 480
0 57 0 0
0 45 16 240
0 38 14 0
0 38 0 480
0 45 0 0
0 57 16 240
0 50 14 0
0 50 0 480
0 57 0 0
0 45 16 240
0 38 14 0
0 38 0 480
0 45 0 0
0 50 16 240
0 43 14 0
0 43 0 480
0 50 0 0
0 38 16 240
0 31 14 0
0 31 0 240
0 38 0 0
0 50 16 480
0 43 14 0
0 43 0 240
0 50 0 0
0 38 16 480
0 31 14 0
0 31 0 240
0 38 0 0
0 50 16 480
0 43 14 0
0 43 0 240
0 50 0 0
0 62 16 480
0 55 14 0
0 55 0 240
0 62 0 0
0 86 16 1200
0 79 14 0
0 79 0 240
0 86 0 0
0 79 26 480
0 79 0 120
0 79 21 600
0 79 0 120
0 79 24 600
0 79 0 120
0 79 24 600
0 79 0 120
0 91 26 600
0 91 0 120
0 91 21 600
0 91 0 120
0 91 24 600
0 91 0 120
0 91 24 600
0 91 0 120
0 84 35 120
0 84 0 240
0 86 31 0
0 86 0 240
0 88 39 0
0 88 0 240
0 84 33 0
0 84 0 240
0 88 33 0
0 88 0 360
0 86 29 0
0 86 0 60
0 88 29 0
0 88 0 60
0 86 37 0
0 86 0 240
0 83 33 0
0 83 0 240
0 86 35 0
0 86 0 120
0 84 42 360
0 84 0 480
0 81 35 0
0 81 0 240
0 83 31 0
0 83 0 240
0 84 39 0
0 84 0 240
0 81 33 0
0 81 0 240
0 84 33 0
0 84 0 360
0 83 29 0
0 83 0 60
0 84 29 0
0 84 0 60
0 83 37 0
0 83 0 240
0 79 33 0
0 79 0 240
0 83 35 0
0 83 0 120
0 81 42 360
0 81 0 480
0 77 35 0
0 77 0 240
0 79 31 0
0 79 0 240
0 81 39 0
0 81 0 240
0 77 33 0
0 77 0 240
0 81 33 0
0 81 0 360
0 79 29 0
0 79 0 60
0 81 29 0
0 81 0 60
0 79 37 0
0 79 0 240
0 76 33 0
0 76 0 240
0 79 39 0
0 79 0 240
0 76 33 0
0 76 0 240
0 79 33 0
0 79 0 360
0 77 29 0
0 77 0 60
0 79 29 0
0 79 0 60
0 77 37 0
0 77 0 240
0 74 33 0
0 74 0 240
0 77 39 0
0 77 0 240
0 74 33 0
0 74 0 240
0 77 33 0
0 77 0 360
0 76 29 0
0 76 0 60
0 77 29 0
0 77 0 60
0 76 37 0
0 76 0 240
0 72 33 0
0 72 0 240
0 76 35 0
0 76 0 120
0 74 42 360
0 74 0 480
0 72 37 0
0 72 0 240
0 74 33 0
0 74 0 240
0 76 41 0
0 76 0 240
0 72 34 0
0 72 0 240
0 76 34 0
0 76 0 360
0 74 31 0
0 74 0 60
0 76 31 0
0 76 0 60
0 74 39 0
0 74 0 240
0 71 34 0
0 71 0 240
0 74 38 0
0 74 0 120
0 72 46 360
0 72 0 480
0 69 42 0
0 69 0 240
0 71 37 0
0 71 0 240
0 72 44 0
0 72 0 240
0 69 37 0
0 69 0 240
0 72 37 0
0 72 0 360
0 71 34 0
0 71 0 60
0 72 34 0
0 72 0 60
0 71 43 0
0 71 0 240
0 67 39 0
0 67 0 240
0 71 41 0
0 71 0 120
0 69 51 360
0 69 0 480
0 65 45 0
0 65 0 240
0 67 40 0
0 67 0 240
0 69 49 0
0 69 0 240
0 65 40 0
0 65 0 240
0 69 41 0
0 69 0 360
0 67 37 0
0 67 0 60
0 69 37 0
0 69 0 60
0 67 48 0
0 67 0 240
0 64 42 0
0 64 0 240
0 67 52 0
0 67 0 240
0 64 44 0
0 64 0 240
0 67 44 0
0 67 0 360
0 65 41 0
0 65 0 60
0 67 41 0
0 67 0 60
0 65 53 0
0 65 0 240
0 62 47 0
0 62 0 240
0 65 58 0
0 65 0 240
0 62 50 0
0 62 0 240
0 65 50 0
0 65 0 360
0 64 47 0
0 64 0 60
0 65 47 0
0 65 0 60
0 64 59 0
0 64 0 240
0 60 54 0
0 60 0 240
0 64 58 0
0 64 0 120
0 62 75 360
0 62 0 480
0 48 62 0
0 60 74 0
0 60 0 84
0 48 0 0
0 50 56 156
0 62 66 0
0 62 0 84
0 50 0 0
0 52 67 156
0 64 79 0
0 64 0 84
0 52 0 0
0 48 56 156
0 60 66 0
0 60 0 84
0 48 0 0
0 52 56 156
0 64 66 0
0 64 0 480
0 52 0 0
0 50 62 0
0 62 74 0
0 62 0 84
0 50 0 0
0 47 56 156
0 59 66 0
0 59 0 84
0 47 0 0
0 50 59 156
0 62 70 0
0 62 0 120
0 50 0 0
0 48 72 360
0 60 85 0
0 60 0 480
0 48 0 0
0 45 62 0
0 57 74 0
0 57 0 84
0 45 0 0
0 47 56 156
0 59 66 0
0 59 0 84
0 47 0 0
0 48 67 156
0 60 79 0
0 60 0 84
0 48 0 0
0 45 56 156
0 57 66 0
0 57 0 84
0 45 0 0
0 48 56 156
0 60 66 0
0 60 0 480
0 48 0 0
0 47 62 0
0 59 74 0
0 59 0 84
0 47 0 0
0 43 56 156
0 55 66 0
0 55 0 84
0 43 0 0
0 47 59 156
0 59 70 0
0 59 0 120
0 47 0 0
0 45 69 360
0 57 82 0
0 57 0 480
0 45 0 0
0 41 62 0
0 53 74 0
0 53 0 84
0 41 0 0
0 43 56 156
0 55 66 0
0 55 0 84
0 43 0 0
0 45 67 156
0 57 79 0
0 57 0 84
0 45 0 0
0 41 56 156
0 53 66 0
0 53 0 84
0 41 0 0
0 45 56 156
0 57 66 0
0 57 0 480
0 45 0 0
0 43 62 0
0 55 74 0
0 55 0 84
0 43 0 0
0 40 56 156
0 52 66 0
0 52 0 84
0 40 0 0
0 43 67 156
0 55 79 0
0 55 0 84
0 43 0 0
0 40 56 156
0 52 66 0
0 52 0 84
0 40 0 0
0 43 56 156
0 55 66 0
0 55 0 480
0 43 0 0
0 41 62 0
0 53 74 0
0 53 0 84
0 41 0 0
0 38 56 156
0 50 66 0
0 50 0 84
0 38 0 0
0 41 67 156
0 53 79 0
0 53 0 84
0 41 0 0
0 38 56 156
0 50 66 0
0 50 0 84
0 38 0 0
0 41 56 156
0 53 66 0
0 53 0 480
0 41 0 0
0 40 62 0
0 52 74 0
0 52 0 84
0 40 0 0
0 36 56 156
0 48 66 0
0 48 0 84
0 36 0 0
0 40 59 156
0 52 70 0
0 52 0 120
0 40 0 0
0 38 72 360
0 50 85 0
0 50 0 480
0 38 0 0
0 32 49 480
0 39 49 0
0 44 62 0
0 44 0 240
0 39 0 0
0 32 0 0
0 41 55 480
0 32 44 0
0 29 44 0
0 29 0 240
0 32 0 0
0 41 0 0
0 32 49 480
0 39 49 0
0 44 62 0
0 44 0 240
0 39 0 0
0 32 0 0
0 41 57 480
0 32 45 0
0 29 45 0
0 29 0 240
0 32 0 0
0 41 0 0
0 32 49 480
0 39 49 0
0 44 62 0
0 44 0 240
0 39 0 0
0 32 0 0
0 41 55 480
0 32 44 0
0 29 44 0
0 29 0 240
0 32 0 0
0 41 0 0
0 32 49 480
0 39 49 0
0 44 62 0
0 44 0 240
0 39 0 0
0 32 0 0
0 41 57 480
0 32 45 0
0 29 45 0
0 29 0 240
0 32 0 0
0 41 0 0
0 36 53 480
0 43 53 0
0 48 68 0
0 48 0 240
0 43 0 0
0 36 0 0
0 41 60 480
0 36 48 0
0 29 48 0
0 29 0 240
0 36 0 0
0 41 0 0
0 36 53 480
0 43 53 0
0 48 68 0
0 48 0 240
0 43 0 0
0 36 0 0
0 41 62 480
0 36 49 0
0 29 49 0
0 29 0 240
0 36 0 0
0 41 0 0
0 36 53 480
0 43 53 0
0 48 68 0
0 48 0 240
0 43 0 0
0 36 0 0
0 41 60 480
0 36 48 0
0 29 48 0
0 29 0 240
0 36 0 0
0 41 0 0
0 36 53 480
0 43 53 0
0 48 68 0
0 48 0 240
0 43 0 0
0 36 0 0
0 41 62 480
0 36 49 0
0 29 49 0
0 29 0 240
0 36 0 0
0 41 0 0
0 36 45 480
0 43 45 0
0 48 57 0
0 48 0 240
0 43 0 0
0 36 0 0
0 41 52 480
0 36 41 0
0 29 41 0
0 29 0 240
0 36 0 0
0 41 0 0
0 36 37 480
0 43 37 0
0 48 47 0
0 48 0 240
0 43 0 0
0 36 0 0
0 41 43 480
0 36 34 0
0 29 34 0
0 29 0 240
0 36 0 0
0 41 0 0
0 36 26 480
0 43 26 0
0 48 34 0
0 48 0 240
0 43 0 0
0 36 0 0
0 41 31 480
0 36 24 0
0 29 24 0
0 29 0 240
0 36 0 0
0 41 0 0
0 36 40 480
0 48 35 0
0 48 0 720
0 47 32 0
0 47 0 720
0 45 33 0
0 45 0 720
0 47 27 0
0 47 0 720
0 36 0 0
0 36 40 0
0 48 31 0
0 48 0 720
0 47 27 0
0 47 0 720
0 45 33 0
0 45 0 720
0 47 27 0
0 47 0 720
0 36 0 0
0 36 40 0
0 48 31 0
0 48 0 960
0 36 0 0
0 62 79 0
0 62 0 120
0 64 73 120
0 64 0 120
0 65 89 120
0 65 0 120
0 62 74 120
0 62 0 120
0 65 74 120
0 65 0 360
0 64 67 0
0 64 0 60
0 65 67 0
0 65 0 60
0 64 84 0
0 64 0 120
0 63 74 120
0 63 0 120
0 64 74 120
0 64 0 720
0 59 54 0
0 52 50 0
0 52 0 240
0 59 0 0
0 47 28 480
0 56 33 0
0 56 0 720
0 57 27 0
0 57 0 720
0 47 0 0
0 52 22 0
0 59 26 0
0 59 0 720
0 52 0 0
0 40 22 0
0 47 26 0
0 47 0 240
0 40 0 0
0 65 79 0
0 65 0 120
0 67 73 120
0 67 0 120
0 68 89 120
0 68 0 120
0 65 74 120
0 65 0 120
0 68 74 120
0 68 0 360
0 67 67 0
0 67 0 60
0 68 67 0
0 68 0 60
0 67 84 0
0 67 0 120
0 66 74 120
0 66 0 120
0 67 74 120
0 67 0 720
0 62 54 0
0 55 50 0
0 55 0 240
0 62 0 0
0 50 28 480
0 59 33 0
0 59 0 720
0 60 27 0
0 60 0 720
0 50 0 0
0 55 22 0
0 62 26 0
0 62 0 720
0 55 0 0
0 43 22 0
0 50 26 0
0 50 0 480
0 43 0 0
0 55 22 254
0 62 26 0
0 62 0 720
0 55 0 0
0 43 22 0
0 50 26 0
0 50 0 480
0 43 0 0
0 55 22 240
0 62 26 0
0 62 0 480
0 55 0 0
0 43 22 240
0 50 26 0
0 50 0 480
0 43 0 0
0 55 22 240
0 62 26 0
0 62 0 480
0 55 0 0
0 43 22 240
0 50 26 0
0 50 0 480
0 43 0 0
0 55 22 240
0 62 26 0
0 62 0 480
0 55 0 0
0 43 22 240
0 50 26 0
0 50 0 480
0 43 0 0
0 55 26 226
0 48 22 0
0 48 0 480
0 55 0 0
0 43 26 240
0 36 22 0
0 36 0 480
0 43 0 0
0 60 25 240
0 53 21 0
0 53 0 480
0 60 0 0
0 48 24 240
0 41 20 0
0 41 0 480
0 48 0 0
0 53 23 240
0 47 19 0
0 47 0 480
0 53 0 0
0 41 22 240
0 35 18 0
0 35 0 480
0 41 0 0
0 59 21 240
0 52 18 0
0 52 0 480
0 59 0 0
0 47 20 240
0 40 17 0
0 40 0 480
0 47 0 0
0 52 19 240
0 45 16 0
0 45 0 480
0 52 0 0
0 40 18 240
0 33 15 0
0 33 0 480
0 40 0 0
0 57 16 240
0 50 14 0
0 50 0 480
0 57 0 0
0 45 16 240
0 38 14 0
0 38 0 480
0 45 0 0
0 57 16 240
0 50 14 0
0 50 0 480
0 57 0 0
0 45 16 240
0 38 14 0
0 38 0 480
0 45 0 0
0 50 16 240
0 43 14 0
0 43 0 480
0 50 0 0
0 38 16 240
0 31 14 0
0 31 0 240
0 38 0 0
0 50 16 480
0 43 14 0
0 43 0 240
0 50 0 0
0 38 16 480
0 31 14 0
0 31 0 240
0 38 0 0
0 50 16 480
0 43 14 0
0 43 0 240
0 50 0 0
0 62 16 480
0 55 14 0
0 55 0 240
0 62 0 0
0 86 16 1200
0 79 14 0
0 79 0 240
0 86 0 0
0 79 26 480
0 79 0 120
0 79 21 600
0 79 0 120
0 79 24 600
0 79 0 120
0 79 24 600
0 79 0 120
0 91 26 600
0 91 0 120
0 91 21 600
0 91 0 120
0 91 24 600
0 91 0 120
0 91 24 600
0 91 0 120
0 84 35 120
0 84 0 240
0 86 31 0
0 86 0 240
0 88 39 0
0 88 0 240
0 84 33 0
0 84 0 240
0 88 33 0
0 88 0 360
0 86 29 0
0 86 0 60
0 88 29 0
0 88 0 60
0 86 37 0
0 86 0 240
0 83 33 0
0 83 0 240
0 86 35 0
0 86 0 120
0 84 42 360
0 84 0 480
0 81 35 0
0 81 0 240
0 83 31 0
0 83 0 240
0 84 39 0
0 84 0 240
0 81 33 0
0 81 0 240
0 84 33 0
0 84 0 360
0 83 29 0
0 83 0 60
0 84 29 0
0 84 0 60
0 83 37 0
0 83 0 240
0 79 33 0
0 79 0 240
0 83 35 0
0 83 0 120
0 81 42 360
0 81 0 480
0 77 35 0
0 77 0 240
0 79 31 0
0 79 0 240
0 81 39 0
0 81 0 240
0 77 33 0
0 77 0 240
0 81 33 0
0 81 0 360
0 79 29 0
0 79 0 60
0 81 29 0
0 81 0 60
0 79 37 0
0 79 0 240
0 76 33 0
0 76 0 240
0 79 39 0
0 79 0 240
0 76 33 0
0 76 0 240
0 79 33 0
0 79 0 360
0 77 29 0
0 77 0 60
0 79 29 0
0 79 0 60
0 77 37 0
0 77 0 240
0 74 33 0
0 74 0 240
0 77 39 0
0 77 0 240
0 74 33 0
0 74 0 240
0 77 33 0
0 77 0 360
0 76 29 0
0 76 0 60
0 77 29 0
0 77 0 60
0 76 37 0
0 76 0 240
0 72 33 0
0 72 0 240
0 76 35 0
0 76 0 120
0 74 42 360
0 74 0 480
0 72 37 0
0 72 0 240
0 74 33 0
0 74 0 240
0 76 41 0
0 76 0 240
0 72 34 0
0 72 0 240
0 76 34 0
0 76 0 360
0 74 31 0
0 74 0 60
0 76 31 0
0 76 0 60
0 74 39 0
0 74 0 240
0 71 34 0
0 71 0 240
0 74 38 0
0 74 0 120
0 72 46 360
0 72 0 480
0 69 42 0
0 69 0 240
0 71 37 0
0 71 0 240
0 72 44 0
0 72 0 240
0 69 37 0
0 69 0 240
0 72 37 0
0 72 0 360
0 71 34 0
0 71 0 60
0 72 34 0
0 72 0 60
0 71 43 0
0 71 0 240
0 67 39 0
0 67 0 240
0 71 41 0
0 71 0 120
0 69 51 360
0 69 0 480
0 65 45 0
0 65 0 240
0 67 40 0
0 67 0 240
0 69 49 0
0 69 0 240
0 65 40 0
0 65 0 240
0 69 41 0
0 69 0 360
0 67 37 0
0 67 0 60
0 69 37 0
0 69 0 60
0 67 48 0
0 67 0 240
0 64 42 0
0 64 0 240
0 67 52 0
0 67 0 240
0 64 44 0
0 64 0 240
0 67 44 0
0 67 0 360
0 65 41 0
0 65 0 60
0 67 41 0
0 67 0 60
0 65 53 0
0 65 0 240
0 62 47 0
0 62 0 240
0 65 58 0
0 65 0 240
0 62 50 0
0 62 0 240
0 65 50 0
0 65 0 360
0 64 47 0
0 64 0 60
0 65 47 0
0 65 0 60
0 64 59 0
0 64 0 240
0 60 54 0
0 60 0 240
0 64 58 0
0 64 0 120
0 62 75 360
0 62 0 480
0 48 62 0
0 60 74 0
0 60 0 84
0 48 0 0
0 50 56 156
0 62 66 0
0 62 0 84
0 50 0 0
0 52 67 156
0 64 79 0
0 64 0 84
0 52 0 0
0 48 56 156
0 60 66 0
0 60 0 84
0 48 0 0
0 52 56 156
0 64 66 0
0 64 0 480
0 52 0 0
0 50 62 0
0 62 74 0
0 62 0 84
0 50 0 0
0 47 56 156
0 59 66 0
0 59 0 84
0 47 0 0
0 50 59 156
0 62 70 0
0 62 0 120
0 50 0 0
0 48 72 360
0 60 85 0
0 60 0 480
0 48 0 0
0 45 62 0
0 57 74 0
0 57 0 84
0 45 0 0
0 47 56 156
0 59 66 0
0 59 0 84
0 47 0 0
0 48 67 156
0 60 79 0
0 60 0 84
0 48 0 0
0 45 56 156
0 57 66 0
0 57 0 84
0 45 0 0
0 48 56 156
0 60 66 0
0 60 0 480
0 48 0 0
0 47 62 0
0 59 74 0
0 59 0 84
0 47 0 0
0 43 56 156
0 55 66 0
0 55 0 84
0 43 0 0
0 47 59 156
0 59 70 0
0 59 0 120
0 47 0 0
0 45 69 360
0 57 82 0
0 57 0 480
0 45 0 0
0 41 62 0
0 53 74 0
0 53 0 84
0 41 0 0
0 43 56 156
0 55 66 0
0 55 0 84
0 43 0 0
0 45 67 156
0 57 79 0
0 57 0 84
0 45 0 0
0 41 56 156
0 53 66 0
0 53 0 84
0 41 0 0
0 45 56 156
0 57 66 0
0 57 0 480
0 45 0 0
0 43 62 0
0 55 74 0
0 55 0 84
0 43 0 0
0 40 56 156
0 52 66 0
0 52 0 84
0 40 0 0
0 43 67 156
0 55 79 0
0 55 0 84
0 43 0 0
0 40 56 156
0 52 66 0
0 52 0 84
0 40 0 0
0 43 56 156
0 55 66 0
0 55 0 480
0 43 0 0
0 41 62 0
0 53 74 0
0 53 0 84
0 41 0 0
0 38 56 156
0 50 66 0
0 50 0 84
0 38 0 0
0 41 67 156
0 53 79 0
0 53 0 84
0 41 0 0
0 38 56 156
0 50 66 0
0 50 0 84
0 38 0 0
0 41 56 156
0 53 66 0
0 53 0 480
0 41 0 0
0 40 62 0
0 52 74 0
0 52 0 84
0 40 0 0
0 36 56 156
0 48 66 0
0 48 0 84
0 36 0 0
0 40 59 156
0 52 70 0
0 52 0 120
0 40 0 0
0 38 72 360
0 50 85 0
0 50 0 480
0 38 0 0
0 32 49 480
0 39 49 0
0 44 62 0
0 44 0 240
0 39 0 0
0 32 0 0
0 41 55 480
0 32 44 0
0 29 44 0
0 29 0 240
0 32 0 0
0 41 0 0
0 32 49 480
0 39 49 0
0 44 62 0
0 44 0 240
0 39 0 0
0 32 0 0
0 41 57 480
0 32 45 0
0 29 45 0
0 29 0 240
0 32 0 0
0 41 0 0
0 32 49 480
0 39 49 0
0 44 62 0
0 44 0 240
0 39 0 0
0 32 0 0
0 41 55 480
0 32 44 0
0 29 44 0
0 29 0 240
0 32 0 0
0 41 0 0
0 32 49 480
0 39 49 0
0 44 62 0
0 44 0 240
0 39 0 0
0 32 0 0
0 41 57 480
0 32 45 0
0 29 45 0
0 29 0 240
0 32 0 0
0 41 0 0
0 36 53 480
0 43 53 0
0 48 68 0
0 48 0 240
0 43 0 0
0 36 0 0
0 41 60 480
0 36 48 0
0 29 48 0
0 29 0 240
0 36 0 0
0 41 0 0
0 36 53 480
0 43 53 0
0 48 68 0
0 48 0 240
0 43 0 0
0 36 0 0
0 41 62 480
0 36 49 0
0 29 49 0
0 29 0 240
0 36 0 0
0 41 0 0
0 36 53 480
0 43 53 0
0 48 68 0
0 48 0 240
0 43 0 0
0 36 0 0
0 41 60 480
0 36 48 0
0 29 48 0
0 29 0 240
0 36 0 0
0 41 0 0
0 36 53 480
0 43 53 0
0 48 68 0
0 48 0 240
0 43 0 0
0 36 0 0
0 41 62 480
0 36 49 0
0 29 49 0
0 29 0 240
0 36 0 0
0 41 0 0
0 36 45 480
0 43 45 0
0 48 57 0
0 48 0 240
0 43 0 0
0 36 0 0
0 41 52 480
0 36 41 0
0 29 41 0
0 29 0 240
0 36 0 0
0 41 0 0
0 36 37 480
0 43 37 0
0 48 47 0
0 48 0 240
0 43 0 0
0 36 0 0
0 41 43 480
0 36 34 0
0 29 34 0
0 29 0 240
0 36 0 0
0 41 0 0
0 36 26 480
0 43 26 0
0 48 34 0
0 48 0 240
0 43 0 0
0 36 0 0
0 41 31 480
0 36 24 0
0 29 24 0
0 29 0 240
0 36 0 0
0 41 0 0
0 36 40 480
0 48 35 0
0 48 0 720
0 47 32 0
0 47 0 720
0 45 33 0
0 45 0 720
0 47 27 0
0 47 0 720
0 36 0 0
0 36 40 0
0 48 31 0
0 48 0 720
0 47 27 0
0 47 0 720
0 45 33 0
0 45 0 720
0 47 27 0
0 47 0 720
0 36 0 0
0 36 40 0
0 48 31 0
0 48 0 720
0 36 0 0
0 69 27 0
0 72 27 0
0 77 36 0
0 77 0 720
0 72 0 0
0 69 0 0
0 67 31 0
0 72 31 0
0 76 40 0
0 76 0 720
0 72 0 0
0 67 0 0
0 65 27 0
0 72 27 0
0 74 36 0
0 74 0 720
0 72 0 0
0 65 0 0
0 64 31 0
0 72 40 0
0 72 0 720
0 64 0 0
0 36 22 0
0 45 30 0
0 45 0 720
0 43 34 0
0 43 0 720
0 41 25 0
0 41 0 720
0 43 28 0
0 43 0 720
0 36 0 0
0 36 22 0
0 43 22 0
0 43 0 1440
0 36 0 0
0 48 18 0
0 55 18 0
0 55 0 1440
0 48 0 0
0 60 15 0
0 67 15 0
0 67 0 2640
0 60 0 0
