0 62 36 1680
0 62 0 60
0 64 36 0
0 64 0 60
0 65 36 0
0 65 0 60
0 67 36 0
0 67 0 60
0 69 38 0
0 69 0 120
0 74 34 120
0 62 34 0
0 65 34 0
0 65 0 120
0 62 0 0
0 74 0 0
0 62 34 120
0 74 34 0
0 65 34 0
0 65 0 120
0 74 0 0
0 62 0 0
0 73 34 120
0 62 34 0
0 65 34 0
0 65 0 120
0 62 0 0
0 73 0 0
0 73 36 120
0 62 36 0
0 65 36 0
0 65 0 120
0 62 0 0
0 73 0 0
0 65 34 120
0 62 34 0
0 72 34 0
0 72 0 120
0 62 0 0
0 65 0 0
0 72 34 120
0 62 34 0
0 65 34 0
0 65 0 120
0 62 0 0
0 72 0 0
0 62 34 120
0 71 34 0
0 65 34 0
0 65 0 120
0 71 0 0
0 62 0 0
0 71 36 120
0 62 36 0
0 65 36 0
0 65 0 120
0 62 0 0
0 71 0 0
0 70 33 120
0 62 33 0
0 65 33 0
0 65 0 120
0 62 0 0
0 70 0 0
0 65 33 120
0 62 33 0
0 70 33 0
0 70 0 120
0 62 0 0
0 65 0 0
0 69 32 120
0 62 32 0
0 65 32 0
0 65 0 120
0 62 0 0
0 69 0 0
0 59 43 120
0 68 43 0
0 64 43 0
0 64 0 120
0 68 0 0
0 59 0 0
0 64 43 120
0 68 43 0
0 59 43 0
0 59 0 480
0 68 0 0
0 64 0 0
0 67 36 0
0 67 0 60
0 69 36 0
0 69 0 60
0 70 36 0
0 70 0 60
0 72 36 0
0 72 0 60
0 74 38 0
0 74 0 120
0 67 34 120
0 70 34 0
0 79 34 0
0 79 0 120
0 70 0 0
0 67 0 0
0 70 34 120
0 79 34 0
0 67 34 0
0 67 0 120
0 79 0 0
0 70 0 0
0 78 34 120
0 67 34 0
0 70 34 0
0 70 0 120
0 67 0 0
0 78 0 0
0 70 36 120
0 78 36 0
0 67 36 0
0 67 0 120
0 78 0 0
0 70 0 0
0 77 34 120
0 70 34 0
0 67 34 0
0 67 0 120
0 70 0 0
0 77 0 0
0 70 34 120
0 77 34 0
0 67 34 0
0 67 0 120
0 77 0 0
0 70 0 0
0 70 34 120
0 67 34 0
0 76 34 0
0 76 0 120
0 67 0 0
0 70 0 0
0 76 36 120
0 70 36 0
0 67 36 0
0 67 0 120
0 70 0 0
0 76 0 0
0 75 32 120
0 67 32 0
0 70 32 0
0 70 0 120
0 67 0 0
0 75 0 0
0 75 32 120
0 67 32 0
0 70 32 0
0 70 0 120
0 67 0 0
0 75 0 0
0 74 32 120
0 67 32 0
0 70 32 0
0 70 0 120
0 67 0 0
0 74 0 0
0 64 44 120
0 73 44 0
0 69 44 0
0 69 0 120
0 73 0 0
0 64 0 0
0 64 44 120
0 73 44 0
0 69 44 0
0 69 0 480
0 73 0 0
0 64 0 0
0 74 46 240
0 74 0 60
0 76 35 0
0 76 0 60
0 77 35 0
0 77 0 60
0 79 35 0
0 79 0 60
0 81 40 0
0 81 0 120
0 79 46 120
0 79 0 60
0 77 36 0
0 77 0 60
0 76 36 0
0 76 0 60
0 74 36 0
0 74 0 60
0 72 40 0
0 72 0 120
0 70 45 120
0 70 0 60
0 72 36 0
0 72 0 60
0 74 36 0
0 74 0 60
0 76 36 0
0 76 0 60
0 77 41 0
0 77 0 120
0 76 46 120
0 76 0 60
0 74 37 0
0 74 0 60
0 72 37 0
0 72 0 60
0 70 37 0
0 70 0 60
0 69 43 0
0 69 0 120
0 67 46 120
0 67 0 60
0 69 37 0
0 69 0 60
0 70 37 0
0 70 0 60
0 72 37 0
0 72 0 60
0 74 44 0
0 74 0 120
0 72 47 120
0 72 0 60
0 70 37 0
0 70 0 60
0 69 37 0
0 69 0 60
0 67 37 0
0 67 0 60
0 65 43 0
0 65 0 120
0 64 45 360
0 57 45 0
0 57 0 720
0 64 0 0
0 86 47 0
0 86 0 60
0 84 37 0
0 84 0 60
0 82 37 0
0 82 0 60
0 81 37 0
0 81 0 60
0 79 40 0
0 79 0 120
0 74 48 120
0 74 0 60
0 72 37 0
0 72 0 60
0 70 37 0
0 70 0 60
0 69 37 0
0 69 0 60
0 67 40 0
0 67 0 120
0 64 45 360
0 57 45 0
0 57 0 720
0 64 0 0
0 86 47 0
0 86 0 60
0 84 37 0
0 84 0 60
0 82 37 0
0 82 0 60
0 81 37 0
0 81 0 60
0 79 40 0
0 79 0 120
0 74 48 120
0 74 0 60
0 72 37 0
0 72 0 60
0 70 37 0
0 70 0 60
0 69 37 0
0 69 0 60
0 67 40 0
0 67 0 120
0 57 45 360
0 64 45 0
0 64 0 240
0 57 0 0
0 74 40 0
0 74 0 60
0 72 36 0
0 72 0 60
0 70 36 0
0 70 0 60
0 69 36 0
0 69 0 60
0 67 40 0
0 67 0 120
0 64 38 360
0 57 38 0
0 57 0 240
0 64 0 0
0 74 34 0
0 74 0 60
0 72 34 0
0 72 0 60
0 70 34 0
0 70 0 60
0 69 34 0
0 69 0 60
0 67 32 0
0 67 0 120
0 64 37 360
0 57 37 0
0 57 0 240
0 64 0 0
0 74 32 0
0 74 0 60
0 72 32 0
0 72 0 60
0 70 32 0
0 70 0 60
0 69 32 0
0 69 0 60
0 67 29 0
0 67 0 120
0 64 35 360
0 57 35 0
0 57 0 240
0 64 0 0
0 74 32 0
0 74 0 60
0 72 32 0
0 72 0 60
0 70 32 0
0 70 0 60
0 69 32 0
0 69 0 60
0 67 29 0
0 67 0 120
0 57 37 360
0 64 37 0
0 61 37 0
0 61 0 120
0 64 0 0
0 57 0 0
0 64 37 360
0 58 37 0
0 61 37 0
0 61 0 120
0 58 0 0
0 64 0 0
0 64 34 360
0 56 34 0
0 61 34 0
0 61 0 120
0 56 0 0
0 64 0 0
0 61 35 360
0 57 35 0
0 64 35 0
0 64 0 120
0 57 0 0
0 61 0 0
0 64 36 360
0 58 36 0
0 61 36 0
0 61 0 120
0 58 0 0
0 64 0 0
0 59 40 360
0 64 40 0
0 61 40 0
0 61 0 120
0 64 0 0
0 59 0 0
0 64 41 360
0 60 41 0
0 61 41 0
0 61 0 120
0 60 0 0
0 64 0 0
0 64 43 360
0 59 43 0
0 61 43 0
0 61 0 120
0 59 0 0
0 64 0 0
0 61 45 360
0 58 45 0
0 64 45 0
0 64 0 120
0 58 0 0
0 61 0 0
0 64 48 360
0 57 48 0
0 61 48 0
0 61 0 120
0 57 0 0
0 64 0 0
0 56 49 360
0 64 49 0
0 61 49 0
0 61 0 120
0 64 0 0
0 56 0 0
0 61 51 360
0 55 51 0
0 58 51 0
0 58 0 120
0 55 0 0
0 61 0 0
0 61 53 360
0 58 53 0
0 54 53 0
0 54 0 120
0 58 0 0
0 61 0 0
0 61 55 360
0 58 55 0
0 53 55 0
0 53 0 120
0 58 0 0
0 61 0 0
0 61 58 360
0 52 58 0
0 57 58 0
0 57 0 120
0 52 0 0
0 61 0 0
0 55 59 360
0 61 59 0
0 51 59 0
0 57 59 0
0 57 0 120
0 55 0 0
0 61 0 0
0 51 0 0
0 74 86 1800
0 74 0 60
0 76 86 0
0 76 0 60
0 77 86 0
0 77 0 60
0 79 86 0
0 79 0 60
0 81 90 0
0 81 0 120
0 86 81 120
0 74 68 0
0 77 68 0
0 77 0 120
0 74 0 0
0 86 0 0
0 86 81 120
0 74 68 0
0 77 68 0
0 77 0 120
0 74 0 0
0 86 0 0
0 77 68 120
0 74 68 0
0 85 81 0
0 85 0 120
0 74 0 0
0 77 0 0
0 85 86 120
0 74 73 0
0 77 73 0
0 77 0 120
0 74 0 0
0 85 0 0
0 74 68 120
0 84 81 0
0 77 68 0
0 77 0 120
0 84 0 0
0 74 0 0
0 84 81 120
0 74 68 0
0 77 68 0
0 77 0 120
0 74 0 0
0 84 0 0
0 83 81 120
0 74 68 0
0 77 68 0
0 77 0 120
0 74 0 0
0 83 0 0
0 77 73 120
0 74 73 0
0 83 86 0
0 83 0 120
0 74 0 0
0 77 0 0
0 77 69 120
0 74 69 0
0 82 82 0
0 82 0 120
0 74 0 0
0 77 0 0
0 82 82 120
0 77 69 0
0 74 69 0
0 74 0 120
0 77 0 0
0 82 0 0
0 81 82 120
0 74 69 0
0 77 82 0
0 77 0 120
0 74 0 0
0 81 0 0
0 76 79 120
0 71 79 0
0 80 93 0
0 80 0 120
0 71 0 0
0 76 0 0
0 80 97 120
0 71 82 0
0 76 82 0
0 76 0 480
0 71 0 0
0 80 0 0
0 79 86 0
0 79 0 60
0 81 86 0
0 81 0 60
0 82 86 0
0 82 0 60
0 84 86 0
0 84 0 60
0 86 90 0
0 86 0 120
0 79 68 120
0 82 68 0
0 91 81 0
0 91 0 120
0 82 0 0
0 79 0 0
0 82 68 120
0 91 81 0
0 79 68 0
0 79 0 120
0 91 0 0
0 82 0 0
0 90 81 120
0 79 68 0
0 82 68 0
0 82 0 120
0 79 0 0
0 90 0 0
0 82 73 120
0 90 86 0
0 79 73 0
0 79 0 120
0 90 0 0
0 82 0 0
0 89 81 120
0 82 68 0
0 79 68 0
0 79 0 120
0 82 0 0
0 89 0 0
0 82 68 120
0 89 81 0
0 79 68 0
0 79 0 120
0 89 0 0
0 82 0 0
0 82 68 120
0 79 68 0
0 88 81 0
0 88 0 120
0 79 0 0
0 82 0 0
0 88 86 120
0 79 73 0
0 82 73 0
0 82 0 120
0 79 0 0
0 88 0 0
0 82 69 120
0 87 82 0
0 79 69 0
0 79 0 120
0 87 0 0
0 82 0 0
0 87 82 120
0 79 69 0
0 82 69 0
0 82 0 120
0 79 0 0
0 87 0 0
0 82 69 120
0 86 82 0
0 79 69 0
0 79 0 120
0 86 0 0
0 82 0 0
0 81 79 120
0 76 79 0
0 85 93 0
0 85 0 120
0 76 0 0
0 81 0 0
0 85 97 120
0 81 82 0
0 76 82 0
0 76 0 480
0 81 0 0
0 85 0 0
0 86 106 240
0 86 0 60
0 88 83 0
0 88 0 60
0 89 83 0
0 89 0 60
0 91 83 0
0 91 0 60
0 93 83 0
0 93 0 120
0 91 104 120
0 91 0 60
0 89 84 0
0 89 0 60
0 88 84 0
0 88 0 60
0 86 84 0
0 86 0 60
0 84 85 0
0 84 0 120
0 82 104 120
0 82 0 60
0 84 84 0
0 84 0 60
0 86 84 0
0 86 0 60
0 88 84 0
0 88 0 60
0 89 84 0
0 89 0 120
0 88 104 120
0 88 0 60
0 86 84 0
0 86 0 60
0 84 84 0
0 84 0 60
0 82 84 0
0 82 0 60
0 81 84 0
0 81 0 120
0 79 104 120
0 79 0 60
0 81 86 0
0 81 0 60
0 82 86 0
0 82 0 60
0 84 86 0
0 84 0 60
0 86 86 0
0 86 0 120
0 84 104 120
0 84 0 60
0 82 86 0
0 82 0 60
0 81 85 0
0 81 0 60
0 79 85 0
0 79 0 60
0 77 85 0
0 77 0 120
0 76 94 120
0 81 94 0
0 88 94 0
0 88 0 120
0 81 0 0
0 76 0 0
0 76 94 120
0 88 94 0
0 81 94 0
0 81 0 480
0 88 0 0
0 76 0 0
0 82 92 240
0 82 0 60
0 84 83 0
0 84 0 60
0 86 83 0
0 86 0 60
0 88 83 0
0 88 0 60
0 89 83 0
0 89 0 120
0 88 92 120
0 88 0 60
0 86 84 0
0 86 0 60
0 84 84 0
0 84 0 60
0 82 84 0
0 82 0 60
0 81 85 0
0 81 0 120
0 79 92 120
0 79 0 60
0 81 84 0
0 81 0 60
0 82 84 0
0 82 0 60
0 84 84 0
0 84 0 60
0 86 84 0
0 86 0 120
0 84 92 120
0 84 0 60
0 82 84 0
0 82 0 60
0 81 84 0
0 81 0 60
0 79 84 0
0 79 0 60
0 77 84 0
0 77 0 120
0 75 94 120
0 75 0 60
0 77 83 0
0 77 0 60
0 79 83 0
0 79 0 60
0 81 83 0
0 81 0 60
0 82 83 0
0 82 0 120
0 81 92 120
0 81 0 60
0 79 83 0
0 79 0 60
0 77 83 0
0 77 0 60
0 75 83 0
0 75 0 60
0 74 83 0
0 74 0 120
0 69 86 120
0 81 86 0
0 76 86 0
0 76 0 120
0 81 0 0
0 69 0 0
0 76 86 120
0 81 86 0
0 69 86 0
0 69 0 480
0 81 0 0
0 76 0 0
0 74 75 240
0 74 0 60
0 76 66 0
0 76 0 60
0 77 66 0
0 77 0 60
0 79 66 0
0 79 0 60
0 81 66 0
0 81 0 120
0 79 77 120
0 79 0 60
0 77 65 0
0 77 0 60
0 76 65 0
0 76 0 60
0 74 65 0
0 74 0 60
0 72 65 0
0 72 0 120
0 70 73 120
0 70 0 60
0 72 65 0
0 72 0 60
0 74 64 0
0 74 0 60
0 76 64 0
0 76 0 60
0 77 64 0
0 77 0 120
0 76 72 120
0 76 0 60
0 74 64 0
0 74 0 60
0 72 63 0
0 72 0 60
0 70 63 0
0 70 0 60
0 69 63 0
0 69 0 120
0 67 71 120
0 67 0 60
0 69 63 0
0 69 0 60
0 70 63 0
0 70 0 60
0 72 62 0
0 72 0 60
0 74 62 0
0 74 0 120
0 72 71 120
0 72 0 60
0 70 62 0
0 70 0 60
0 69 62 0
0 69 0 60
0 67 60 0
0 67 0 60
0 65 60 0
0 65 0 120
0 64 60 120
0 76 71 0
0 69 60 0
0 69 0 120
0 76 0 0
0 64 0 0
0 69 61 120
0 64 61 0
0 76 72 0
0 76 0 480
0 64 0 0
0 69 0 0
0 70 58 240
0 70 0 60
0 72 54 0
0 72 0 60
0 74 54 0
0 74 0 60
0 76 54 0
0 76 0 60
0 77 54 0
0 77 0 120
0 76 60 120
0 76 0 60
0 74 54 0
0 74 0 60
0 72 54 0
0 72 0 60
0 70 54 0
0 70 0 60
0 69 55 0
0 69 0 120
0 67 59 120
0 67 0 60
0 69 54 0
0 69 0 60
0 70 54 0
0 70 0 60
0 72 54 0
0 72 0 60
0 74 52 0
0 74 0 120
0 72 56 120
0 72 0 60
0 70 52 0
0 70 0 60
0 69 52 0
0 69 0 60
0 67 52 0
0 67 0 60
0 65 52 0
0 65 0 120
0 63 56 120
0 63 0 60
0 65 51 0
0 65 0 60
0 67 51 0
0 67 0 60
0 69 51 0
0 69 0 60
0 70 51 0
0 70 0 120
0 69 55 120
0 69 0 60
0 67 50 0
0 67 0 60
0 65 50 0
0 65 0 60
0 63 50 0
0 63 0 60
0 62 50 0
0 62 0 120
0 57 43 120
0 64 43 0
0 69 51 0
0 69 0 120
0 64 0 0
0 57 0 0
0 57 44 120
0 69 52 0
0 64 44 0
0 64 0 480
0 69 0 0
0 57 0 0
0 86 59 240
0 86 0 60
0 84 47 0
0 84 0 60
0 82 47 0
0 82 0 60
0 81 47 0
0 81 0 60
0 79 51 0
0 79 0 120
0 74 60 120
0 74 0 60
0 72 47 0
0 72 0 60
0 70 47 0
0 70 0 60
0 69 47 0
0 69 0 60
0 67 51 0
0 67 0 120
0 69 51 360
0 57 43 0
0 64 43 0
0 64 0 720
0 57 0 0
0 69 0 0
0 86 59 0
0 86 0 60
0 84 47 0
0 84 0 60
0 82 47 0
0 82 0 60
0 81 47 0
0 81 0 60
0 79 51 0
0 79 0 120
0 74 60 120
0 74 0 60
0 72 47 0
0 72 0 60
0 70 47 0
0 70 0 60
0 69 47 0
0 69 0 60
0 67 51 0
0 67 0 120
0 69 43 360
0 64 36 0
0 57 36 0
0 57 0 120
0 64 0 0
0 69 0 0
0 74 51 120
0 74 0 60
0 72 46 0
0 72 0 60
0 70 46 0
0 70 0 60
0 69 46 0
0 69 0 60
0 67 50 0
0 67 0 120
0 69 43 360
0 64 36 0
0 57 36 0
0 57 0 120
0 64 0 0
0 69 0 0
0 74 42 120
0 74 0 60
0 72 42 0
0 72 0 60
0 70 42 0
0 70 0 60
0 69 42 0
0 69 0 60
0 67 40 0
0 67 0 120
0 57 34 360
0 69 40 0
0 64 34 0
0 64 0 120
0 69 0 0
0 57 0 0
0 74 40 120
0 74 0 60
0 72 40 0
0 72 0 60
0 70 40 0
0 70 0 60
0 69 39 0
0 69 0 60
0 67 36 0
0 67 0 120
0 57 30 360
0 64 30 0
0 69 36 0
0 69 0 120
0 64 0 0
0 57 0 0
0 74 37 120
0 74 0 60
0 72 37 0
0 72 0 60
0 70 37 0
0 70 0 60
0 69 37 0
0 69 0 60
0 67 35 0
0 67 0 120
0 50 46 840
0 50 0 60
0 52 46 0
0 52 0 60
0 53 46 0
0 53 0 60
0 55 46 0
0 55 0 60
0 57 50 0
0 57 0 120
0 53 36 120
0 50 36 0
0 62 43 0
0 62 0 120
0 50 0 0
0 53 0 0
0 50 36 120
0 53 36 0
0 62 43 0
0 62 0 120
0 53 0 0
0 50 0 0
0 50 36 120
0 61 43 0
0 53 36 0
0 53 0 120
0 61 0 0
0 50 0 0
0 50 39 120
0 61 46 0
0 53 39 0
0 53 0 120
0 61 0 0
0 50 0 0
0 53 36 120
0 50 36 0
0 60 43 0
0 60 0 120
0 50 0 0
0 53 0 0
0 53 36 120
0 50 36 0
0 60 43 0
0 60 0 120
0 50 0 0
0 53 0 0
0 50 36 120
0 53 36 0
0 59 43 0
0 59 0 120
0 53 0 0
0 50 0 0
0 50 39 120
0 59 46 0
0 53 39 0
0 53 0 120
0 59 0 0
0 50 0 0
0 50 35 120
0 58 42 0
0 53 35 0
0 53 0 120
0 58 0 0
0 50 0 0
0 53 35 120
0 50 35 0
0 58 42 0
0 58 0 120
0 50 0 0
0 53 0 0
0 53 34 120
0 57 41 0
0 50 34 0
0 50 0 1200
0 57 0 0
0 53 0 0
0 62 40 960
0 62 0 120
0 69 39 120
0 69 0 120
0 74 36 120
0 74 0 120
0 81 42 120
0 74 27 0
0 78 27 0
0 81 0 480
0 83 48 0
0 83 0 240
0 85 48 0
0 85 0 240
0 78 0 0
0 74 0 0
0 74 27 0
0 86 52 0
0 86 0 480
0 85 48 0
0 85 0 240
0 83 48 0
0 83 0 240
0 74 0 0
0 74 26 0
0 78 26 0
0 85 50 0
0 85 0 240
0 81 48 0
0 81 0 480
0 85 46 0
0 85 0 180
0 85 39 0
0 85 0 60
0 78 0 0
0 74 0 0
0 74 23 0
0 78 42 0
0 78 0 960
0 74 0 0
0 81 48 0
0 74 27 0
0 78 27 0
0 81 0 480
0 83 48 0
0 83 0 240
0 85 48 0
0 85 0 240
0 78 0 0
0 74 0 0
0 74 27 0
0 86 52 0
0 86 0 480
0 85 48 0
0 85 0 240
0 83 48 0
0 83 0 240
0 74 0 0
0 74 26 0
0 85 50 0
0 85 0 240
0 78 48 0
0 78 0 480
0 85 46 0
0 85 0 180
0 85 39 0
0 85 0 60
0 74 0 0
0 73 23 0
0 81 42 0
0 81 0 960
0 73 0 0
0 69 42 0
0 62 27 240
0 66 27 0
0 69 0 240
0 71 42 0
0 71 0 240
0 73 42 0
0 73 0 240
0 66 0 0
0 62 0 0
0 74 47 0
0 62 27 240
0 74 0 240
0 73 42 0
0 73 0 240
0 71 42 0
0 71 0 240
0 62 0 0
0 73 44 0
0 73 0 240
0 66 26 0
0 62 26 0
0 69 42 240
0 69 0 240
0 73 41 0
0 73 0 180
0 73 34 0
0 73 0 60
0 62 0 0
0 66 0 0
0 66 37 0
0 62 23 240
0 62 0 720
0 66 0 0
0 69 42 0
0 62 27 240
0 66 27 0
0 69 0 240
0 71 42 0
0 71 0 240
0 73 42 0
0 73 0 240
0 66 0 0
0 62 0 0
0 74 47 0
0 62 27 240
0 74 0 240
0 73 44 0
0 73 0 240
0 71 46 0
0 71 0 240
0 62 0 0
0 73 51 0
0 62 35 240
0 73 0 240
0 66 42 0
0 66 0 240
0 73 41 0
0 73 0 180
0 73 34 0
0 73 0 60
0 62 0 0
0 69 37 0
0 61 23 240
0 61 0 720
0 69 0 0
0 76 35 240
0 76 0 80
0 79 35 0
0 79 0 80
0 88 35 0
0 88 0 80
0 83 41 0
0 83 0 480
0 76 35 240
0 76 0 80
0 79 35 0
0 79 0 80
0 88 35 0
0 88 0 80
0 83 41 0
0 83 0 480
0 67 40 240
0 67 0 120
0 73 36 0
0 73 0 120
0 71 40 0
0 71 0 120
0 76 36 0
0 76 0 120
0 74 40 0
0 74 0 120
0 79 36 0
0 79 0 120
0 76 39 0
0 76 0 120
0 81 36 0
0 81 0 120
0 79 39 0
0 79 0 120
0 85 35 0
0 85 0 120
0 83 39 0
0 83 0 120
0 88 36 0
0 88 0 120
0 72 35 480
0 75 35 77
0 72 0 3
0 75 0 77
0 84 35 3
0 84 0 80
0 79 40 0
0 79 0 480
0 72 35 240
0 72 0 80
0 75 35 0
0 75 0 80
0 84 35 0
0 84 0 80
0 79 40 0
0 79 0 480
0 63 40 240
0 63 0 120
0 69 36 0
0 69 0 120
0 67 40 0
0 67 0 120
0 72 36 0
0 72 0 120
0 70 40 0
0 70 0 120
0 75 36 0
0 75 0 120
0 72 39 0
0 72 0 120
0 77 36 0
0 77 0 120
0 75 39 0
0 75 0 120
0 81 35 0
0 81 0 120
0 79 39 0
0 79 0 120
0 84 36 0
0 84 0 120
0 60 33 480
0 60 0 120
0 66 31 0
0 66 0 120
0 64 33 0
0 64 0 120
0 69 31 0
0 69 0 120
0 67 33 0
0 67 0 120
0 72 31 0
0 72 0 120
0 69 32 0
0 69 0 120
0 74 29 0
0 74 0 120
0 72 31 0
0 72 0 120
0 78 27 0
0 78 0 120
0 76 29 0
0 76 0 120
0 81 25 0
0 81 0 120
0 79 24 0
0 83 24 0
0 86 44 0
0 86 0 480
0 88 42 0
0 88 0 240
0 90 42 0
0 90 0 240
0 83 0 0
0 79 0 0
0 79 24 0
0 91 47 0
0 91 0 480
0 90 42 0
0 90 0 240
0 88 42 0
0 88 0 240
0 79 0 0
0 79 23 0
0 83 23 0
0 90 44 0
0 90 0 240
0 86 42 0
0 86 0 480
0 90 41 0
0 90 0 180
0 90 34 0
0 90 0 60
0 83 0 0
0 79 0 0
0 79 20 0
0 83 37 0
0 83 0 960
0 79 0 0
0 86 42 0
0 79 24 0
0 83 24 0
0 86 0 480
0 88 42 0
0 88 0 240
0 90 42 0
0 90 0 240
0 83 0 0
0 79 0 0
0 79 24 0
0 91 47 0
0 91 0 480
0 90 42 0
0 90 0 240
0 88 42 0
0 88 0 240
0 79 0 0
0 79 23 0
0 90 44 0
0 90 0 240
0 83 42 0
0 83 0 480
0 90 41 0
0 90 0 180
0 90 34 0
0 90 0 60
0 79 0 0
0 78 20 0
0 86 37 0
0 86 0 960
0 78 0 0
0 74 41 0
0 71 26 240
0 67 26 0
0 74 0 240
0 76 41 0
0 76 0 240
0 78 41 0
0 78 0 240
0 67 0 0
0 71 0 0
0 79 44 0
0 67 26 240
0 79 0 240
0 78 41 0
0 78 0 240
0 76 41 0
0 76 0 240
0 67 0 0
0 78 43 0
0 78 0 240
0 67 25 0
0 71 25 0
0 74 41 240
0 74 0 240
0 78 40 0
0 78 0 180
0 78 33 0
0 78 0 60
0 71 0 0
0 67 0 0
0 71 35 0
0 67 21 240
0 67 0 720
0 71 0 0
0 74 43 0
0 67 26 240
0 71 26 0
0 74 0 240
0 76 43 0
0 76 0 240
0 78 43 0
0 78 0 240
0 71 0 0
0 67 0 0
0 79 47 0
0 67 26 240
0 79 0 240
0 78 42 0
0 78 0 240
0 76 44 0
0 76 0 240
0 67 0 0
0 78 50 0
0 67 33 240
0 78 0 240
0 71 41 0
0 71 0 240
0 78 40 0
0 78 0 180
0 78 33 0
0 78 0 60
0 67 0 0
0 74 35 0
0 66 21 240
0 66 0 720
0 74 0 0
0 81 35 240
0 81 0 80
0 84 35 0
0 84 0 80
0 93 35 0
0 93 0 80
0 88 41 0
0 88 0 480
0 79 40 240
0 79 0 120
0 86 36 0
0 86 0 120
0 83 40 0
0 83 0 120
0 91 36 0
0 91 0 120
0 86 40 0
0 86 0 120
0 95 36 0
0 95 0 120
0 76 35 240
0 76 0 80
0 79 35 0
0 79 0 80
0 88 35 0
0 88 0 80
0 83 41 0
0 83 0 480
0 78 40 240
0 78 0 120
0 86 36 0
0 86 0 120
0 81 40 0
0 81 0 120
0 90 36 0
0 90 0 120
0 86 40 0
0 86 0 120
0 93 36 0
0 93 0 120
0 69 35 240
0 69 0 80
0 72 35 0
0 72 0 80
0 81 34 0
0 81 0 80
0 76 40 0
0 76 0 480
0 71 37 240
0 71 0 120
0 74 35 0
0 74 0 120
0 71 37 0
0 71 0 120
0 79 34 0
0 79 0 120
0 74 37 0
0 74 0 120
0 83 34 0
0 83 0 120
0 64 33 240
0 64 0 80
0 67 33 0
0 67 0 80
0 76 33 0
0 76 0 80
0 71 39 0
0 71 0 480
0 66 37 240
0 66 0 120
0 74 35 0
0 74 0 120
0 69 39 0
0 69 0 120
0 78 35 0
0 78 0 120
0 74 39 0
0 74 0 120
0 81 35 0
0 81 0 120
0 62 36 1680
0 62 0 60
0 64 36 0
0 64 0 60
0 65 36 0
0 65 0 60
0 67 36 0
0 67 0 60
0 69 38 0
0 69 0 120
0 62 34 120
0 65 34 0
0 74 34 0
0 74 0 120
0 65 0 0
0 62 0 0
0 62 34 120
0 74 34 0
0 65 34 0
0 65 0 120
0 74 0 0
0 62 0 0
0 62 34 120
0 73 34 0
0 65 34 0
0 65 0 120
0 73 0 0
0 62 0 0
0 65 36 120
0 73 36 0
0 62 36 0
0 62 0 120
0 73 0 0
0 65 0 0
0 62 34 120
0 72 34 0
0 65 34 0
0 65 0 120
0 72 0 0
0 62 0 0
0 65 34 120
0 62 34 0
0 72 34 0
0 72 0 120
0 62 0 0
0 65 0 0
0 65 34 120
0 62 34 0
0 71 34 0
0 71 0 120
0 62 0 0
0 65 0 0
0 62 36 120
0 65 36 0
0 71 36 0
0 71 0 120
0 65 0 0
0 62 0 0
0 62 33 120
0 70 33 0
0 65 33 0
0 65 0 120
0 70 0 0
0 62 0 0
0 62 33 120
0 70 33 0
0 65 33 0
0 65 0 120
0 70 0 0
0 62 0 0
0 65 32 120
0 62 32 0
0 69 32 0
0 69 0 120
0 62 0 0
0 65 0 0
0 64 43 120
0 59 43 0
0 68 43 0
0 68 0 120
0 59 0 0
0 64 0 0
0 59 43 120
0 64 43 0
0 68 43 0
0 68 0 480
0 64 0 0
0 59 0 0
0 67 36 0
0 67 0 60
0 69 36 0
0 69 0 60
0 70 36 0
0 70 0 60
0 72 36 0
0 72 0 60
0 74 38 0
0 74 0 120
0 67 34 120
0 70 34 0
0 79 34 0
0 79 0 120
0 70 0 0
0 67 0 0
0 79 34 120
0 70 34 0
0 67 34 0
0 67 0 120
0 70 0 0
0 79 0 0
0 70 34 120
0 78 34 0
0 67 34 0
0 67 0 120
0 78 0 0
0 70 0 0
0 70 36 120
0 78 36 0
0 67 36 0
0 67 0 120
0 78 0 0
0 70 0 0
0 67 34 120
0 70 34 0
0 77 34 0
0 77 0 120
0 70 0 0
0 67 0 0
0 70 34 120
0 67 34 0
0 77 34 0
0 77 0 120
0 67 0 0
0 70 0 0
0 67 34 120
0 70 34 0
0 76 34 0
0 76 0 120
0 70 0 0
0 67 0 0
0 70 36 120
0 76 36 0
0 67 36 0
0 67 0 120
0 76 0 0
0 70 0 0
0 75 32 120
0 67 32 0
0 70 32 0
0 70 0 120
0 67 0 0
0 75 0 0
0 70 32 120
0 67 32 0
0 75 32 0
0 75 0 120
0 67 0 0
0 70 0 0
0 74 32 120
0 70 32 0
0 67 32 0
0 67 0 120
0 70 0 0
0 74 0 0
0 64 44 120
0 69 44 0
0 73 44 0
0 73 0 120
0 69 0 0
0 64 0 0
0 73 44 120
0 69 44 0
0 64 44 0
0 64 0 480
0 69 0 0
0 73 0 0
0 74 46 240
0 74 0 60
0 76 35 0
0 76 0 60
0 77 35 0
0 77 0 60
0 79 35 0
0 79 0 60
0 81 40 0
0 81 0 120
0 79 46 120
0 79 0 60
0 77 36 0
0 77 0 60
0 76 36 0
0 76 0 60
0 74 36 0
0 74 0 60
0 72 40 0
0 72 0 120
0 70 45 120
0 70 0 60
0 72 36 0
0 72 0 60
0 74 36 0
0 74 0 60
0 76 36 0
0 76 0 60
0 77 41 0
0 77 0 120
0 76 46 120
0 76 0 60
0 74 37 0
0 74 0 60
0 72 37 0
0 72 0 60
0 70 37 0
0 70 0 60
0 69 43 0
0 69 0 120
0 67 46 120
0 67 0 60
0 69 37 0
0 69 0 60
0 70 37 0
0 70 0 60
0 72 37 0
0 72 0 60
0 74 44 0
0 74 0 120
0 72 47 120
0 72 0 60
0 70 37 0
0 70 0 60
0 69 37 0
0 69 0 60
0 67 37 0
0 67 0 60
0 65 43 0
0 65 0 120
0 57 45 360
0 64 45 0
0 64 0 720
0 57 0 0
0 86 47 0
0 86 0 60
0 84 37 0
0 84 0 60
0 82 37 0
0 82 0 60
0 81 37 0
0 81 0 60
0 79 40 0
0 79 0 120
0 74 48 120
0 74 0 60
0 72 37 0
0 72 0 60
0 70 37 0
0 70 0 60
0 69 37 0
0 69 0 60
0 67 40 0
0 67 0 120
0 57 45 360
0 64 45 0
0 64 0 720
0 57 0 0
0 86 47 0
0 86 0 60
0 84 37 0
0 84 0 60
0 82 37 0
0 82 0 60
0 81 37 0
0 81 0 60
0 79 40 0
0 79 0 120
0 74 48 120
0 74 0 60
0 72 37 0
0 72 0 60
0 70 37 0
0 70 0 60
0 69 37 0
0 69 0 60
0 67 40 0
0 67 0 120
0 57 45 360
0 64 45 0
0 64 0 240
0 57 0 0
0 74 40 0
0 74 0 60
0 72 36 0
0 72 0 60
0 70 36 0
0 70 0 60
0 69 36 0
0 69 0 60
0 67 40 0
0 67 0 120
0 64 38 360
0 57 38 0
0 57 0 240
0 64 0 0
0 74 34 0
0 74 0 60
0 72 34 0
0 72 0 60
0 70 34 0
0 70 0 60
0 69 34 0
0 69 0 60
0 67 32 0
0 67 0 120
0 64 37 360
0 57 37 0
0 57 0 240
0 64 0 0
0 74 32 0
0 74 0 60
0 72 32 0
0 72 0 60
0 70 32 0
0 70 0 60
0 69 32 0
0 69 0 60
0 67 29 0
0 67 0 120
0 57 35 360
0 64 35 0
0 64 0 240
0 57 0 0
0 74 32 0
0 74 0 60
0 72 32 0
0 72 0 60
0 70 32 0
0 70 0 60
0 69 32 0
0 69 0 60
0 67 29 0
0 67 0 120
0 57 37 360
0 64 37 0
0 61 37 0
0 61 0 120
0 64 0 0
0 57 0 0
0 58 37 360
0 64 37 0
0 61 37 0
0 61 0 120
0 64 0 0
0 58 0 0
0 61 34 360
0 56 34 0
0 64 34 0
0 64 0 120
0 56 0 0
0 61 0 0
0 61 35 360
0 64 35 0
0 57 35 0
0 57 0 120
0 64 0 0
0 61 0 0
0 61 36 360
0 58 36 0
0 64 36 0
0 64 0 120
0 58 0 0
0 61 0 0
0 61 40 360
0 59 40 0
0 64 40 0
0 64 0 120
0 59 0 0
0 61 0 0
0 60 41 360
0 61 41 0
0 64 41 0
0 64 0 120
0 61 0 0
0 60 0 0
0 59 43 360
0 64 43 0
0 61 43 0
0 61 0 120
0 64 0 0
0 59 0 0
0 58 45 360
0 64 45 0
0 61 45 0
0 61 0 120
0 64 0 0
0 58 0 0
0 61 48 360
0 57 48 0
0 64 48 0
0 64 0 120
0 57 0 0
0 61 0 0
0 61 49 360
0 56 49 0
0 64 49 0
0 64 0 120
0 56 0 0
0 61 0 0
0 55 51 360
0 58 51 0
0 61 51 0
0 61 0 120
0 58 0 0
0 55 0 0
0 54 53 360
0 61 53 0
0 58 53 0
0 58 0 120
0 61 0 0
0 54 0 0
0 53 55 360
0 61 55 0
0 58 55 0
0 58 0 120
0 61 0 0
0 53 0 0
0 57 58 360
0 52 58 0
0 61 58 0
0 61 0 120
0 52 0 0
0 57 0 0
0 55 59 360
0 57 59 0
0 61 59 0
0 51 59 0
0 51 0 120
0 55 0 0
0 57 0 0
0 61 0 0
0 74 86 1800
0 74 0 60
0 76 86 0
0 76 0 60
0 77 86 0
0 77 0 60
0 79 86 0
0 79 0 60
0 81 90 0
0 81 0 120
0 74 68 120
0 77 68 0
0 86 81 0
0 86 0 120
0 77 0 0
0 74 0 0
0 74 68 120
0 77 68 0
0 86 81 0
0 86 0 120
0 77 0 0
0 74 0 0
0 74 68 120
0 77 68 0
0 85 81 0
0 85 0 120
0 77 0 0
0 74 0 0
0 74 73 120
0 77 73 0
0 85 86 0
0 85 0 120
0 77 0 0
0 74 0 0
0 74 68 120
0 77 68 0
0 84 81 0
0 84 0 120
0 77 0 0
0 74 0 0
0 77 68 120
0 84 81 0
0 74 68 0
0 74 0 120
0 84 0 0
0 77 0 0
0 74 68 120
0 77 68 0
0 83 81 0
0 83 0 120
0 77 0 0
0 74 0 0
0 74 73 120
0 77 73 0
0 83 86 0
0 83 0 120
0 77 0 0
0 74 0 0
0 74 69 120
0 77 69 0
0 82 82 0
0 82 0 120
0 77 0 0
0 74 0 0
0 74 69 120
0 77 69 0
0 82 82 0
0 82 0 120
0 77 0 0
0 74 0 0
0 77 69 120
0 81 82 0
0 74 69 0
0 74 0 120
0 81 0 0
0 77 0 0
0 71 79 120
0 76 79 0
0 80 93 0
0 80 0 120
0 76 0 0
0 71 0 0
0 71 82 120
0 76 82 0
0 80 97 0
0 80 0 480
0 76 0 0
0 71 0 0
0 79 86 0
0 79 0 60
0 81 86 0
0 81 0 60
0 82 86 0
0 82 0 60
0 84 86 0
0 84 0 60
0 86 90 0
0 86 0 120
0 79 68 120
0 91 81 0
0 82 68 0
0 82 0 120
0 91 0 0
0 79 0 0
0 91 81 120
0 79 68 0
0 82 68 0
0 82 0 120
0 79 0 0
0 91 0 0
0 79 68 120
0 82 68 0
0 90 81 0
0 90 0 120
0 82 0 0
0 79 0 0
0 90 86 120
0 82 73 0
0 79 73 0
0 79 0 120
0 82 0 0
0 90 0 0
0 79 68 120
0 89 81 0
0 82 68 0
0 82 0 120
0 89 0 0
0 79 0 0
0 82 68 120
0 79 68 0
0 89 81 0
0 89 0 120
0 79 0 0
0 82 0 0
0 79 68 120
0 88 81 0
0 82 68 0
0 82 0 120
0 88 0 0
0 79 0 0
0 82 73 120
0 79 73 0
0 88 86 0
0 88 0 120
0 79 0 0
0 82 0 0
0 79 69 120
0 87 82 0
0 82 69 0
0 82 0 120
0 87 0 0
0 79 0 0
0 82 69 120
0 87 82 0
0 79 69 0
0 79 0 120
0 87 0 0
0 82 0 0
0 86 82 120
0 82 69 0
0 79 69 0
0 79 0 120
0 82 0 0
0 86 0 0
0 76 79 120
0 85 93 0
0 81 79 0
0 81 0 120
0 85 0 0
0 76 0 0
0 85 97 120
0 76 82 0
0 81 82 0
0 81 0 480
0 76 0 0
0 85 0 0
0 86 106 240
0 86 0 60
0 88 83 0
0 88 0 60
0 89 83 0
0 89 0 60
0 91 83 0
0 91 0 60
0 93 83 0
0 93 0 120
0 91 104 120
0 91 0 60
0 89 84 0
0 89 0 60
0 88 84 0
0 88 0 60
0 86 84 0
0 86 0 60
0 84 85 0
0 84 0 120
0 82 104 120
0 82 0 60
0 84 84 0
0 84 0 60
0 86 84 0
0 86 0 60
0 88 84 0
0 88 0 60
0 89 84 0
0 89 0 120
0 88 104 120
0 88 0 60
0 86 84 0
0 86 0 60
0 84 84 0
0 84 0 60
0 82 84 0
0 82 0 60
0 81 84 0
0 81 0 120
0 79 104 120
0 79 0 60
0 81 86 0
0 81 0 60
0 82 86 0
0 82 0 60
0 84 86 0
0 84 0 60
0 86 86 0
0 86 0 120
0 84 104 120
0 84 0 60
0 82 86 0
0 82 0 60
0 81 85 0
0 81 0 60
0 79 85 0
0 79 0 60
0 77 85 0
0 77 0 120
0 81 94 120
0 88 94 0
0 76 94 0
0 76 0 120
0 88 0 0
0 81 0 0
0 76 94 120
0 81 94 0
0 88 94 0
0 88 0 480
0 81 0 0
0 76 0 0
0 82 92 240
0 82 0 60
0 84 83 0
0 84 0 60
0 86 83 0
0 86 0 60
0 88 83 0
0 88 0 60
0 89 83 0
0 89 0 120
0 88 92 120
0 88 0 60
0 86 84 0
0 86 0 60
0 84 84 0
0 84 0 60
0 82 84 0
0 82 0 60
0 81 85 0
0 81 0 120
0 79 92 120
0 79 0 60
0 81 84 0
0 81 0 60
0 82 84 0
0 82 0 60
0 84 84 0
0 84 0 60
0 86 84 0
0 86 0 120
0 84 92 120
0 84 0 60
0 82 84 0
0 82 0 60
0 81 84 0
0 81 0 60
0 79 84 0
0 79 0 60
0 77 84 0
0 77 0 120
0 75 94 120
0 75 0 60
0 77 83 0
0 77 0 60
0 79 83 0
0 79 0 60
0 81 83 0
0 81 0 60
0 82 83 0
0 82 0 120
0 81 92 120
0 81 0 60
0 79 83 0
0 79 0 60
0 77 83 0
0 77 0 60
0 75 83 0
0 75 0 60
0 74 83 0
0 74 0 120
0 76 86 120
0 81 86 0
0 69 86 0
0 69 0 120
0 81 0 0
0 76 0 0
0 69 86 120
0 76 86 0
0 81 86 0
0 81 0 480
0 76 0 0
0 69 0 0
0 74 75 240
0 74 0 60
0 76 66 0
0 76 0 60
0 77 66 0
0 77 0 60
0 79 66 0
0 79 0 60
0 81 66 0
0 81 0 120
0 79 77 120
0 79 0 60
0 77 65 0
0 77 0 60
0 76 65 0
0 76 0 60
0 74 65 0
0 74 0 60
0 72 65 0
0 72 0 120
0 70 73 120
0 70 0 60
0 72 65 0
0 72 0 60
0 74 64 0
0 74 0 60
0 76 64 0
0 76 0 60
0 77 64 0
0 77 0 120
0 76 72 120
0 76 0 60
0 74 64 0
0 74 0 60
0 72 63 0
0 72 0 60
0 70 63 0
0 70 0 60
0 69 63 0
0 69 0 120
0 67 71 120
0 67 0 60
0 69 63 0
0 69 0 60
0 70 63 0
0 70 0 60
0 72 62 0
0 72 0 60
0 74 62 0
0 74 0 120
0 72 71 120
0 72 0 60
0 70 62 0
0 70 0 60
0 69 62 0
0 69 0 60
0 67 60 0
0 67 0 60
0 65 60 0
0 65 0 120
0 64 71 120
0 69 71 0
0 76 71 0
0 76 0 120
0 69 0 0
0 64 0 0
0 64 72 120
0 69 72 0
0 76 72 0
0 76 0 480
0 69 0 0
0 64 0 0
0 70 58 240
0 70 0 60
0 72 54 0
0 72 0 60
0 74 54 0
0 74 0 60
0 76 54 0
0 76 0 60
0 77 54 0
0 77 0 120
0 76 60 120
0 76 0 60
0 74 54 0
0 74 0 60
0 72 54 0
0 72 0 60
0 70 54 0
0 70 0 60
0 69 55 0
0 69 0 120
0 67 59 120
0 67 0 60
0 69 54 0
0 69 0 60
0 70 54 0
0 70 0 60
0 72 54 0
0 72 0 60
0 74 52 0
0 74 0 120
0 72 56 120
0 72 0 60
0 70 52 0
0 70 0 60
0 69 52 0
0 69 0 60
0 67 52 0
0 67 0 60
0 65 52 0
0 65 0 120
0 63 56 120
0 63 0 60
0 65 51 0
0 65 0 60
0 67 51 0
0 67 0 60
0 69 51 0
0 69 0 60
0 70 51 0
0 70 0 120
0 69 55 120
0 69 0 60
0 67 50 0
0 67 0 60
0 65 50 0
0 65 0 60
0 63 50 0
0 63 0 60
0 62 50 0
0 62 0 120
0 57 43 120
0 64 43 0
0 69 51 0
0 69 0 120
0 64 0 0
0 57 0 0
0 57 44 120
0 64 44 0
0 69 52 0
0 69 0 480
0 64 0 0
0 57 0 0
0 86 59 240
0 86 0 60
0 84 47 0
0 84 0 60
0 82 47 0
0 82 0 60
0 81 47 0
0 81 0 60
0 79 51 0
0 79 0 120
0 74 60 120
0 74 0 60
0 72 47 0
0 72 0 60
0 70 47 0
0 70 0 60
0 69 47 0
0 69 0 60
0 67 51 0
0 67 0 120
0 69 51 360
0 57 43 0
0 64 43 0
0 64 0 720
0 57 0 0
0 69 0 0
0 86 59 0
0 86 0 60
0 84 47 0
0 84 0 60
0 82 47 0
0 82 0 60
0 81 47 0
0 81 0 60
0 79 51 0
0 79 0 120
0 74 60 120
0 74 0 60
0 72 47 0
0 72 0 60
0 70 47 0
0 70 0 60
0 69 47 0
0 69 0 60
0 67 51 0
0 67 0 120
0 69 43 360
0 57 36 0
0 64 36 0
0 64 0 120
0 57 0 0
0 69 0 0
0 74 51 120
0 74 0 60
0 72 46 0
0 72 0 60
0 70 46 0
0 70 0 60
0 69 46 0
0 69 0 60
0 67 50 0
0 67 0 120
0 69 43 360
0 57 36 0
0 64 36 0
0 64 0 120
0 57 0 0
0 69 0 0
0 74 42 120
0 74 0 60
0 72 42 0
0 72 0 60
0 70 42 0
0 70 0 60
0 69 42 0
0 69 0 60
0 67 40 0
0 67 0 120
0 69 40 360
0 57 34 0
0 64 34 0
0 64 0 120
0 57 0 0
0 69 0 0
0 74 40 120
0 74 0 60
0 72 40 0
0 72 0 60
0 70 40 0
0 70 0 60
0 69 39 0
0 69 0 60
0 67 36 0
0 67 0 120
0 69 36 360
0 57 36 0
0 64 36 0
0 64 0 120
0 57 0 0
0 69 0 0
0 74 37 120
0 74 0 60
0 72 37 0
0 72 0 60
0 70 37 0
0 70 0 60
0 69 37 0
0 69 0 60
0 67 35 0
0 67 0 120
0 50 46 840
0 50 0 60
0 52 46 0
0 52 0 60
0 53 46 0
0 53 0 60
0 55 46 0
0 55 0 60
0 57 50 0
0 57 0 120
0 50 36 120
0 53 36 0
0 62 43 0
0 62 0 120
0 53 0 0
0 50 0 0
0 50 36 120
0 53 36 0
0 62 43 0
0 62 0 120
0 53 0 0
0 50 0 0
0 50 36 120
0 53 36 0
0 61 43 0
0 61 0 120
0 53 0 0
0 50 0 0
0 53 39 120
0 61 46 0
0 50 39 0
0 50 0 120
0 61 0 0
0 53 0 0
0 50 36 120
0 53 36 0
0 60 43 0
0 60 0 120
0 53 0 0
0 50 0 0
0 50 36 120
0 53 36 0
0 60 43 0
0 60 0 120
0 53 0 0
0 50 0 0
0 50 36 120
0 53 36 0
0 59 43 0
0 59 0 120
0 53 0 0
0 50 0 0
0 50 39 120
0 53 39 0
0 59 46 0
0 59 0 120
0 53 0 0
0 50 0 0
0 53 35 120
0 58 42 0
0 50 35 0
0 50 0 120
0 58 0 0
0 53 0 0
0 50 35 120
0 53 35 0
0 58 42 0
0 58 0 120
0 53 0 0
0 50 0 0
0 50 34 120
0 53 34 0
0 57 41 0
0 57 0 1200
0 53 0 0
0 50 0 0
0 62 40 960
0 62 0 120
0 69 39 120
0 69 0 120
0 74 36 120
0 74 0 120
0 81 42 120
0 81 0 1200
0 86 113 0
0 81 95 0
0 74 95 0
0 74 0 120
0 81 0 0
0 86 0 0
0 74 86 0
0 81 86 0
0 86 102 0
0 86 0 120
0 81 0 0
0 74 0 0
0 38 32 1
0 38 0 120
0 45 31 119
0 45 0 120
0 38 32 120
0 38 0 120
0 45 31 120
0 45 0 120
0 38 32 120
0 38 0 120
0 45 31 120
0 45 0 120
0 38 32 120
0 38 0 120
0 45 31 120
0 45 0 120
0 38 32 120
0 38 0 120
0 45 31 120
0 45 0 120
0 38 32 120
0 38 0 120
0 45 31 120
0 45 0 120
0 38 32 120
0 38 0 120
0 45 31 120
0 45 0 120
0 38 32 120
0 38 0 120
0 45 31 120
0 45 0 120
0 38 32 120
0 38 0 120
0 45 29 120
0 45 0 120
0 38 32 120
0 38 0 120
0 45 29 120
0 45 0 120
0 38 32 120
0 38 0 120
0 45 31 120
0 45 0 120
0 38 32 120
0 38 0 120
0 45 31 120
0 45 0 120
0 38 32 120
0 38 0 120
0 45 31 120
0 45 0 120
0 38 32 120
0 38 0 120
0 45 31 120
0 45 0 120
0 38 32 120
0 38 0 120
0 45 31 120
0 45 0 120
0 38 32 120
0 38 0 120
0 45 31 120
0 45 0 120
0 38 32 120
0 38 0 120
0 45 29 120
0 45 0 120
0 38 32 120
0 38 0 120
0 45 29 120
0 45 0 120
0 38 32 120
0 38 0 120
0 45 31 120
0 45 0 120
0 38 32 120
0 38 0 120
0 45 31 120
0 45 0 120
0 58 32 360
0 65 32 0
0 65 0 120
0 58 0 0
0 53 32 360
0 60 32 0
0 60 0 120
0 53 0 0
0 62 32 360
0 55 32 0
0 55 0 120
0 62 0 0
0 50 32 360
0 57 32 0
0 57 0 120
0 50 0 0
0 58 32 360
0 51 32 0
0 51 0 120
0 58 0 0
0 53 32 360
0 46 32 0
0 46 0 120
0 53 0 0
0 45 37 120
0 45 0 120
0 52 32 120
0 52 0 120
0 45 38 120
0 45 0 120
0 52 32 120
0 52 0 120
0 39 37 120
0 39 0 120
0 46 32 120
0 46 0 120
0 39 37 120
0 39 0 120
0 46 32 120
0 46 0 120
0 45 37 120
0 45 0 120
0 52 32 120
0 52 0 120
0 45 38 120
0 45 0 120
0 52 32 120
0 52 0 120
0 39 37 120
0 39 0 120
0 46 32 120
0 46 0 120
0 39 37 120
0 39 0 120
0 46 32 120
0 46 0 120
0 45 37 120
0 45 0 120
0 52 32 120
0 52 0 120
0 39 38 120
0 39 0 120
0 46 31 120
0 46 0 120
0 45 34 120
0 45 0 120
0 52 32 120
0 52 0 120
0 39 34 120
0 39 0 120
0 46 29 120
0 46 0 120
0 45 35 120
0 45 0 120
0 52 32 120
0 52 0 120
0 39 34 120
0 39 0 120
0 46 28 120
0 46 0 120
0 45 32 120
0 45 0 120
0 52 29 120
0 52 0 120
0 39 32 120
0 39 0 120
0 46 27 120
0 46 0 120
0 45 46 120
0 45 0 120
0 52 41 120
0 52 0 120
0 46 46 120
0 46 0 120
0 52 41 120
0 52 0 120
0 44 44 120
0 44 0 120
0 52 42 120
0 52 0 120
0 45 46 120
0 45 0 120
0 52 43 120
0 52 0 120
0 46 48 120
0 46 0 120
0 52 43 120
0 52 0 120
0 47 51 120
0 47 0 120
0 52 45 120
0 52 0 120
0 48 53 120
0 48 0 120
0 52 49 120
0 52 0 120
0 47 57 120
0 47 0 120
0 52 50 120
0 52 0 120
0 46 58 120
0 46 0 120
0 52 53 120
0 52 0 120
0 45 60 120
0 45 0 120
0 52 54 120
0 52 0 120
0 44 63 120
0 44 0 120
0 52 58 120
0 52 0 120
0 43 66 120
0 43 0 120
0 49 60 120
0 49 0 120
0 42 69 120
0 42 0 120
0 49 64 120
0 49 0 120
0 41 77 120
0 41 0 120
0 49 69 120
0 49 0 120
0 40 83 120
0 40 0 120
0 49 76 120
0 49 0 120
0 39 86 120
0 39 0 120
0 49 79 120
0 49 0 120
0 50 94 120
0 38 80 0
0 38 0 120
0 50 0 0
0 45 80 120
0 33 68 0
0 33 0 120
0 45 0 0
0 50 94 120
0 38 80 0
0 38 0 120
0 50 0 0
0 33 68 120
0 45 80 0
0 45 0 120
0 33 0 0
0 38 80 120
0 50 94 0
0 50 0 120
0 38 0 0
0 33 68 120
0 45 80 0
0 45 0 120
0 33 0 0
0 50 94 120
0 38 80 0
0 38 0 120
0 50 0 0
0 33 68 120
0 45 80 0
0 45 0 120
0 33 0 0
0 38 71 120
0 50 84 0
0 50 0 120
0 38 0 0
0 33 60 120
0 45 71 0
0 45 0 120
0 33 0 0
0 38 71 120
0 50 84 0
0 50 0 120
0 38 0 0
0 33 60 120
0 45 71 0
0 45 0 120
0 33 0 0
0 50 84 120
0 38 71 0
0 38 0 120
0 50 0 0
0 33 60 120
0 45 71 0
0 45 0 120
0 33 0 0
0 38 71 120
0 50 84 0
0 50 0 120
0 38 0 0
0 33 60 120
0 45 71 0
0 45 0 120
0 33 0 0
0 50 84 120
0 38 71 0
0 38 0 120
0 50 0 0
0 45 71 120
0 33 60 0
0 33 0 120
0 45 0 0
0 50 84 120
0 38 71 0
0 38 0 120
0 50 0 0
0 45 71 120
0 33 60 0
0 33 0 120
0 45 0 0
0 38 71 120
0 50 84 0
0 50 0 120
0 38 0 0
0 33 60 120
0 45 71 0
0 45 0 120
0 33 0 0
0 38 71 120
0 50 84 0
0 50 0 120
0 38 0 0
0 33 60 120
0 45 71 0
0 45 0 120
0 33 0 0
0 50 84 120
0 38 71 0
0 38 0 120
0 50 0 0
0 45 71 120
0 33 60 0
0 33 0 120
0 45 0 0
0 50 84 120
0 38 71 0
0 38 0 120
0 50 0 0
0 45 71 120
0 33 60 0
0 33 0 120
0 45 0 0
0 38 71 120
0 50 84 0
0 50 0 120
0 38 0 0
0 45 71 120
0 33 60 0
0 33 0 120
0 45 0 0
0 50 84 120
0 38 71 0
0 38 0 120
0 50 0 0
0 45 71 120
0 33 60 0
0 33 0 120
0 45 0 0
0 38 71 120
0 50 84 0
0 50 0 120
0 38 0 0
0 33 60 120
0 45 71 0
0 45 0 120
0 33 0 0
0 50 84 120
0 38 71 0
0 38 0 120
0 50 0 0
0 33 60 120
0 45 71 0
0 45 0 120
0 33 0 0
0 38 71 120
0 50 84 0
0 50 0 120
0 38 0 0
0 33 60 120
0 45 71 0
0 45 0 120
0 33 0 0
0 38 71 120
0 50 84 0
0 50 0 120
0 38 0 0
0 33 60 120
0 45 71 0
0 45 0 120
0 33 0 0
0 53 71 120
0 65 84 0
0 65 0 120
0 53 0 0
0 50 71 120
0 38 50 0
0 38 0 120
0 50 0 0
0 64 84 120
0 52 71 0
0 52 0 120
0 64 0 0
0 38 50 120
0 50 71 0
0 50 0 120
0 38 0 0
0 62 84 120
0 50 71 0
0 50 0 120
0 62 0 0
0 50 71 120
0 38 50 0
0 38 0 120
0 50 0 0
0 60 84 120
0 48 71 0
0 48 0 120
0 60 0 0
0 38 50 120
0 50 71 0
0 50 0 120
0 38 0 0
0 46 60 120
0 58 84 0
0 58 0 120
0 46 0 0
0 38 50 120
0 50 71 0
0 50 0 120
0 38 0 0
0 57 84 120
0 45 60 0
0 45 0 120
0 57 0 0
0 50 71 120
0 38 50 0
0 38 0 120
0 50 0 0
0 43 60 120
0 55 84 0
0 55 0 120
0 43 0 0
0 50 71 120
0 38 50 0
0 38 0 120
0 50 0 0
0 55 84 120
0 43 60 0
0 43 0 120
0 55 0 0
0 38 50 120
0 50 71 0
0 50 0 120
0 38 0 0
0 62 84 120
0 50 71 0
0 50 0 120
0 62 0 0
0 38 60 120
0 50 71 0
0 50 0 120
0 38 0 0
0 60 84 120
0 48 71 0
0 48 0 120
0 60 0 0
0 50 71 120
0 38 60 0
0 38 0 120
0 50 0 0
0 58 84 120
0 46 71 0
0 46 0 120
0 58 0 0
0 38 60 120
0 50 71 0
0 50 0 120
0 38 0 0
0 57 84 120
0 45 71 0
0 45 0 120
0 57 0 0
0 50 71 120
0 38 60 0
0 38 0 120
0 50 0 0
0 55 84 120
0 43 71 0
0 43 0 120
0 55 0 0
0 50 71 120
0 38 60 0
0 38 0 120
0 50 0 0
0 41 71 120
0 53 84 0
0 53 0 120
0 41 0 0
0 38 60 120
0 50 71 0
0 50 0 120
0 38 0 0
0 40 71 120
0 52 84 0
0 52 0 120
0 40 0 0
0 50 71 120
0 38 60 0
0 38 0 120
0 50 0 0
0 52 84 120
0 40 71 0
0 40 0 120
0 52 0 0
0 38 60 120
0 50 71 0
0 50 0 120
0 38 0 0
0 53 62 120
0 53 0 120
0 38 52 120
0 38 0 120
0 52 60 120
0 52 0 120
0 38 51 120
0 38 0 120
0 50 59 120
0 50 0 120
0 38 50 120
0 38 0 120
0 48 58 120
0 48 0 120
0 38 49 120
0 38 0 120
0 46 57 120
0 46 0 120
0 38 48 120
0 38 0 120
0 45 56 120
0 45 0 120
0 38 48 120
0 38 0 120
0 43 55 120
0 43 0 120
0 38 47 120
0 38 0 120
0 43 54 120
0 43 0 120
0 38 46 120
0 38 0 120
0 50 49 120
0 50 0 120
0 38 41 120
0 38 0 120
0 48 48 120
0 48 0 120
0 38 41 120
0 38 0 120
0 46 48 120
0 46 0 120
0 38 40 120
0 38 0 120
0 45 47 120
0 45 0 120
0 38 40 120
0 38 0 120
0 43 47 120
0 43 0 120
0 38 40 120
0 38 0 120
0 41 46 120
0 41 0 120
0 38 39 120
0 38 0 120
0 40 46 120
0 40 0 120
0 38 37 120
0 38 0 120
0 40 44 120
0 40 0 120
0 38 37 120
0 38 0 120
0 39 47 120
0 39 0 120
0 45 41 120
0 45 0 120
0 39 47 120
0 39 0 120
0 45 41 120
0 45 0 120
0 38 47 120
0 38 0 120
0 45 41 120
0 45 0 120
0 38 48 120
0 38 0 120
0 45 41 120
0 45 0 120
0 39 47 120
0 39 0 120
0 45 41 120
0 45 0 120
0 39 47 120
0 39 0 120
0 45 41 120
0 45 0 120
0 38 47 120
0 38 0 120
0 45 41 120
0 45 0 120
0 39 48 120
0 39 0 120
0 45 39 120
0 45 0 120
0 38 43 120
0 38 0 120
0 45 41 120
0 45 0 120
0 39 43 120
0 39 0 120
0 45 36 120
0 45 0 120
0 38 43 120
0 38 0 120
0 45 39 120
0 45 0 120
0 39 42 120
0 39 0 120
0 45 34 120
0 45 0 120
0 38 39 120
0 38 0 120
0 45 36 120
0 45 0 120
0 39 37 120
0 39 0 120
0 45 32 120
0 45 0 120
0 38 41 120
0 38 0 120
0 45 39 120
0 45 0 120
0 38 41 120
0 38 0 120
0 45 39 120
0 45 0 120
0 38 41 120
0 38 0 120
0 45 39 120
0 45 0 120
0 38 41 120
0 38 0 120
0 45 39 120
0 45 0 120
0 38 41 120
0 38 0 120
0 45 39 120
0 45 0 120
0 38 41 120
0 38 0 120
0 45 39 120
0 45 0 120
0 38 41 120
0 38 0 120
0 45 37 120
0 45 0 120
0 38 41 120
0 38 0 120
0 45 37 120
0 45 0 120
0 38 43 120
0 38 0 120
0 45 40 120
0 45 0 120
0 38 43 120
0 38 0 120
0 45 41 120
0 45 0 120
0 38 42 120
0 38 0 120
0 45 40 120
0 45 0 120
0 50 42 120
0 50 0 120
0 57 40 120
0 57 0 120
0 62 27 0
0 69 27 0
0 69 0 212
0 62 0 0
0 66 27 0
0 71 27 0
0 59 27 0
0 59 0 776
0 71 0 0
0 66 0 0
0 62 27 0
0 69 27 0
0 69 0 875
0 62 0 0
0 71 23 0
0 59 23 0
0 66 23 0
0 66 0 666
0 59 0 0
0 71 0 0
0 62 36 0
0 69 27 0
0 62 0 353
0 61 36 0
0 61 0 339
0 69 0 0
0 71 27 0
0 66 37 0
0 59 27 0
0 66 0 339
0 65 35 0
0 65 0 240
0 59 0 0
0 71 0 0
0 69 40 0
0 64 27 0
0 69 0 416
0 68 37 0
0 68 0 346
0 64 0 0
0 64 35 0
0 69 23 0
0 57 23 0
0 64 0 287
0 65 33 0
0 69 0 181
0 65 0 2
0 57 0 0
0 57 27 70
0 50 21 0
0 50 0 310
0 57 0 0
0 47 21 155
0 59 27 0
0 54 21 0
0 54 0 296
0 59 0 0
0 47 0 0
0 57 27 173
0 50 21 0
0 50 0 720
0 57 0 0
0 59 23 236
0 47 18 0
0 54 18 0
0 54 0 677
0 47 0 0
0 59 0 0
0 57 27 99
0 50 35 0
0 50 0 56
0 49 34 0
0 49 0 240
0 57 0 0
0 47 31 91
0 59 31 0
0 54 39 0
0 54 0 91
0 53 35 0
0 53 0 240
0 59 0 0
0 47 0 0
0 40 27 92
0 57 35 60
0 57 0 480
0 56 34 0
0 56 0 240
0 40 0 0
0 52 18 238
0 57 23 0
0 45 18 0
0 45 0 692
0 57 0 0
0 52 0 0
0 57 35 0
0 57 0 41
0 67 35 0
0 67 0 80
0 73 35 0
0 73 0 80
0 79 40 240
0 79 0 480
0 57 35 0
0 57 0 80
0 67 35 0
0 67 0 80
0 73 35 0
0 73 0 80
0 79 40 240
0 79 0 480
0 57 40 0
0 57 0 120
0 64 40 120
0 64 0 120
0 67 39 120
0 67 0 120
0 71 39 120
0 71 0 120
0 73 37 120
0 73 0 120
0 76 36 120
0 76 0 120
0 79 36 120
0 79 0 120
0 53 35 0
0 53 0 80
0 63 35 0
0 63 0 80
0 69 35 0
0 69 0 80
0 75 39 240
0 75 0 480
0 53 35 0
0 53 0 80
0 63 35 0
0 63 0 80
0 69 35 0
0 69 0 80
0 75 41 240
0 75 0 480
0 53 40 0
0 53 0 120
0 60 40 120
0 60 0 120
0 63 39 120
0 63 0 120
0 67 39 120
0 67 0 120
0 69 37 120
0 69 0 120
0 72 36 120
0 72 0 120
0 75 36 120
0 75 0 120
0 50 33 148
0 50 0 120
0 57 33 120
0 57 0 120
0 60 32 120
0 60 0 120
0 64 32 120
0 64 0 120
0 66 31 120
0 66 0 120
0 69 29 120
0 69 0 120
0 72 28 120
0 72 0 120
0 74 24 0
0 67 24 0
0 67 0 875
0 74 0 0
0 76 24 0
0 71 24 0
0 64 24 0
0 64 0 790
0 71 0 0
0 76 0 0
0 67 24 0
0 74 24 0
0 74 0 868
0 67 0 0
0 64 20 0
0 71 20 0
0 76 20 0
0 76 0 640
0 71 0 0
0 64 0 0
0 67 32 0
0 74 24 0
0 67 0 367
0 66 32 0
0 66 0 480
0 74 0 0
0 76 24 0
0 64 24 0
0 71 33 0
0 71 0 353
0 70 31 0
0 70 0 480
0 64 0 0
0 76 0 0
0 69 24 0
0 74 35 0
0 74 0 427
0 73 33 0
0 73 0 480
0 69 0 0
0 62 20 0
0 69 31 0
0 74 20 0
0 69 0 388
0 70 27 0
0 74 0 203
0 70 0 2
0 62 0 0
0 55 26 84
0 62 26 0
0 62 0 296
0 55 0 0
0 52 26 113
0 59 26 0
0 64 26 0
0 64 0 268
0 59 0 0
0 52 0 0
0 55 26 155
0 62 26 0
0 62 0 720
0 55 0 0
0 64 21 28
0 52 21 0
0 59 21 0
0 59 0 720
0 52 0 0
0 64 0 0
0 55 33 56
0 62 26 0
0 55 0 70
0 54 33 0
0 54 0 240
0 62 0 0
0 52 29 114
0 59 37 0
0 64 29 0
0 59 0 91
0 58 33 0
0 58 0 240
0 64 0 0
0 52 0 0
0 45 26 102
0 62 33 60
0 62 0 480
0 61 33 0
0 61 0 240
0 45 0 0
0 62 21 234
0 50 21 0
0 57 21 0
0 57 0 663
0 50 0 0
0 62 0 0
0 62 35 0
0 62 0 34
0 72 35 0
0 72 0 80
0 78 35 0
0 78 0 80
0 84 40 240
0 84 0 480
0 62 40 0
0 62 0 7
0 71 40 120
0 71 0 120
0 74 39 120
0 74 0 120
0 79 39 120
0 79 0 120
0 62 35 120
0 62 0 23
0 69 35 0
0 69 0 80
0 73 35 0
0 73 0 80
0 79 40 240
0 79 0 480
0 62 40 0
0 62 0 49
0 69 40 120
0 69 0 120
0 74 39 120
0 74 0 120
0 78 39 120
0 78 0 120
0 50 35 120
0 50 0 31
0 60 35 1
0 66 35 79
0 60 0 1
0 66 0 79
0 72 39 240
0 72 0 480
0 50 39 0
0 50 0 14
0 59 37 120
0 59 0 120
0 62 36 120
0 62 0 120
0 67 36 120
0 67 0 120
0 50 33 0
0 50 0 30
0 57 33 0
0 57 0 80
0 61 33 0
0 61 0 80
0 67 37 240
0 67 0 480
0 50 35 0
0 50 0 7
0 57 37 120
0 57 0 120
0 62 40 120
0 62 0 120
0 69 42 120
0 69 0 120
0 74 46 0
0 74 0 120
0 69 43 120
0 69 0 120
0 62 43 120
0 62 0 120
0 69 43 120
0 69 0 120
0 62 43 120
0 62 0 120
0 57 43 120
0 57 0 120
0 62 42 120
0 62 0 120
0 57 41 120
0 57 0 120
0 50 42 120
0 50 0 120
0 57 40 120
0 57 0 120
0 50 42 120
0 50 0 120
0 45 41 120
0 45 0 120
0 38 41 0
0 38 0 120
0 45 31 120
0 45 0 120
0 38 32 120
0 38 0 120
0 45 31 120
0 45 0 120
0 38 32 120
0 38 0 120
0 45 31 120
0 45 0 120
0 38 32 120
0 38 0 120
0 45 31 120
0 45 0 120
0 38 32 120
0 38 0 120
0 45 31 120
0 45 0 120
0 38 32 120
0 38 0 120
0 45 31 120
0 45 0 120
0 38 32 120
0 38 0 120
0 45 31 120
0 45 0 120
0 38 32 120
0 38 0 120
0 45 31 120
0 45 0 120
0 38 32 120
0 38 0 120
0 45 29 120
0 45 0 120
0 38 32 120
0 38 0 120
0 45 29 120
0 45 0 120
0 38 32 120
0 38 0 120
0 45 31 120
0 45 0 120
0 38 32 120
0 38 0 120
0 45 31 120
0 45 0 120
0 38 32 120
0 38 0 120
0 45 31 120
0 45 0 120
0 38 32 120
0 38 0 120
0 45 31 120
0 45 0 120
0 38 32 120
0 38 0 120
0 45 31 120
0 45 0 120
0 38 32 120
0 38 0 120
0 45 31 120
0 45 0 120
0 38 32 120
0 38 0 120
0 45 29 120
0 45 0 120
0 38 32 120
0 38 0 120
0 45 29 120
0 45 0 120
0 38 32 120
0 38 0 120
0 45 31 120
0 45 0 120
0 38 32 120
0 38 0 120
0 45 31 120
0 45 0 120
0 65 32 360
0 58 32 0
0 58 0 120
0 65 0 0
0 60 32 360
0 53 32 0
0 53 0 120
0 60 0 0
0 62 32 360
0 55 32 0
0 55 0 120
0 62 0 0
0 50 32 360
0 57 32 0
0 57 0 120
0 50 0 0
0 51 32 360
0 58 32 0
0 58 0 120
0 51 0 0
0 46 32 360
0 53 32 0
0 53 0 120
0 46 0 0
0 45 37 120
0 45 0 120
0 52 32 120
0 52 0 120
0 45 38 120
0 45 0 120
0 52 32 120
0 52 0 120
0 39 37 120
0 39 0 120
0 46 32 120
0 46 0 120
0 39 37 120
0 39 0 120
0 46 32 120
0 46 0 120
0 45 37 120
0 45 0 120
0 52 32 120
0 52 0 120
0 45 38 120
0 45 0 120
0 52 32 120
0 52 0 120
0 39 37 120
0 39 0 120
0 46 32 120
0 46 0 120
0 39 37 120
0 39 0 120
0 46 32 120
0 46 0 120
0 45 37 120
0 45 0 120
0 52 32 120
0 52 0 120
0 39 38 120
0 39 0 120
0 46 31 120
0 46 0 120
0 45 34 120
0 45 0 120
0 52 32 120
0 52 0 120
0 39 34 120
0 39 0 120
0 46 29 120
0 46 0 120
0 45 35 120
0 45 0 120
0 52 32 120
0 52 0 120
0 39 34 120
0 39 0 120
0 46 28 120
0 46 0 120
0 45 32 120
0 45 0 120
0 52 29 120
0 52 0 120
0 39 32 120
0 39 0 120
0 46 27 120
0 46 0 120
0 45 46 120
0 45 0 120
0 52 41 120
0 52 0 120
0 46 46 120
0 46 0 120
0 52 41 120
0 52 0 120
0 44 44 120
0 44 0 120
0 52 42 120
0 52 0 120
0 45 46 120
0 45 0 120
0 52 43 120
0 52 0 120
0 46 48 120
0 46 0 120
0 52 43 120
0 52 0 120
0 47 51 120
0 47 0 120
0 52 45 120
0 52 0 120
0 48 53 120
0 48 0 120
0 52 49 120
0 52 0 120
0 47 57 120
0 47 0 120
0 52 50 120
0 52 0 120
0 46 58 120
0 46 0 120
0 52 53 120
0 52 0 120
0 45 60 120
0 45 0 120
0 52 54 120
0 52 0 120
0 44 63 120
0 44 0 120
0 52 58 120
0 52 0 120
0 43 66 120
0 43 0 120
0 49 60 120
0 49 0 120
0 42 69 120
0 42 0 120
0 49 64 120
0 49 0 120
0 41 77 120
0 41 0 120
0 49 69 120
0 49 0 120
0 40 83 120
0 40 0 120
0 49 76 120
0 49 0 120
0 39 86 120
0 39 0 120
0 49 79 120
0 49 0 120
0 38 87 120
0 50 102 0
0 50 0 120
0 38 0 0
0 33 68 120
0 45 80 0
0 45 0 120
0 33 0 0
0 38 80 120
0 50 94 0
0 50 0 120
0 38 0 0
0 33 68 120
0 45 80 0
0 45 0 120
0 33 0 0
0 38 80 120
0 50 94 0
0 50 0 120
0 38 0 0
0 33 68 120
0 45 80 0
0 45 0 120
0 33 0 0
0 38 80 120
0 50 94 0
0 50 0 120
0 38 0 0
0 45 80 120
0 33 68 0
0 33 0 120
0 45 0 0
0 38 71 120
0 50 84 0
0 50 0 120
0 38 0 0
0 33 60 120
0 45 71 0
0 45 0 120
0 33 0 0
0 38 71 120
0 50 84 0
0 50 0 120
0 38 0 0
0 45 71 120
0 33 60 0
0 33 0 120
0 45 0 0
0 38 71 120
0 50 84 0
0 50 0 120
0 38 0 0
0 33 60 120
0 45 71 0
0 45 0 120
0 33 0 0
0 38 71 120
0 50 84 0
0 50 0 120
0 38 0 0
0 45 71 120
0 33 60 0
0 33 0 120
0 45 0 0
0 38 71 120
0 50 84 0
0 50 0 120
0 38 0 0
0 33 60 120
0 45 71 0
0 45 0 120
0 33 0 0
0 38 71 120
0 50 84 0
0 50 0 120
0 38 0 0
0 45 71 120
0 33 60 0
0 33 0 120
0 45 0 0
0 38 71 120
0 50 84 0
0 50 0 120
0 38 0 0
0 33 60 120
0 45 71 0
0 45 0 120
0 33 0 0
0 38 71 120
0 50 84 0
0 50 0 120
0 38 0 0
0 45 71 120
0 33 60 0
0 33 0 120
0 45 0 0
0 38 71 120
0 50 84 0
0 50 0 120
0 38 0 0
0 33 60 120
0 45 71 0
0 45 0 120
0 33 0 0
0 38 71 120
0 50 84 0
0 50 0 120
0 38 0 0
0 45 71 120
0 33 60 0
0 33 0 120
0 45 0 0
0 38 71 120
0 50 84 0
0 50 0 120
0 38 0 0
0 33 60 120
0 45 71 0
0 45 0 120
0 33 0 0
0 38 71 120
0 50 84 0
0 50 0 120
0 38 0 0
0 45 71 120
0 33 60 0
0 33 0 120
0 45 0 0
0 38 71 120
0 50 84 0
0 50 0 120
0 38 0 0
0 33 60 120
0 45 71 0
0 45 0 120
0 33 0 0
0 38 71 120
0 50 84 0
0 50 0 120
0 38 0 0
0 45 71 120
0 33 60 0
0 33 0 120
0 45 0 0
0 38 71 120
0 50 84 0
0 50 0 120
0 38 0 0
0 33 60 120
0 45 71 0
0 45 0 120
0 33 0 0
0 38 71 120
0 50 84 0
0 50 0 120
0 38 0 0
0 45 71 120
0 33 60 0
0 33 0 120
0 45 0 0
0 65 84 120
0 53 71 0
0 53 0 120
0 65 0 0
0 38 60 120
0 50 71 0
0 50 0 120
0 38 0 0
0 52 71 120
0 64 84 0
0 64 0 120
0 52 0 0
0 38 60 120
0 50 71 0
0 50 0 120
0 38 0 0
0 62 84 120
0 50 71 0
0 50 0 120
0 62 0 0
0 38 60 120
0 50 71 0
0 50 0 120
0 38 0 0
0 48 71 120
0 60 84 0
0 60 0 120
0 48 0 0
0 38 60 120
0 50 71 0
0 50 0 120
0 38 0 0
0 46 71 120
0 58 84 0
0 58 0 120
0 46 0 0
0 38 60 120
0 50 71 0
0 50 0 120
0 38 0 0
0 45 71 120
0 57 84 0
0 57 0 120
0 45 0 0
0 38 60 120
0 50 71 0
0 50 0 120
0 38 0 0
0 43 71 120
0 55 84 0
0 55 0 120
0 43 0 0
0 38 60 120
0 50 71 0
0 50 0 120
0 38 0 0
0 43 71 120
0 55 84 0
0 55 0 120
0 43 0 0
0 38 60 120
0 50 71 0
0 50 0 120
0 38 0 0
0 62 84 120
0 50 71 0
0 50 0 120
0 62 0 0
0 38 60 120
0 50 71 0
0 50 0 120
0 38 0 0
0 48 71 120
0 60 84 0
0 60 0 120
0 48 0 0
0 38 60 120
0 50 71 0
0 50 0 120
0 38 0 0
0 58 84 120
0 46 71 0
0 46 0 120
0 58 0 0
0 38 60 120
0 50 71 0
0 50 0 120
0 38 0 0
0 45 71 120
0 57 84 0
0 57 0 120
0 45 0 0
0 38 60 120
0 50 71 0
0 50 0 120
0 38 0 0
0 43 71 120
0 55 84 0
0 55 0 120
0 43 0 0
0 38 60 120
0 50 71 0
0 50 0 120
0 38 0 0
0 41 71 120
0 53 84 0
0 53 0 120
0 41 0 0
0 38 60 120
0 50 71 0
0 50 0 120
0 38 0 0
0 40 71 120
0 52 84 0
0 52 0 120
0 40 0 0
0 38 60 120
0 50 71 0
0 50 0 120
0 38 0 0
0 40 71 120
0 52 84 0
0 52 0 120
0 40 0 0
0 38 60 120
0 50 71 0
0 50 0 120
0 38 0 0
0 53 62 120
0 53 0 120
0 38 52 120
0 38 0 120
0 52 60 120
0 52 0 120
0 38 51 120
0 38 0 120
0 50 59 120
0 50 0 120
0 38 50 120
0 38 0 120
0 48 58 120
0 48 0 120
0 38 49 120
0 38 0 120
0 46 57 120
0 46 0 120
0 38 48 120
0 38 0 120
0 45 56 120
0 45 0 120
0 38 48 120
0 38 0 120
0 43 55 120
0 43 0 120
0 38 47 120
0 38 0 120
0 43 54 120
0 43 0 120
0 38 46 120
0 38 0 120
0 50 49 120
0 50 0 120
0 38 41 120
0 38 0 120
0 48 48 120
0 48 0 120
0 38 41 120
0 38 0 120
0 46 48 120
0 46 0 120
0 38 40 120
0 38 0 120
0 45 47 120
0 45 0 120
0 38 40 120
0 38 0 120
0 43 47 120
0 43 0 120
0 38 40 120
0 38 0 120
0 41 46 120
0 41 0 120
0 38 39 120
0 38 0 120
0 40 46 120
0 40 0 120
0 38 37 120
0 38 0 120
0 40 44 120
0 40 0 120
0 38 37 120
0 38 0 120
0 39 47 120
0 39 0 120
0 45 41 120
0 45 0 120
0 39 47 120
0 39 0 120
0 45 41 120
0 45 0 120
0 38 47 120
0 38 0 120
0 45 41 120
0 45 0 120
0 38 48 120
0 38 0 120
0 45 41 120
0 45 0 120
0 39 47 120
0 39 0 120
0 45 41 120
0 45 0 120
0 39 47 120
0 39 0 120
0 45 41 120
0 45 0 120
0 38 47 120
0 38 0 120
0 45 41 120
0 45 0 120
0 39 48 120
0 39 0 120
0 45 39 120
0 45 0 120
0 38 43 120
0 38 0 120
0 45 41 120
0 45 0 120
0 39 43 120
0 39 0 120
0 45 36 120
0 45 0 120
0 38 43 120
0 38 0 120
0 45 39 120
0 45 0 120
0 39 42 120
0 39 0 120
0 45 34 120
0 45 0 120
0 38 39 120
0 38 0 120
0 45 36 120
0 45 0 120
0 39 37 120
0 39 0 120
0 45 32 120
0 45 0 120
0 38 41 120
0 38 0 120
0 45 39 120
0 45 0 120
0 38 41 120
0 38 0 120
0 45 39 120
0 45 0 120
0 38 41 120
0 38 0 120
0 45 39 120
0 45 0 120
0 38 41 120
0 38 0 120
0 45 39 120
0 45 0 120
0 38 41 120
0 38 0 120
0 45 39 120
0 45 0 120
0 38 41 120
0 38 0 120
0 45 39 120
0 45 0 120
0 38 41 120
0 38 0 120
0 45 37 120
0 45 0 120
0 38 41 120
0 38 0 120
0 45 37 120
0 45 0 120
0 38 43 120
0 38 0 120
0 45 40 120
0 45 0 120
0 38 43 120
0 38 0 120
0 45 41 120
0 45 0 120
0 38 42 120
0 38 0 120
0 45 40 120
0 45 0 120
0 50 42 120
0 50 0 120
0 57 40 120
0 57 0 120
0 50 90 1179
0 38 75 0
0 45 75 0
0 45 0 120
0 38 0 0
0 50 0 0
0 38 68 0
0 50 81 0
0 45 68 0
0 45 0 120
0 50 0 0
0 38 0 0
