0 57 31 480
0 50 31 0
0 50 0 240
0 57 0 0
0 50 31 0
0 57 31 0
0 57 0 240
0 50 0 0
0 50 36 0
0 57 36 0
0 57 0 240
0 50 0 0
0 50 31 1200
0 57 31 0
0 57 0 240
0 50 0 0
0 50 31 0
0 57 31 0
0 57 0 240
0 50 0 0
0 50 35 0
0 57 35 0
0 57 0 240
0 50 0 0
0 69 39 480
0 69 0 80
0 71 39 0
0 71 0 80
0 69 41 0
0 69 0 80
0 66 44 0
0 69 44 240
0 69 0 240
0 66 0 0
0 66 42 0
0 74 45 0
0 74 0 60
0 66 0 0
0 78 42 180
0 66 45 0
0 66 0 60
0 78 0 0
0 76 45 180
0 66 37 0
0 76 0 240
0 74 42 0
0 74 0 240
0 66 0 0
0 66 42 0
0 66 0 60
0 69 41 180
0 66 41 0
0 66 0 60
0 69 0 0
0 71 45 180
0 69 45 0
0 66 45 0
0 66 0 240
0 69 0 0
0 71 0 0
0 66 41 240
0 69 41 0
0 71 41 0
0 71 0 240
0 69 0 0
0 66 0 0
0 66 41 120
0 71 41 0
0 69 41 0
0 69 0 120
0 71 0 0
0 66 0 0
0 71 41 0
0 69 41 0
0 66 41 0
0 66 0 480
0 69 0 0
0 71 0 0
0 62 42 0
0 66 42 0
0 66 0 60
0 62 0 0
0 62 42 180
0 68 42 0
0 66 42 0
0 66 0 60
0 68 0 0
0 62 0 0
0 62 45 180
0 66 45 0
0 69 45 0
0 69 0 240
0 71 42 0
0 71 0 240
0 66 0 0
0 62 0 0
0 66 44 0
0 62 44 0
0 62 0 60
0 66 0 0
0 62 44 180
0 68 44 0
0 66 44 0
0 66 0 60
0 68 0 0
0 62 0 0
0 69 45 180
0 62 45 0
0 66 45 0
0 69 0 240
0 71 42 0
0 71 0 240
0 66 0 0
0 62 0 0
0 62 44 0
0 66 44 0
0 66 0 120
0 62 0 0
0 66 44 120
0 62 44 0
0 68 44 0
0 68 0 60
0 62 0 0
0 66 0 0
0 62 47 180
0 64 47 0
0 69 47 0
0 69 0 240
0 64 0 0
0 62 0 0
0 61 42 240
0 69 42 0
0 69 0 240
0 61 0 0
0 69 42 120
0 61 42 0
0 61 0 120
0 69 0 0
0 69 42 0
0 61 42 0
0 61 0 240
0 69 0 0
0 73 44 480
0 73 0 80
0 74 44 0
0 74 0 80
0 73 44 0
0 73 0 80
0 71 47 0
0 74 47 240
0 74 0 240
0 71 0 0
0 79 49 0
0 71 49 0
0 71 0 60
0 79 0 0
0 83 45 180
0 71 45 0
0 71 0 60
0 83 0 0
0 81 48 180
0 71 41 0
0 81 0 240
0 79 42 0
0 79 0 240
0 71 0 0
0 71 42 0
0 67 42 0
0 67 0 60
0 71 0 0
0 67 42 180
0 71 42 0
0 74 42 0
0 74 0 60
0 71 0 0
0 67 0 0
0 78 46 180
0 74 46 0
0 71 46 0
0 67 46 0
0 67 0 240
0 78 0 0
0 74 0 0
0 71 0 0
0 78 42 240
0 74 42 0
0 71 42 0
0 67 42 0
0 67 0 240
0 78 0 0
0 74 0 0
0 71 0 0
0 78 42 120
0 74 42 0
0 71 42 0
0 67 42 0
0 67 0 120
0 78 0 0
0 74 0 0
0 71 0 0
0 78 42 0
0 74 42 0
0 67 42 0
0 71 42 0
0 71 0 480
0 78 0 0
0 74 0 0
0 67 0 0
0 71 42 0
0 67 42 0
0 67 0 60
0 71 0 0
0 73 42 180
0 71 42 0
0 67 42 0
0 67 0 60
0 71 0 0
0 73 0 0
0 74 46 180
0 67 46 0
0 71 46 0
0 74 0 240
0 76 42 0
0 76 0 240
0 71 0 0
0 67 0 0
0 71 45 0
0 67 45 0
0 67 0 60
0 71 0 0
0 67 45 180
0 71 45 0
0 73 45 0
0 73 0 60
0 71 0 0
0 67 0 0
0 74 47 180
0 67 47 0
0 71 47 0
0 74 0 240
0 76 44 0
0 76 0 240
0 71 0 0
0 67 0 0
0 71 45 0
0 67 45 0
0 67 0 60
0 71 0 0
0 67 45 180
0 71 45 0
0 73 45 0
0 73 0 60
0 71 0 0
0 67 0 0
0 74 49 180
0 69 49 0
0 67 49 0
0 67 0 240
0 69 0 0
0 74 0 0
0 74 45 240
0 66 45 0
0 66 0 240
0 74 0 0
0 74 45 120
0 66 45 0
0 66 0 120
0 74 0 0
0 74 45 0
0 66 45 0
0 66 0 240
0 74 0 0
0 62 27 480
0 69 27 0
0 69 0 240
0 62 0 0
0 62 27 0
0 69 27 0
0 69 0 240
0 62 0 0
0 62 33 0
0 69 33 0
0 69 0 240
0 62 0 0
0 62 27 1200
0 69 27 0
0 69 0 240
0 62 0 0
0 62 27 0
0 69 27 0
0 69 0 240
0 62 0 0
0 62 31 0
0 69 31 0
0 69 0 240
0 62 0 0
0 81 35 480
0 81 0 80
0 83 35 0
0 83 0 80
0 81 36 0
0 81 0 80
0 78 39 0
0 81 39 240
0 81 0 240
0 78 0 0
0 78 39 0
0 86 39 0
0 86 0 60
0 78 0 0
0 90 37 180
0 78 37 0
0 78 0 60
0 90 0 0
0 88 41 180
0 78 33 0
0 88 0 240
0 86 37 0
0 86 0 240
0 78 0 0
0 78 37 0
0 78 0 60
0 81 36 180
0 78 36 0
0 78 0 60
0 81 0 0
0 78 39 180
0 81 39 0
0 83 39 0
0 83 0 240
0 81 0 0
0 78 0 0
0 78 37 240
0 81 37 0
0 83 37 0
0 83 0 240
0 81 0 0
0 78 0 0
0 83 37 120
0 78 37 0
0 81 37 0
0 81 0 120
0 78 0 0
0 83 0 0
0 78 37 0
0 81 37 0
0 83 37 0
0 83 0 480
0 81 0 0
0 78 0 0
0 74 38 0
0 78 38 0
0 78 0 60
0 74 0 0
0 74 38 180
0 80 38 0
0 78 38 0
0 78 0 60
0 80 0 0
0 74 0 0
0 81 41 180
0 78 41 0
0 74 41 0
0 81 0 240
0 83 37 0
0 83 0 240
0 74 0 0
0 78 0 0
0 78 39 0
0 74 39 0
0 74 0 60
0 78 0 0
0 80 38 180
0 74 38 0
0 78 38 0
0 78 0 60
0 74 0 0
0 80 0 0
0 78 41 180
0 74 41 0
0 81 41 0
0 81 0 240
0 83 37 0
0 83 0 240
0 74 0 0
0 78 0 0
0 74 39 0
0 78 39 0
0 78 0 60
0 74 0 0
0 80 39 180
0 74 39 0
0 78 39 0
0 78 0 60
0 74 0 0
0 80 0 0
0 74 41 180
0 76 41 0
0 81 41 0
0 81 0 240
0 76 0 0
0 74 0 0
0 73 38 240
0 81 38 0
0 81 0 240
0 73 0 0
0 73 38 120
0 81 38 0
0 81 0 120
0 73 0 0
0 73 38 0
0 81 38 0
0 81 0 240
0 73 0 0
0 85 39 480
0 85 0 80
0 86 39 0
0 86 0 80
0 85 39 0
0 85 0 80
0 83 42 0
0 86 42 240
0 86 0 240
0 83 0 0
0 91 44 0
0 83 44 0
0 83 0 60
0 91 0 0
0 95 39 180
0 83 39 0
0 83 0 60
0 95 0 0
0 93 42 180
0 83 37 0
0 93 0 240
0 91 38 0
0 91 0 240
0 83 0 0
0 83 38 0
0 79 38 0
0 79 0 60
0 83 0 0
0 83 38 180
0 79 38 0
0 86 38 0
0 86 0 60
0 79 0 0
0 83 0 0
0 83 42 180
0 86 42 0
0 90 42 0
0 79 42 0
0 79 0 240
0 83 0 0
0 86 0 0
0 90 0 0
0 83 37 240
0 86 37 0
0 90 37 0
0 79 37 0
0 79 0 240
0 83 0 0
0 86 0 0
0 90 0 0
0 83 37 120
0 86 37 0
0 90 37 0
0 79 37 0
0 79 0 120
0 83 0 0
0 86 0 0
0 90 0 0
0 83 37 0
0 86 37 0
0 90 37 0
0 79 37 0
0 79 0 480
0 83 0 0
0 86 0 0
0 90 0 0
0 79 38 0
0 83 38 0
0 83 0 60
0 79 0 0
0 85 38 180
0 83 38 0
0 79 38 0
0 79 0 60
0 83 0 0
0 85 0 0
0 83 42 180
0 79 42 0
0 86 42 0
0 86 0 240
0 88 38 0
0 88 0 240
0 79 0 0
0 83 0 0
0 83 39 0
0 79 39 0
0 79 0 60
0 83 0 0
0 85 39 180
0 83 39 0
0 79 39 0
0 79 0 60
0 83 0 0
0 85 0 0
0 86 42 180
0 83 42 0
0 79 42 0
0 86 0 240
0 88 39 0
0 88 0 240
0 79 0 0
0 83 0 0
0 83 39 0
0 79 39 0
0 79 0 60
0 83 0 0
0 85 39 180
0 83 39 0
0 79 39 0
0 79 0 60
0 83 0 0
0 85 0 0
0 86 44 180
0 81 44 0
0 79 44 0
0 79 0 240
0 81 0 0
0 86 0 0
0 86 39 240
0 78 39 0
0 78 0 240
0 86 0 0
0 86 39 120
0 78 39 0
0 78 0 120
0 86 0 0
0 86 39 0
0 78 39 0
0 78 0 240
0 86 0 0
0 61 75 1920
0 64 75 0
0 61 0 120
0 59 68 0
0 59 0 120
0 61 68 0
0 61 0 120
0 57 68 0
0 57 0 60
0 64 0 60
0 62 68 0
0 66 71 0
0 62 0 120
0 59 68 120
0 59 0 120
0 66 0 120
0 61 75 0
0 64 75 0
0 61 0 120
0 59 69 0
0 59 0 120
0 61 69 0
0 61 0 120
0 57 69 0
0 57 0 60
0 64 0 60
0 62 68 0
0 66 71 0
0 62 0 120
0 59 68 120
0 59 0 120
0 66 0 120
0 74 56 240
0 78 56 0
0 68 56 0
0 78 0 80
0 80 56 0
0 80 0 80
0 78 56 0
0 78 0 80
0 68 0 0
0 74 0 0
0 76 60 0
0 73 60 0
0 69 60 0
0 69 0 120
0 73 0 0
0 76 0 0
0 73 59 120
0 76 59 0
0 69 59 0
0 69 0 120
0 76 0 0
0 73 0 0
0 76 59 120
0 73 59 0
0 69 59 0
0 69 0 960
0 73 0 0
0 76 0 0
0 60 52 0
0 64 52 0
0 64 0 480
0 60 0 0
0 68 48 0
0 72 48 0
0 76 48 0
0 76 0 240
0 72 0 0
0 68 0 0
0 68 47 0
0 72 47 0
0 76 47 0
0 76 0 240
0 72 0 0
0 68 0 0
0 68 46 0
0 72 46 0
0 76 46 0
0 76 0 480
0 72 0 0
0 68 0 0
0 72 34 0
0 76 34 0
0 76 0 60
0 72 0 0
0 76 34 180
0 72 34 0
0 77 34 0
0 77 0 60
0 72 0 0
0 76 0 0
0 72 37 180
0 76 37 0
0 79 37 0
0 79 0 240
0 81 34 0
0 81 0 240
0 76 0 0
0 72 0 0
0 72 34 0
0 76 34 0
0 76 0 60
0 72 0 0
0 72 34 180
0 76 34 0
0 77 34 0
0 77 0 60
0 76 0 0
0 72 0 0
0 71 38 180
0 77 38 0
0 79 38 0
0 79 0 240
0 81 34 0
0 81 0 240
0 77 0 0
0 71 0 0
0 67 34 0
0 71 34 0
0 76 34 0
0 76 0 120
0 71 0 0
0 67 0 0
0 67 34 120
0 71 34 0
0 74 34 0
0 74 0 120
0 71 0 0
0 67 0 0
0 74 35 0
0 74 0 60
0 76 35 0
0 76 0 60
0 64 39 0
0 74 39 0
0 74 0 240
0 72 34 0
0 72 0 240
0 64 0 0
0 64 34 0
0 72 34 0
0 72 0 120
0 64 0 0
0 64 34 120
0 72 34 0
0 72 0 120
0 64 0 0
0 64 39 120
0 72 39 0
0 72 0 360
0 64 0 0
0 64 75 600
0 67 75 0
0 64 0 120
0 62 68 0
0 62 0 120
0 64 68 0
0 64 0 120
0 60 68 0
0 60 0 60
0 67 0 60
0 65 68 0
0 69 71 0
0 65 0 120
0 62 68 120
0 62 0 120
0 69 0 120
0 64 75 0
0 67 75 0
0 64 0 120
0 62 69 0
0 62 0 120
0 64 69 0
0 64 0 120
0 60 69 0
0 60 0 60
0 67 0 60
0 65 68 0
0 69 71 0
0 65 0 120
0 62 68 120
0 62 0 120
0 69 0 120
0 77 56 240
0 81 56 0
0 71 56 0
0 81 0 80
0 83 56 0
0 83 0 80
0 81 56 0
0 81 0 80
0 71 0 0
0 77 0 0
0 79 60 0
0 76 60 0
0 72 60 0
0 72 0 120
0 76 0 0
0 79 0 0
0 76 59 120
0 79 59 0
0 72 59 0
0 72 0 120
0 79 0 0
0 76 0 0
0 79 59 120
0 76 59 0
0 72 59 0
0 72 0 960
0 76 0 0
0 79 0 0
0 63 52 0
0 67 52 0
0 67 0 480
0 63 0 0
0 71 48 0
0 75 48 0
0 79 48 0
0 79 0 240
0 75 0 0
0 71 0 0
0 71 47 0
0 75 47 0
0 79 47 0
0 79 0 240
0 75 0 0
0 71 0 0
0 71 46 0
0 75 46 0
0 79 46 0
0 79 0 480
0 75 0 0
0 71 0 0
0 75 34 0
0 79 34 0
0 79 0 60
0 75 0 0
0 79 34 180
0 75 34 0
0 80 34 0
0 80 0 120
0 75 0 0
0 79 0 0
0 75 37 120
0 79 37 0
0 82 37 0
0 82 0 240
0 84 34 0
0 84 0 240
0 79 0 0
0 75 0 0
0 75 34 0
0 79 34 0
0 79 0 60
0 75 0 0
0 75 34 180
0 79 34 0
0 80 34 0
0 80 0 60
0 79 0 0
0 75 0 0
0 74 38 180
0 80 38 0
0 82 38 0
0 82 0 240
0 84 34 0
0 84 0 240
0 80 0 0
0 74 0 0
0 70 34 0
0 74 34 0
0 79 34 0
0 79 0 120
0 74 0 0
0 70 0 0
0 70 34 120
0 74 34 0
0 77 34 0
0 77 0 120
0 74 0 0
0 70 0 0
0 77 35 0
0 77 0 60
0 79 35 0
0 79 0 60
0 67 39 0
0 77 39 0
0 77 0 240
0 75 34 0
0 75 0 240
0 67 0 0
0 67 34 0
0 75 34 0
0 75 0 120
0 67 0 0
0 67 34 120
0 75 34 0
0 75 0 120
0 67 0 0
0 67 39 120
0 75 39 0
0 75 0 480
0 67 0 0
0 55 25 120
0 61 28 0
0 61 0 120
0 55 0 0
0 63 29 120
0 61 25 0
0 55 25 0
0 55 0 120
0 61 0 0
0 63 0 0
0 55 25 120
0 61 25 0
0 65 34 0
0 65 0 120
0 61 0 0
0 55 0 0
0 55 26 120
0 61 26 0
0 67 33 0
0 67 0 120
0 61 0 0
0 55 0 0
0 55 27 120
0 61 31 0
0 61 0 120
0 55 0 0
0 63 31 120
0 55 27 0
0 61 27 0
0 61 0 120
0 55 0 0
0 63 0 0
0 55 28 120
0 61 28 0
0 65 36 0
0 65 0 120
0 61 0 0
0 55 0 0
0 55 28 120
0 61 28 0
0 67 33 0
0 67 0 120
0 61 0 0
0 55 0 0
0 55 29 120
0 61 34 0
0 61 0 120
0 55 0 0
0 63 34 120
0 55 30 0
0 61 30 0
0 61 0 120
0 55 0 0
0 63 0 0
0 55 29 120
0 61 29 0
0 65 39 0
0 65 0 120
0 61 0 0
0 55 0 0
0 68 42 120
0 68 0 120
0 55 31 120
0 61 31 0
0 67 38 0
0 67 0 120
0 61 0 0
0 55 0 0
0 63 38 120
0 55 31 0
0 61 31 0
0 61 0 120
0 55 0 0
0 63 0 0
0 55 31 120
0 61 31 0
0 65 39 0
0 65 0 120
0 61 0 0
0 55 0 0
0 55 32 120
0 61 38 0
0 61 0 120
0 55 0 0
0 56 36 120
0 63 36 0
0 63 0 120
0 56 0 0
0 63 35 120
0 65 35 0
0 56 35 0
0 56 0 120
0 65 0 0
0 63 0 0
0 56 30 120
0 63 30 0
0 67 40 0
0 67 0 120
0 63 0 0
0 56 0 0
0 56 31 120
0 63 31 0
0 68 39 0
0 68 0 120
0 63 0 0
0 56 0 0
0 56 31 120
0 63 36 0
0 63 0 120
0 56 0 0
0 63 36 120
0 56 31 0
0 65 31 0
0 65 0 120
0 56 0 0
0 63 0 0
0 56 32 120
0 63 32 0
0 67 41 0
0 67 0 120
0 63 0 0
0 56 0 0
0 56 32 120
0 63 32 0
0 68 39 0
0 68 0 120
0 63 0 0
0 56 0 0
0 56 34 120
0 63 39 0
0 63 0 120
0 56 0 0
0 63 39 120
0 56 34 0
0 65 34 0
0 65 0 120
0 56 0 0
0 63 0 0
0 56 34 120
0 63 34 0
0 67 44 0
0 67 0 120
0 63 0 0
0 56 0 0
0 70 48 120
0 70 0 120
0 56 36 120
0 63 36 0
0 68 44 0
0 68 0 120
0 63 0 0
0 56 0 0
0 63 44 120
0 56 36 0
0 65 36 0
0 65 0 120
0 56 0 0
0 63 0 0
0 56 36 120
0 63 36 0
0 67 45 0
0 67 0 120
0 63 0 0
0 56 0 0
0 56 36 120
0 63 43 0
0 63 0 120
0 56 0 0
0 60 48 120
0 66 48 0
0 66 0 120
0 60 0 0
0 66 44 120
0 68 44 0
0 60 44 0
0 60 0 120
0 68 0 0
0 66 0 0
0 60 47 120
0 66 47 0
0 70 47 0
0 70 0 120
0 66 0 0
0 60 0 0
0 60 37 120
0 66 37 0
0 72 46 0
0 72 0 120
0 66 0 0
0 60 0 0
0 60 48 120
0 66 48 0
0 66 0 120
0 60 0 0
0 66 44 120
0 60 37 0
0 68 37 0
0 68 0 120
0 60 0 0
0 66 0 0
0 60 47 120
0 66 47 0
0 70 47 0
0 70 0 120
0 66 0 0
0 60 0 0
0 60 37 120
0 66 37 0
0 72 45 0
0 72 0 120
0 66 0 0
0 60 0 0
0 60 47 120
0 66 47 0
0 66 0 120
0 60 0 0
0 66 46 120
0 60 46 0
0 68 46 0
0 68 0 120
0 60 0 0
0 66 0 0
0 60 56 120
0 66 56 0
0 70 56 0
0 70 0 120
0 66 0 0
0 60 0 0
0 73 50 120
0 73 0 120
0 60 55 120
0 66 55 0
0 72 55 0
0 72 0 120
0 66 0 0
0 60 0 0
0 68 48 120
0 60 40 0
0 66 40 0
0 66 0 120
0 60 0 0
0 68 0 0
0 60 40 120
0 66 40 0
0 70 50 0
0 70 0 120
0 66 0 0
0 60 0 0
0 60 40 120
0 66 47 0
0 66 0 120
0 60 0 0
0 61 59 120
0 68 59 0
0 68 0 120
0 61 0 0
0 68 52 120
0 70 52 0
0 61 52 0
0 61 0 120
0 70 0 0
0 68 0 0
0 61 57 120
0 68 57 0
0 72 57 0
0 72 0 120
0 68 0 0
0 61 0 0
0 61 55 120
0 68 55 0
0 73 55 0
0 73 0 120
0 68 0 0
0 61 0 0
0 61 59 120
0 68 59 0
0 68 0 120
0 61 0 0
0 68 53 120
0 61 53 0
0 70 53 0
0 70 0 120
0 61 0 0
0 68 0 0
0 61 59 120
0 68 59 0
0 72 59 0
0 72 0 120
0 68 0 0
0 61 0 0
0 61 55 120
0 68 55 0
0 73 55 0
0 73 0 120
0 68 0 0
0 61 0 0
0 61 59 120
0 68 59 0
0 68 0 120
0 61 0 0
0 68 57 120
0 61 57 0
0 70 57 0
0 70 0 120
0 61 0 0
0 68 0 0
0 61 64 120
0 68 64 0
0 72 64 0
0 72 0 120
0 68 0 0
0 61 0 0
0 75 64 120
0 75 0 120
0 61 62 120
0 68 62 0
0 73 62 0
0 73 0 120
0 68 0 0
0 61 0 0
0 70 59 120
0 61 48 0
0 68 48 0
0 68 0 120
0 61 0 0
0 70 0 0
0 61 48 120
0 68 48 0
0 72 61 0
0 72 0 120
0 68 0 0
0 61 0 0
0 61 48 120
0 68 57 0
0 68 0 120
0 61 0 0
0 62 71 120
0 68 71 0
0 68 0 120
0 62 0 0
0 68 63 120
0 62 63 0
0 70 63 0
0 70 0 120
0 62 0 0
0 68 0 0
0 62 70 120
0 68 70 0
0 72 70 0
0 72 0 120
0 68 0 0
0 62 0 0
0 75 75 120
0 75 0 120
0 62 69 120
0 68 69 0
0 74 69 0
0 74 0 120
0 68 0 0
0 62 0 0
0 70 63 120
0 62 52 0
0 68 52 0
0 68 0 120
0 62 0 0
0 70 0 0
0 62 52 120
0 68 52 0
0 72 66 0
0 72 0 120
0 68 0 0
0 62 0 0
0 68 62 120
0 68 0 120
0 74 70 120
0 72 70 0
0 68 70 0
0 68 0 120
0 72 0 0
0 74 0 0
0 68 66 120
0 75 66 0
0 72 66 0
0 72 0 120
0 75 0 0
0 68 0 0
0 77 72 120
0 68 72 0
0 72 72 0
0 72 0 120
0 68 0 0
0 77 0 0
0 80 81 120
0 80 0 120
0 79 80 120
0 68 80 0
0 72 80 0
0 72 0 120
0 68 0 0
0 79 0 0
0 72 72 120
0 75 72 0
0 68 72 0
0 68 0 120
0 75 0 0
0 72 0 0
0 77 80 120
0 68 80 0
0 72 80 0
0 72 0 120
0 68 0 0
0 77 0 0
0 74 66 120
0 74 0 120
0 77 75 120
0 77 0 120
0 79 75 120
0 79 0 120
0 80 81 120
0 80 0 120
0 84 75 120
0 84 0 120
0 80 75 120
0 80 0 120
0 77 75 120
0 77 0 120
0 80 81 120
0 80 0 120
0 77 75 120
0 77 0 120
0 74 75 120
0 74 0 120
0 77 75 120
0 77 0 120
0 74 81 120
0 74 0 120
0 70 75 120
0 70 0 120
0 74 75 120
0 74 0 120
0 70 75 120
0 70 0 120
0 67 81 120
0 67 0 120
0 70 75 120
0 70 0 120
0 67 75 120
0 67 0 120
0 63 75 120
0 63 0 120
0 67 85 120
0 67 0 120
0 63 80 120
0 63 0 120
0 60 80 120
0 60 0 120
0 63 80 120
0 63 0 120
0 60 93 120
0 60 0 120
0 56 86 120
0 56 0 120
0 60 89 120
0 60 0 120
0 56 103 120
0 56 0 120
0 55 108 0
0 68 93 480
0 56 83 0
0 60 83 0
0 63 83 0
0 63 0 480
0 56 0 0
0 60 0 0
0 68 0 0
0 80 93 0
0 75 83 0
0 68 83 0
0 72 83 0
0 72 0 480
0 75 0 0
0 68 0 0
0 80 0 0
0 92 91 0
0 87 81 0
0 84 81 0
0 80 81 0
0 80 0 480
0 87 0 0
0 55 0 0
0 92 0 0
0 84 0 0
0 54 108 0
0 68 93 480
0 56 83 0
0 60 83 0
0 63 83 0
0 63 0 480
0 56 0 0
0 60 0 0
0 68 0 0
0 80 93 0
0 75 83 0
0 68 83 0
0 72 83 0
0 72 0 480
0 75 0 0
0 68 0 0
0 80 0 0
0 92 91 0
0 87 81 0
0 84 81 0
0 80 81 0
0 80 0 480
0 87 0 0
0 54 0 0
0 92 0 0
0 84 0 0
0 53 111 0
0 68 93 480
0 56 83 0
0 59 83 0
0 63 83 0
0 63 0 480
0 56 0 0
0 59 0 0
0 68 0 0
0 80 93 0
0 75 83 0
0 68 83 0
0 71 83 0
0 71 0 480
0 75 0 0
0 68 0 0
0 80 0 0
0 92 91 0
0 87 81 0
0 83 81 0
0 80 81 0
0 80 0 480
0 87 0 0
0 53 0 0
0 92 0 0
0 83 0 0
0 52 111 0
0 57 83 480
0 69 93 0
0 55 83 0
0 61 83 0
0 67 93 0
0 67 0 480
0 57 0 0
0 69 0 0
0 55 0 0
0 61 0 0
0 67 83 0
0 81 93 0
0 79 93 0
0 69 83 0
0 73 83 0
0 73 0 480
0 67 0 0
0 81 0 0
0 79 0 0
0 69 0 0
0 81 78 0
0 93 86 0
0 91 86 0
0 85 78 0
0 79 78 0
0 79 0 240
0 81 0 0
0 93 0 0
0 91 0 0
0 85 0 0
0 81 88 0
0 81 0 80
0 83 88 0
0 83 0 80
0 81 88 0
0 81 0 80
0 52 0 0
0 78 97 0
0 81 97 240
0 81 0 240
0 78 0 0
0 81 90 0
0 86 101 0
0 78 90 0
0 78 0 120
0 86 0 0
0 81 0 0
0 81 83 120
0 90 93 0
0 78 83 0
0 78 0 120
0 90 0 0
0 81 0 0
0 81 75 120
0 88 102 0
0 78 75 0
0 88 0 240
0 86 93 0
0 86 0 240
0 78 0 0
0 81 0 0
0 74 89 0
0 78 93 0
0 78 0 120
0 74 0 0
0 74 81 120
0 81 90 0
0 78 81 0
0 78 0 120
0 81 0 0
0 74 0 0
0 74 85 120
0 83 95 0
0 81 85 0
0 78 85 0
0 78 0 240
0 74 0 0
0 83 0 0
0 81 0 0
0 74 77 240
0 83 86 0
0 81 77 0
0 78 77 0
0 78 0 240
0 74 0 0
0 83 0 0
0 81 0 0
0 74 77 120
0 83 86 0
0 81 77 0
0 78 77 0
0 78 0 120
0 74 0 0
0 83 0 0
0 81 0 0
0 74 77 0
0 83 86 0
0 81 86 0
0 78 77 0
0 78 0 480
0 74 0 0
0 83 0 0
0 81 0 0
0 74 90 0
0 78 90 0
0 78 0 120
0 74 0 0
0 74 90 120
0 80 90 0
0 78 90 0
0 78 0 120
0 80 0 0
0 74 0 0
0 74 87 120
0 78 87 0
0 81 97 0
0 81 0 240
0 83 89 0
0 83 0 240
0 78 0 0
0 74 0 0
0 78 93 0
0 74 93 0
0 74 0 120
0 78 0 0
0 80 90 120
0 78 90 0
0 74 90 0
0 74 0 120
0 78 0 0
0 80 0 0
0 81 97 120
0 74 87 0
0 78 87 0
0 81 0 240
0 83 89 0
0 83 0 240
0 78 0 0
0 74 0 0
0 74 93 0
0 78 93 0
0 78 0 120
0 74 0 0
0 80 93 120
0 74 93 0
0 78 93 0
0 78 0 120
0 74 0 0
0 80 0 0
0 69 87 120
0 74 87 0
0 76 87 0
0 81 97 0
0 81 0 240
0 69 0 0
0 74 0 0
0 76 0 0
0 76 75 240
0 69 75 0
0 73 75 0
0 81 84 0
0 81 0 240
0 76 0 0
0 69 0 0
0 73 0 0
0 69 75 120
0 76 75 0
0 73 75 0
0 81 84 0
0 81 0 120
0 69 0 0
0 76 0 0
0 73 0 0
0 69 75 0
0 76 75 0
0 73 75 0
0 81 84 0
0 81 0 480
0 69 0 0
0 76 0 0
0 73 0 0
0 85 89 240
0 85 0 80
0 86 89 0
0 86 0 80
0 85 89 0
0 85 0 80
0 83 96 0
0 86 96 240
0 86 0 240
0 83 0 0
0 86 89 0
0 91 99 0
0 83 89 0
0 83 0 120
0 91 0 0
0 86 0 0
0 86 81 120
0 95 91 0
0 83 81 0
0 83 0 120
0 95 0 0
0 86 0 0
0 93 97 120
0 83 76 0
0 93 0 240
0 91 86 0
0 91 0 240
0 83 0 0
0 83 86 0
0 79 76 0
0 79 0 120
0 83 0 0
0 83 76 120
0 86 86 0
0 79 76 0
0 79 0 120
0 86 0 0
0 83 0 0
0 90 90 120
0 86 80 0
0 83 80 0
0 79 80 0
0 79 0 240
0 90 0 0
0 86 0 0
0 83 0 0
0 90 80 240
0 86 72 0
0 83 72 0
0 79 72 0
0 79 0 240
0 90 0 0
0 86 0 0
0 83 0 0
0 90 80 120
0 86 72 0
0 83 72 0
0 79 72 0
0 79 0 120
0 90 0 0
0 86 0 0
0 83 0 0
0 90 80 0
0 86 72 0
0 83 72 0
0 79 72 0
0 79 0 480
0 90 0 0
0 86 0 0
0 83 0 0
0 83 86 0
0 79 86 0
0 79 0 120
0 83 0 0
0 85 86 120
0 83 86 0
0 79 86 0
0 79 0 120
0 83 0 0
0 85 0 0
0 86 96 120
0 79 86 0
0 83 86 0
0 86 0 240
0 88 86 0
0 88 0 240
0 83 0 0
0 79 0 0
0 83 91 0
0 79 91 0
0 79 0 120
0 83 0 0
0 85 89 120
0 83 89 0
0 79 89 0
0 79 0 120
0 83 0 0
0 85 0 0
0 86 96 120
0 83 86 0
0 79 86 0
0 86 0 240
0 88 89 0
0 88 0 240
0 79 0 0
0 83 0 0
0 83 91 0
0 79 91 0
0 79 0 120
0 83 0 0
0 85 91 120
0 83 91 0
0 79 91 0
0 79 0 120
0 83 0 0
0 85 0 0
0 74 84 120
0 86 94 0
0 81 84 0
0 79 84 0
0 79 0 240
0 74 0 0
0 86 0 0
0 81 0 0
0 81 73 240
0 74 73 0
0 86 81 0
0 78 73 0
0 78 0 240
0 81 0 0
0 74 0 0
0 86 0 0
0 81 73 120
0 74 73 0
0 86 81 0
0 78 73 0
0 78 0 120
0 81 0 0
0 74 0 0
0 86 0 0
0 81 73 0
0 74 73 0
0 86 81 0
0 78 73 0
0 78 0 240
0 81 0 0
0 74 0 0
0 86 0 0
0 71 44 1920
0 59 30 0
0 62 30 0
0 71 0 240
0 69 46 0
0 69 0 480
0 67 42 0
0 67 0 240
0 62 0 0
0 59 0 0
0 59 30 0
0 62 30 0
0 66 44 0
0 66 0 960
0 62 0 0
0 59 0 0
0 69 44 0
0 57 30 0
0 60 30 0
0 69 0 240
0 67 46 0
0 67 0 480
0 66 40 0
0 66 0 240
0 60 0 0
0 57 0 0
0 57 30 0
0 60 30 0
0 64 44 0
0 64 0 960
0 60 0 0
0 57 0 0
0 67 45 0
0 55 31 0
0 59 31 0
0 67 0 240
0 66 46 0
0 66 0 480
0 64 40 0
0 64 0 240
0 59 0 0
0 55 0 0
0 55 34 0
0 62 31 0
0 67 46 0
0 67 0 960
0 62 0 0
0 55 0 0
0 66 45 0
0 55 44 0
0 61 44 0
0 66 0 240
0 64 46 0
0 64 0 480
0 66 42 0
0 66 0 240
0 61 0 0
0 55 0 0
0 54 44 0
0 62 44 0
0 62 0 960
0 54 0 0
0 64 40 0
0 71 40 0
0 76 56 0
0 76 0 240
0 74 55 0
0 74 0 480
0 72 44 0
0 72 0 240
0 71 0 0
0 64 0 0
0 64 40 0
0 67 40 0
0 71 45 0
0 71 0 960
0 67 0 0
0 64 0 0
0 62 36 0
0 69 36 0
0 74 51 0
0 74 0 240
0 72 55 0
0 72 0 480
0 71 44 0
0 71 0 240
0 69 0 0
0 62 0 0
0 62 38 0
0 66 38 0
0 69 45 0
0 69 0 960
0 66 0 0
0 62 0 0
0 60 36 0
0 67 36 0
0 72 52 0
0 72 0 240
0 71 55 0
0 71 0 480
0 69 47 0
0 69 0 240
0 67 0 0
0 60 0 0
0 78 61 0
0 67 35 0
0 72 35 0
0 78 0 600
0 81 55 0
0 81 0 120
0 79 44 0
0 79 0 80
0 76 44 0
0 76 0 80
0 72 44 0
0 72 0 80
0 72 0 0
0 67 0 0
0 60 37 0
0 66 37 0
0 71 46 0
0 71 0 240
0 69 48 0
0 69 0 480
0 71 39 0
0 71 0 240
0 66 0 0
0 60 0 0
0 60 40 0
0 67 30 0
0 60 0 240
0 59 37 0
0 59 0 420
0 71 27 180
0 75 27 60
0 67 0 60
0 83 42 0
0 83 0 240
0 82 45 0
0 82 0 480
0 80 40 0
0 80 0 120
0 71 27 0
0 75 27 60
0 75 0 60
0 71 0 0
0 82 44 0
0 82 0 840
0 71 27 0
0 75 27 60
0 71 0 60
0 75 0 0
0 82 42 0
0 82 0 240
0 80 45 0
0 80 0 480
0 78 40 0
0 78 0 120
0 71 27 0
0 75 27 60
0 71 0 60
0 75 0 0
0 80 42 0
0 80 0 960
0 71 0 0
0 75 0 0
0 72 29 0
0 80 42 0
0 80 0 240
0 79 47 0
0 79 0 480
0 78 42 0
0 78 0 240
0 72 0 0
0 73 37 0
0 77 50 0
0 73 0 240
0 72 39 0
0 77 0 240
0 76 44 0
0 72 0 240
0 71 35 0
0 71 0 240
0 76 0 0
0 70 31 0
0 75 38 0
0 75 0 240
0 73 42 0
0 73 0 480
0 75 42 0
0 75 0 240
0 70 0 0
0 66 30 0
0 71 30 0
0 71 0 660
0 66 0 0
0 67 23 180
0 71 23 60
0 79 37 0
0 79 0 240
0 78 39 0
0 78 0 480
0 76 36 0
0 76 0 120
0 67 23 0
0 71 23 60
0 71 0 60
0 67 0 0
0 78 38 0
0 78 0 840
0 67 23 0
0 71 23 60
0 67 0 60
0 71 0 0
0 78 37 0
0 78 0 240
0 76 39 0
0 76 0 480
0 74 36 0
0 74 0 120
0 67 23 0
0 71 23 60
0 67 0 60
0 71 0 0
0 76 38 0
0 76 0 960
0 67 0 0
0 71 0 0
0 68 27 0
0 76 39 0
0 76 0 240
0 75 45 0
0 75 0 480
0 74 39 0
0 74 0 240
0 68 0 0
0 69 35 0
0 73 47 0
0 69 0 240
0 68 37 0
0 73 0 240
0 72 40 0
0 68 0 240
0 67 31 0
0 67 0 240
0 72 0 0
0 66 29 0
0 71 36 0
0 71 0 240
0 69 39 0
0 69 0 480
0 66 39 0
0 66 0 240
0 66 0 0
0 62 28 0
0 62 0 960
0 71 35 0
0 59 26 0
0 62 26 0
0 71 0 240
0 69 36 0
0 69 0 480
0 67 34 0
0 67 0 240
0 62 0 0
0 59 0 0
0 59 26 0
0 62 26 0
0 66 36 0
0 66 0 960
0 62 0 0
0 59 0 0
0 69 36 0
0 57 26 0
0 60 26 0
0 69 0 240
0 67 38 0
0 67 0 480
0 66 35 0
0 66 0 240
0 60 0 0
0 57 0 0
0 57 26 0
0 60 26 0
0 64 36 0
0 64 0 960
0 60 0 0
0 57 0 0
0 67 37 0
0 55 27 0
0 59 27 0
0 67 0 240
0 66 38 0
0 66 0 480
0 64 35 0
0 64 0 240
0 59 0 0
0 55 0 0
0 55 27 0
0 62 27 0
0 67 27 0
0 67 0 960
0 62 0 0
0 55 0 0
0 66 37 0
0 55 36 0
0 61 36 0
0 66 0 240
0 64 38 0
0 64 0 480
0 66 35 0
0 66 0 240
0 61 0 0
0 55 0 0
0 54 36 0
0 62 36 0
0 62 0 960
0 54 0 0
0 64 35 0
0 71 35 0
0 76 47 0
0 76 0 240
0 74 46 0
0 74 0 480
0 72 36 0
0 72 0 240
0 71 0 0
0 64 0 0
0 64 35 0
0 67 35 0
0 71 38 0
0 71 0 960
0 67 0 0
0 64 0 0
0 62 29 0
0 69 29 0
0 74 42 0
0 74 0 240
0 72 46 0
0 72 0 480
0 71 36 0
0 71 0 240
0 69 0 0
0 62 0 0
0 62 31 0
0 66 31 0
0 69 38 0
0 69 0 960
0 66 0 0
0 62 0 0
0 60 29 0
0 67 29 0
0 72 44 0
0 72 0 240
0 71 46 0
0 71 0 480
0 69 39 0
0 69 0 240
0 67 0 0
0 60 0 0
0 78 51 0
0 67 28 0
0 72 28 0
0 78 0 600
0 81 46 0
0 81 0 120
0 79 36 0
0 79 0 80
0 76 36 0
0 76 0 80
0 72 36 0
0 72 0 80
0 72 0 0
0 67 0 0
0 60 30 0
0 66 30 0
0 71 38 0
0 71 0 240
0 69 40 0
0 69 0 480
0 71 34 0
0 71 0 240
0 66 0 0
0 60 0 0
0 60 35 0
0 67 26 0
0 60 0 240
0 59 30 0
0 59 0 480
0 71 27 120
0 75 27 60
0 67 0 60
0 83 42 0
0 83 0 240
0 82 45 0
0 82 0 480
0 80 40 0
0 80 0 120
0 71 27 0
0 75 27 60
0 75 0 60
0 71 0 0
0 82 42 0
0 82 0 840
0 71 27 0
0 75 27 60
0 71 0 60
0 75 0 0
0 82 42 0
0 82 0 240
0 80 45 0
0 80 0 480
0 78 40 0
0 78 0 120
0 71 27 0
0 75 27 60
0 71 0 60
0 75 0 0
0 80 42 0
0 80 0 960
0 71 0 0
0 75 0 0
0 72 29 0
0 80 42 0
0 80 0 240
0 79 47 0
0 79 0 480
0 78 42 0
0 78 0 240
0 72 0 0
0 73 37 0
0 77 50 0
0 73 0 240
0 72 39 0
0 77 0 240
0 76 44 0
0 72 0 240
0 71 35 0
0 71 0 240
0 76 0 0
0 70 31 0
0 75 38 0
0 75 0 240
0 73 42 0
0 73 0 480
0 75 42 0
0 75 0 240
0 70 0 0
0 66 30 0
0 71 30 0
0 71 0 660
0 66 0 0
0 67 23 180
0 71 23 60
0 79 37 0
0 79 0 240
0 78 39 0
0 78 0 480
0 76 36 0
0 76 0 120
0 67 23 0
0 71 23 60
0 71 0 60
0 67 0 0
0 78 38 0
0 78 0 840
0 67 23 0
0 71 23 60
0 67 0 60
0 71 0 0
0 78 37 0
0 78 0 240
0 76 39 0
0 76 0 480
0 74 36 0
0 74 0 120
0 67 23 0
0 71 23 60
0 67 0 60
0 71 0 0
0 76 38 0
0 76 0 960
0 67 0 0
0 71 0 0
0 68 27 0
0 76 39 0
0 76 0 240
0 75 45 0
0 75 0 480
0 74 39 0
0 74 0 240
0 68 0 0
0 69 35 0
0 73 47 0
0 69 0 240
0 68 37 0
0 73 0 240
0 72 40 0
0 68 0 240
0 67 31 0
0 67 0 240
0 72 0 0
0 66 29 0
0 71 36 0
0 71 0 240
0 69 39 0
0 69 0 480
0 66 39 0
0 66 0 240
0 66 0 0
0 62 28 0
0 62 0 960
0 71 35 0
0 59 26 0
0 62 26 0
0 71 0 240
0 69 36 0
0 69 0 480
0 67 34 0
0 67 0 240
0 62 0 0
0 59 0 0
0 59 26 0
0 62 26 0
0 66 36 0
0 66 0 960
0 62 0 0
0 59 0 0
0 69 36 0
0 57 26 0
0 60 26 0
0 69 0 240
0 67 38 0
0 67 0 480
0 66 35 0
0 66 0 240
0 60 0 0
0 57 0 0
0 57 26 0
0 60 26 0
0 64 37 0
0 64 0 960
0 60 0 0
0 57 0 0
0 67 37 0
0 55 27 0
0 59 27 0
0 67 0 240
0 66 38 0
0 66 0 480
0 64 35 0
0 64 0 240
0 59 0 0
0 55 0 0
0 55 27 0
0 62 27 0
0 67 27 0
0 67 0 960
0 62 0 0
0 55 0 0
0 66 37 0
0 55 36 0
0 61 36 0
0 66 0 240
0 64 38 0
0 64 0 480
0 66 35 0
0 66 0 240
0 61 0 0
0 55 0 0
0 54 36 0
0 62 36 0
0 62 0 960
0 54 0 0
0 64 35 0
0 71 35 0
0 76 47 0
0 76 0 240
0 74 46 0
0 74 0 480
0 72 36 0
0 72 0 240
0 71 0 0
0 64 0 0
0 64 35 0
0 67 35 0
0 71 38 0
0 71 0 960
0 67 0 0
0 64 0 0
0 62 29 0
0 69 29 0
0 74 42 0
0 74 0 240
0 72 46 0
0 72 0 480
0 71 36 0
0 71 0 240
0 69 0 0
0 62 0 0
0 62 31 0
0 66 31 0
0 69 38 0
0 69 0 960
0 66 0 0
0 62 0 0
0 60 29 0
0 67 29 0
0 72 44 0
0 72 0 240
0 71 46 0
0 71 0 480
0 69 39 0
0 69 0 240
0 67 0 0
0 60 0 0
0 78 51 0
0 67 28 0
0 72 28 0
0 78 0 600
0 81 46 0
0 81 0 120
0 79 36 0
0 79 0 80
0 76 36 0
0 76 0 80
0 72 36 0
0 72 0 80
0 72 0 0
0 67 0 0
0 60 30 0
0 66 30 0
0 71 38 0
0 71 0 240
0 69 40 0
0 69 0 480
0 71 34 0
0 71 0 240
0 66 0 0
0 60 0 0
0 60 35 0
0 67 26 0
0 60 0 240
0 59 30 0
0 59 0 480
0 67 0 240
0 50 31 480
0 57 31 0
0 57 0 240
0 50 0 0
0 50 31 0
0 57 31 0
0 57 0 240
0 50 0 0
0 50 36 0
0 57 36 0
0 57 0 240
0 50 0 0
0 50 31 1200
0 57 31 0
0 57 0 240
0 50 0 0
0 50 31 0
0 57 31 0
0 57 0 240
0 50 0 0
0 50 35 0
0 57 35 0
0 57 0 240
0 50 0 0
0 69 39 480
0 69 0 80
0 71 39 0
0 71 0 80
0 69 41 0
0 69 0 80
0 66 44 0
0 69 44 240
0 69 0 240
0 66 0 0
0 74 45 0
0 66 42 0
0 66 0 60
0 74 0 0
0 78 42 180
0 66 45 0
0 66 0 60
0 78 0 0
0 76 45 180
0 66 37 0
0 76 0 240
0 74 42 0
0 74 0 240
0 66 0 0
0 66 42 0
0 66 0 60
0 69 41 180
0 66 41 0
0 66 0 60
0 69 0 0
0 71 45 180
0 69 45 0
0 66 45 0
0 66 0 240
0 69 0 0
0 71 0 0
0 71 41 240
0 69 41 0
0 66 41 0
0 66 0 240
0 69 0 0
0 71 0 0
0 71 41 120
0 69 41 0
0 66 41 0
0 66 0 120
0 69 0 0
0 71 0 0
0 71 41 0
0 69 41 0
0 66 41 0
0 66 0 480
0 69 0 0
0 71 0 0
0 62 42 0
0 66 42 0
0 66 0 60
0 62 0 0
0 62 42 180
0 68 42 0
0 66 42 0
0 66 0 60
0 68 0 0
0 62 0 0
0 62 45 180
0 66 45 0
0 69 45 0
0 69 0 240
0 71 42 0
0 71 0 240
0 66 0 0
0 62 0 0
0 66 44 0
0 62 44 0
0 62 0 60
0 66 0 0
0 68 44 180
0 66 44 0
0 62 44 0
0 62 0 60
0 66 0 0
0 68 0 0
0 69 45 180
0 62 45 0
0 66 45 0
0 69 0 240
0 71 42 0
0 71 0 240
0 66 0 0
0 62 0 0
0 62 44 0
0 66 44 0
0 66 0 60
0 62 0 0
0 68 44 180
0 62 44 0
0 66 44 0
0 66 0 60
0 62 0 0
0 68 0 0
0 62 47 180
0 64 47 0
0 69 47 0
0 69 0 240
0 64 0 0
0 62 0 0
0 61 42 240
0 69 42 0
0 69 0 240
0 61 0 0
0 61 42 120
0 69 42 0
0 69 0 120
0 61 0 0
0 61 42 0
0 69 42 0
0 69 0 240
0 61 0 0
0 73 44 480
0 73 0 80
0 74 44 0
0 74 0 80
0 73 44 0
0 73 0 80
0 71 47 0
0 74 47 240
0 74 0 240
0 71 0 0
0 79 49 0
0 71 49 0
0 71 0 60
0 79 0 0
0 83 45 180
0 71 45 0
0 71 0 60
0 83 0 0
0 81 48 180
0 71 41 0
0 81 0 240
0 79 42 0
0 79 0 240
0 71 0 0
0 71 42 0
0 67 42 0
0 67 0 60
0 71 0 0
0 71 42 180
0 74 42 0
0 67 42 0
0 67 0 60
0 74 0 0
0 71 0 0
0 78 46 180
0 74 46 0
0 71 46 0
0 67 46 0
0 67 0 240
0 78 0 0
0 74 0 0
0 71 0 0
0 78 42 240
0 74 42 0
0 71 42 0
0 67 42 0
0 67 0 240
0 78 0 0
0 74 0 0
0 71 0 0
0 78 42 120
0 74 42 0
0 71 42 0
0 67 42 0
0 67 0 120
0 78 0 0
0 74 0 0
0 71 0 0
0 78 42 0
0 74 42 0
0 71 42 0
0 67 42 0
0 67 0 480
0 78 0 0
0 74 0 0
0 71 0 0
0 71 42 0
0 67 42 0
0 67 0 60
0 71 0 0
0 73 42 180
0 71 42 0
0 67 42 0
0 67 0 60
0 71 0 0
0 73 0 0
0 74 46 180
0 67 46 0
0 71 46 0
0 74 0 240
0 76 42 0
0 76 0 240
0 71 0 0
0 67 0 0
0 71 45 0
0 67 45 0
0 67 0 60
0 71 0 0
0 73 45 180
0 71 45 0
0 67 45 0
0 67 0 60
0 71 0 0
0 73 0 0
0 74 47 180
0 71 47 0
0 67 47 0
0 74 0 240
0 76 44 0
0 76 0 240
0 67 0 0
0 71 0 0
0 71 45 0
0 67 45 0
0 67 0 60
0 71 0 0
0 73 45 180
0 71 45 0
0 67 45 0
0 67 0 60
0 71 0 0
0 73 0 0
0 74 49 180
0 69 49 0
0 67 49 0
0 67 0 240
0 69 0 0
0 74 0 0
0 74 45 240
0 66 45 0
0 66 0 240
0 74 0 0
0 74 45 120
0 66 45 0
0 66 0 120
0 74 0 0
0 74 45 0
0 66 45 0
0 66 0 240
0 74 0 0
0 62 27 480
0 69 27 0
0 69 0 240
0 62 0 0
0 62 27 0
0 69 27 0
0 69 0 240
0 62 0 0
0 62 33 0
0 69 33 0
0 69 0 240
0 62 0 0
0 62 27 1200
0 69 27 0
0 69 0 240
0 62 0 0
0 62 27 0
0 69 27 0
0 69 0 240
0 62 0 0
0 62 31 0
0 69 31 0
0 69 0 240
0 62 0 0
0 81 35 480
0 81 0 80
0 83 35 0
0 83 0 80
0 81 36 0
0 81 0 80
0 78 39 0
0 81 39 240
0 81 0 240
0 78 0 0
0 86 39 0
0 78 39 0
0 78 0 60
0 86 0 0
0 90 37 180
0 78 37 0
0 78 0 60
0 90 0 0
0 88 41 180
0 78 33 0
0 88 0 240
0 86 37 0
0 86 0 240
0 78 0 0
0 78 37 0
0 78 0 60
0 81 36 180
0 78 36 0
0 78 0 60
0 81 0 0
0 83 39 180
0 81 39 0
0 78 39 0
0 78 0 240
0 81 0 0
0 83 0 0
0 83 37 240
0 81 37 0
0 78 37 0
0 78 0 240
0 81 0 0
0 83 0 0
0 83 37 120
0 81 37 0
0 78 37 0
0 78 0 120
0 81 0 0
0 83 0 0
0 83 37 0
0 81 37 0
0 78 37 0
0 78 0 480
0 81 0 0
0 83 0 0
0 74 38 0
0 78 38 0
0 78 0 60
0 74 0 0
0 74 38 180
0 80 38 0
0 78 38 0
0 78 0 60
0 80 0 0
0 74 0 0
0 74 41 180
0 78 41 0
0 81 41 0
0 81 0 240
0 83 37 0
0 83 0 240
0 78 0 0
0 74 0 0
0 78 39 0
0 74 39 0
0 74 0 60
0 78 0 0
0 80 38 180
0 78 38 0
0 74 38 0
0 74 0 60
0 78 0 0
0 80 0 0
0 81 41 180
0 74 41 0
0 78 41 0
0 81 0 240
0 83 37 0
0 83 0 240
0 78 0 0
0 74 0 0
0 74 39 0
0 78 39 0
0 78 0 60
0 74 0 0
0 80 39 180
0 74 39 0
0 78 39 0
0 78 0 60
0 74 0 0
0 80 0 0
0 74 41 180
0 76 41 0
0 81 41 0
0 81 0 240
0 76 0 0
0 74 0 0
0 73 38 240
0 81 38 0
0 81 0 240
0 73 0 0
0 73 38 120
0 81 38 0
0 81 0 120
0 73 0 0
0 73 38 0
0 81 38 0
0 81 0 240
0 73 0 0
0 85 39 480
0 85 0 80
0 86 39 0
0 86 0 80
0 85 39 0
0 85 0 80
0 83 42 0
0 86 42 240
0 86 0 240
0 83 0 0
0 91 44 0
0 83 44 0
0 83 0 60
0 91 0 0
0 95 39 180
0 83 39 0
0 83 0 60
0 95 0 0
0 93 42 180
0 83 37 0
0 93 0 240
0 91 38 0
0 91 0 240
0 83 0 0
0 83 38 0
0 79 38 0
0 79 0 60
0 83 0 0
0 83 38 180
0 86 38 0
0 79 38 0
0 79 0 60
0 86 0 0
0 83 0 0
0 90 42 180
0 86 42 0
0 83 42 0
0 79 42 0
0 79 0 240
0 90 0 0
0 86 0 0
0 83 0 0
0 90 37 240
0 86 37 0
0 83 37 0
0 79 37 0
0 79 0 240
0 90 0 0
0 86 0 0
0 83 0 0
0 90 37 120
0 86 37 0
0 83 37 0
0 79 37 0
0 79 0 120
0 90 0 0
0 86 0 0
0 83 0 0
0 90 37 0
0 86 37 0
0 83 37 0
0 79 37 0
0 79 0 480
0 90 0 0
0 86 0 0
0 83 0 0
0 83 38 0
0 79 38 0
0 79 0 60
0 83 0 0
0 85 38 180
0 83 38 0
0 79 38 0
0 79 0 60
0 83 0 0
0 85 0 0
0 86 42 180
0 79 42 0
0 83 42 0
0 86 0 240
0 88 38 0
0 88 0 240
0 83 0 0
0 79 0 0
0 83 39 0
0 79 39 0
0 79 0 60
0 83 0 0
0 85 39 180
0 83 39 0
0 79 39 0
0 79 0 60
0 83 0 0
0 85 0 0
0 86 42 180
0 83 42 0
0 79 42 0
0 86 0 240
0 88 39 0
0 88 0 240
0 79 0 0
0 83 0 0
0 83 39 0
0 79 39 0
0 79 0 60
0 83 0 0
0 85 39 180
0 83 39 0
0 79 39 0
0 79 0 60
0 83 0 0
0 85 0 0
0 86 44 180
0 81 44 0
0 79 44 0
0 79 0 240
0 81 0 0
0 86 0 0
0 86 39 240
0 78 39 0
0 78 0 240
0 86 0 0
0 86 39 120
0 78 39 0
0 78 0 120
0 86 0 0
0 86 39 0
0 78 39 0
0 78 0 240
0 86 0 0
0 61 75 1920
0 64 75 0
0 61 0 120
0 59 68 0
0 59 0 120
0 61 68 0
0 61 0 120
0 57 68 0
0 57 0 60
0 64 0 60
0 62 68 0
0 66 71 0
0 62 0 120
0 59 68 120
0 59 0 120
0 66 0 120
0 61 75 0
0 64 75 0
0 61 0 120
0 59 69 0
0 59 0 120
0 61 69 0
0 61 0 120
0 57 69 0
0 57 0 60
0 64 0 60
0 62 68 0
0 66 71 0
0 62 0 120
0 59 68 120
0 59 0 120
0 66 0 120
0 74 56 240
0 78 56 0
0 68 56 0
0 78 0 80
0 80 56 0
0 80 0 80
0 78 56 0
0 78 0 80
0 68 0 0
0 74 0 0
0 76 60 0
0 73 60 0
0 69 60 0
0 69 0 120
0 73 0 0
0 76 0 0
0 73 59 120
0 76 59 0
0 69 59 0
0 69 0 120
0 76 0 0
0 73 0 0
0 76 59 120
0 73 59 0
0 69 59 0
0 69 0 960
0 73 0 0
0 76 0 0
0 60 52 0
0 64 52 0
0 64 0 480
0 60 0 0
0 68 48 0
0 72 48 0
0 76 48 0
0 76 0 240
0 72 0 0
0 68 0 0
0 68 47 0
0 72 47 0
0 76 47 0
0 76 0 240
0 72 0 0
0 68 0 0
0 68 46 0
0 72 46 0
0 76 46 0
0 76 0 480
0 72 0 0
0 68 0 0
0 72 34 0
0 76 34 0
0 76 0 120
0 72 0 0
0 76 34 120
0 72 34 0
0 77 34 0
0 77 0 120
0 72 0 0
0 76 0 0
0 72 37 120
0 76 37 0
0 79 37 0
0 79 0 240
0 81 34 0
0 81 0 240
0 76 0 0
0 72 0 0
0 72 34 0
0 76 34 0
0 76 0 120
0 72 0 0
0 72 34 120
0 76 34 0
0 77 34 0
0 77 0 120
0 76 0 0
0 72 0 0
0 71 38 120
0 77 38 0
0 79 38 0
0 79 0 240
0 81 34 0
0 81 0 240
0 77 0 0
0 71 0 0
0 67 34 0
0 71 34 0
0 76 34 0
0 76 0 120
0 71 0 0
0 67 0 0
0 67 34 120
0 71 34 0
0 74 34 0
0 74 0 120
0 71 0 0
0 67 0 0
0 74 35 0
0 74 0 60
0 76 35 0
0 76 0 60
0 64 39 0
0 74 39 0
0 74 0 240
0 72 34 0
0 72 0 240
0 64 0 0
0 64 34 0
0 72 34 0
0 72 0 120
0 64 0 0
0 64 34 120
0 72 34 0
0 72 0 120
0 64 0 0
0 64 39 120
0 72 39 0
0 72 0 360
0 64 0 0
0 64 75 600
0 67 75 0
0 64 0 120
0 62 68 0
0 62 0 120
0 64 68 0
0 64 0 120
0 60 68 0
0 60 0 60
0 67 0 60
0 65 68 0
0 69 71 0
0 65 0 120
0 62 68 120
0 62 0 120
0 69 0 120
0 64 75 0
0 67 75 0
0 64 0 120
0 62 69 0
0 62 0 120
0 64 69 0
0 64 0 120
0 60 69 0
0 60 0 60
0 67 0 60
0 65 68 0
0 69 71 0
0 65 0 120
0 62 68 120
0 62 0 120
0 69 0 120
0 77 56 240
0 81 56 0
0 71 56 0
0 81 0 80
0 83 56 0
0 83 0 80
0 81 56 0
0 81 0 80
0 71 0 0
0 77 0 0
0 79 60 0
0 76 60 0
0 72 60 0
0 72 0 120
0 76 0 0
0 79 0 0
0 76 59 120
0 79 59 0
0 72 59 0
0 72 0 120
0 79 0 0
0 76 0 0
0 79 59 120
0 76 59 0
0 72 59 0
0 72 0 960
0 76 0 0
0 79 0 0
0 63 52 0
0 67 52 0
0 67 0 480
0 63 0 0
0 71 48 0
0 75 48 0
0 79 48 0
0 79 0 240
0 75 0 0
0 71 0 0
0 71 47 0
0 75 47 0
0 79 47 0
0 79 0 240
0 75 0 0
0 71 0 0
0 71 46 0
0 75 46 0
0 79 46 0
0 79 0 480
0 75 0 0
0 71 0 0
0 75 34 0
0 79 34 0
0 79 0 60
0 75 0 0
0 79 34 180
0 75 34 0
0 80 34 0
0 80 0 60
0 75 0 0
0 79 0 0
0 75 37 180
0 79 37 0
0 82 37 0
0 82 0 240
0 84 34 0
0 84 0 240
0 79 0 0
0 75 0 0
0 75 34 0
0 79 34 0
0 79 0 60
0 75 0 0
0 75 34 180
0 79 34 0
0 80 34 0
0 80 0 60
0 79 0 0
0 75 0 0
0 74 38 180
0 80 38 0
0 82 38 0
0 82 0 240
0 84 34 0
0 84 0 240
0 80 0 0
0 74 0 0
0 70 34 0
0 74 34 0
0 79 34 0
0 79 0 120
0 74 0 0
0 70 0 0
0 70 34 120
0 74 34 0
0 77 34 0
0 77 0 120
0 74 0 0
0 70 0 0
0 77 35 0
0 77 0 60
0 79 35 0
0 79 0 60
0 67 39 0
0 77 39 0
0 77 0 240
0 75 34 0
0 75 0 240
0 67 0 0
0 67 34 0
0 75 34 0
0 75 0 120
0 67 0 0
0 67 34 120
0 75 34 0
0 75 0 120
0 67 0 0
0 67 39 120
0 75 39 0
0 75 0 480
0 67 0 0
0 55 25 120
0 61 28 0
0 61 0 120
0 55 0 0
0 63 29 120
0 61 25 0
0 55 25 0
0 55 0 120
0 61 0 0
0 63 0 0
0 55 25 120
0 58 25 0
0 65 34 0
0 65 0 120
0 58 0 0
0 55 0 0
0 55 26 120
0 61 26 0
0 67 33 0
0 67 0 120
0 61 0 0
0 55 0 0
0 55 27 120
0 61 31 0
0 61 0 120
0 55 0 0
0 63 31 120
0 55 27 0
0 61 27 0
0 61 0 120
0 55 0 0
0 63 0 0
0 55 28 120
0 61 28 0
0 65 36 0
0 65 0 120
0 61 0 0
0 55 0 0
0 55 28 120
0 61 28 0
0 67 33 0
0 67 0 120
0 61 0 0
0 55 0 0
0 55 29 120
0 61 34 0
0 61 0 120
0 55 0 0
0 63 34 120
0 55 30 0
0 61 30 0
0 61 0 120
0 55 0 0
0 63 0 0
0 55 29 120
0 61 29 0
0 65 39 0
0 65 0 120
0 61 0 0
0 55 0 0
0 68 42 120
0 68 0 120
0 55 31 120
0 61 31 0
0 67 38 0
0 67 0 120
0 61 0 0
0 55 0 0
0 63 38 120
0 55 31 0
0 61 31 0
0 61 0 120
0 55 0 0
0 63 0 0
0 55 31 120
0 61 31 0
0 65 39 0
0 65 0 120
0 61 0 0
0 55 0 0
0 55 32 120
0 61 38 0
0 61 0 120
0 55 0 0
0 56 36 120
0 63 36 0
0 63 0 120
0 56 0 0
0 63 35 120
0 65 35 0
0 56 35 0
0 56 0 120
0 65 0 0
0 63 0 0
0 56 30 120
0 63 30 0
0 67 40 0
0 67 0 120
0 63 0 0
0 56 0 0
0 56 31 120
0 63 31 0
0 68 39 0
0 68 0 120
0 63 0 0
0 56 0 0
0 56 31 120
0 63 36 0
0 63 0 120
0 56 0 0
0 63 36 120
0 56 31 0
0 65 31 0
0 65 0 120
0 56 0 0
0 63 0 0
0 56 32 120
0 63 32 0
0 67 41 0
0 67 0 120
0 63 0 0
0 56 0 0
0 56 32 120
0 63 32 0
0 68 39 0
0 68 0 120
0 63 0 0
0 56 0 0
0 56 34 120
0 63 39 0
0 63 0 120
0 56 0 0
0 63 39 120
0 56 35 0
0 65 35 0
0 65 0 120
0 56 0 0
0 63 0 0
0 56 34 120
0 63 34 0
0 67 44 0
0 67 0 120
0 63 0 0
0 56 0 0
0 70 48 120
0 70 0 120
0 56 36 120
0 63 36 0
0 68 44 0
0 68 0 120
0 63 0 0
0 56 0 0
0 63 44 120
0 56 36 0
0 65 36 0
0 65 0 120
0 56 0 0
0 63 0 0
0 56 36 120
0 63 36 0
0 67 45 0
0 67 0 120
0 63 0 0
0 56 0 0
0 56 36 120
0 63 43 0
0 63 0 120
0 56 0 0
0 60 48 120
0 66 48 0
0 66 0 120
0 60 0 0
0 66 44 120
0 68 44 0
0 60 44 0
0 60 0 120
0 68 0 0
0 66 0 0
0 60 47 120
0 66 47 0
0 70 47 0
0 70 0 120
0 66 0 0
0 60 0 0
0 60 37 120
0 66 37 0
0 72 46 0
0 72 0 120
0 66 0 0
0 60 0 0
0 60 48 120
0 66 48 0
0 66 0 120
0 60 0 0
0 66 44 120
0 60 37 0
0 68 37 0
0 68 0 120
0 60 0 0
0 66 0 0
0 60 47 120
0 66 47 0
0 70 47 0
0 70 0 120
0 66 0 0
0 60 0 0
0 60 37 120
0 66 37 0
0 72 45 0
0 72 0 120
0 66 0 0
0 60 0 0
0 60 47 120
0 66 47 0
0 66 0 120
0 60 0 0
0 66 46 120
0 60 46 0
0 68 46 0
0 68 0 120
0 60 0 0
0 66 0 0
0 60 56 120
0 66 56 0
0 70 56 0
0 70 0 120
0 66 0 0
0 60 0 0
0 73 50 120
0 73 0 120
0 60 55 120
0 66 55 0
0 72 55 0
0 72 0 120
0 66 0 0
0 60 0 0
0 68 48 120
0 60 40 0
0 66 40 0
0 66 0 120
0 60 0 0
0 68 0 0
0 60 40 120
0 66 40 0
0 70 50 0
0 70 0 120
0 66 0 0
0 60 0 0
0 60 40 120
0 66 47 0
0 66 0 120
0 60 0 0
0 61 59 120
0 68 59 0
0 68 0 120
0 61 0 0
0 68 52 120
0 70 52 0
0 61 52 0
0 61 0 120
0 70 0 0
0 68 0 0
0 61 57 120
0 68 57 0
0 72 57 0
0 72 0 120
0 68 0 0
0 61 0 0
0 61 55 120
0 68 55 0
0 73 55 0
0 73 0 120
0 68 0 0
0 61 0 0
0 61 59 120
0 68 59 0
0 68 0 120
0 61 0 0
0 68 53 120
0 61 53 0
0 70 53 0
0 70 0 120
0 61 0 0
0 68 0 0
0 61 59 120
0 68 59 0
0 72 59 0
0 72 0 120
0 68 0 0
0 61 0 0
0 61 55 120
0 68 55 0
0 73 55 0
0 73 0 120
0 68 0 0
0 61 0 0
0 61 59 120
0 68 59 0
0 68 0 120
0 61 0 0
0 68 57 120
0 61 57 0
0 70 57 0
0 70 0 120
0 61 0 0
0 68 0 0
0 61 64 120
0 68 64 0
0 72 64 0
0 72 0 120
0 68 0 0
0 61 0 0
0 75 64 120
0 75 0 120
0 61 62 120
0 68 62 0
0 73 62 0
0 73 0 120
0 68 0 0
0 61 0 0
0 70 59 120
0 61 48 0
0 68 48 0
0 68 0 120
0 61 0 0
0 70 0 0
0 61 48 120
0 68 48 0
0 72 61 0
0 72 0 120
0 68 0 0
0 61 0 0
0 61 48 120
0 68 57 0
0 68 0 120
0 61 0 0
0 62 71 120
0 68 71 0
0 68 0 120
0 62 0 0
0 68 63 120
0 62 63 0
0 70 63 0
0 70 0 120
0 62 0 0
0 68 0 0
0 62 70 120
0 68 70 0
0 72 70 0
0 72 0 120
0 68 0 0
0 62 0 0
0 75 75 120
0 75 0 120
0 62 69 120
0 68 69 0
0 74 69 0
0 74 0 120
0 68 0 0
0 62 0 0
0 70 63 120
0 62 52 0
0 68 52 0
0 68 0 120
0 62 0 0
0 70 0 0
0 62 52 120
0 68 52 0
0 72 66 0
0 72 0 120
0 68 0 0
0 62 0 0
0 68 62 120
0 68 0 120
0 74 70 120
0 72 70 0
0 68 70 0
0 68 0 120
0 72 0 0
0 74 0 0
0 68 66 120
0 75 66 0
0 72 66 0
0 72 0 120
0 75 0 0
0 68 0 0
0 77 72 120
0 68 72 0
0 72 72 0
0 72 0 120
0 68 0 0
0 77 0 0
0 80 81 120
0 80 0 120
0 79 80 120
0 68 80 0
0 72 80 0
0 72 0 120
0 68 0 0
0 79 0 0
0 72 72 120
0 75 72 0
0 68 72 0
0 68 0 120
0 75 0 0
0 72 0 0
0 77 80 120
0 68 80 0
0 72 80 0
0 72 0 120
0 68 0 0
0 77 0 0
0 74 66 120
0 74 0 120
0 77 75 120
0 77 0 120
0 79 75 120
0 79 0 120
0 80 81 120
0 80 0 120
0 84 75 120
0 84 0 120
0 80 75 120
0 80 0 120
0 77 75 120
0 77 0 120
0 80 81 120
0 80 0 120
0 77 75 120
0 77 0 120
0 74 75 120
0 74 0 120
0 77 75 120
0 77 0 120
0 74 81 120
0 74 0 120
0 70 75 120
0 70 0 120
0 74 75 120
0 74 0 120
0 70 75 120
0 70 0 120
0 67 81 120
0 67 0 120
0 70 75 120
0 70 0 120
0 67 75 120
0 67 0 120
0 63 75 120
0 63 0 120
0 67 85 120
0 67 0 120
0 63 80 120
0 63 0 120
0 60 80 120
0 60 0 120
0 63 80 120
0 63 0 120
0 60 93 120
0 60 0 120
0 56 86 120
0 56 0 120
0 60 89 120
0 60 0 120
0 56 103 120
0 56 0 120
0 55 108 0
0 68 93 480
0 56 83 0
0 60 83 0
0 63 83 0
0 63 0 480
0 56 0 0
0 60 0 0
0 68 0 0
0 80 93 0
0 75 83 0
0 68 83 0
0 72 83 0
0 72 0 480
0 75 0 0
0 68 0 0
0 80 0 0
0 92 91 0
0 87 81 0
0 84 81 0
0 80 81 0
0 80 0 480
0 87 0 0
0 55 0 0
0 92 0 0
0 84 0 0
0 54 108 0
0 68 93 480
0 56 83 0
0 60 83 0
0 63 83 0
0 63 0 480
0 56 0 0
0 60 0 0
0 68 0 0
0 80 93 0
0 75 83 0
0 68 83 0
0 72 83 0
0 72 0 480
0 75 0 0
0 68 0 0
0 80 0 0
0 92 91 0
0 87 81 0
0 84 81 0
0 80 81 0
0 80 0 480
0 87 0 0
0 54 0 0
0 92 0 0
0 84 0 0
0 53 111 0
0 68 93 480
0 56 83 0
0 59 83 0
0 63 83 0
0 63 0 480
0 56 0 0
0 59 0 0
0 68 0 0
0 80 93 0
0 75 83 0
0 68 83 0
0 71 83 0
0 71 0 480
0 75 0 0
0 68 0 0
0 80 0 0
0 92 91 0
0 87 81 0
0 83 81 0
0 80 81 0
0 80 0 480
0 87 0 0
0 53 0 0
0 92 0 0
0 83 0 0
0 52 111 0
0 57 83 480
0 69 93 0
0 55 83 0
0 61 83 0
0 67 93 0
0 67 0 480
0 57 0 0
0 69 0 0
0 55 0 0
0 61 0 0
0 67 83 0
0 81 93 0
0 79 93 0
0 69 83 0
0 73 83 0
0 73 0 480
0 67 0 0
0 81 0 0
0 79 0 0
0 69 0 0
0 81 78 0
0 93 86 0
0 91 86 0
0 85 78 0
0 79 78 0
0 79 0 240
0 81 0 0
0 93 0 0
0 91 0 0
0 85 0 0
0 81 88 0
0 81 0 80
0 83 88 0
0 83 0 80
0 81 88 0
0 81 0 80
0 52 0 0
0 78 97 0
0 81 97 240
0 81 0 240
0 78 0 0
0 81 90 0
0 86 101 0
0 78 90 0
0 78 0 120
0 86 0 0
0 81 0 0
0 81 83 120
0 90 93 0
0 78 83 0
0 78 0 120
0 90 0 0
0 81 0 0
0 81 75 120
0 88 102 0
0 78 75 0
0 88 0 240
0 86 93 0
0 86 0 240
0 78 0 0
0 81 0 0
0 74 90 0
0 78 93 0
0 78 0 120
0 74 0 0
0 74 81 120
0 81 90 0
0 78 81 0
0 78 0 120
0 81 0 0
0 74 0 0
0 74 85 120
0 83 95 0
0 81 95 0
0 78 85 0
0 78 0 240
0 74 0 0
0 83 0 0
0 81 0 0
0 74 77 240
0 83 86 0
0 81 86 0
0 78 77 0
0 78 0 240
0 74 0 0
0 83 0 0
0 81 0 0
0 74 77 120
0 83 86 0
0 81 86 0
0 78 77 0
0 78 0 120
0 74 0 0
0 83 0 0
0 81 0 0
0 74 77 0
0 83 86 0
0 81 86 0
0 78 77 0
0 78 0 480
0 74 0 0
0 83 0 0
0 81 0 0
0 74 90 0
0 78 90 0
0 78 0 120
0 74 0 0
0 74 90 120
0 80 90 0
0 78 90 0
0 78 0 120
0 80 0 0
0 74 0 0
0 74 87 120
0 78 87 0
0 81 97 0
0 81 0 240
0 83 89 0
0 83 0 240
0 78 0 0
0 74 0 0
0 78 93 0
0 74 93 0
0 74 0 120
0 78 0 0
0 80 90 120
0 78 90 0
0 74 90 0
0 74 0 120
0 78 0 0
0 80 0 0
0 81 97 120
0 74 87 0
0 78 87 0
0 81 0 240
0 83 89 0
0 83 0 240
0 78 0 0
0 74 0 0
0 74 93 0
0 78 93 0
0 78 0 120
0 74 0 0
0 80 93 120
0 74 93 0
0 78 93 0
0 78 0 120
0 74 0 0
0 80 0 0
0 69 87 120
0 74 87 0
0 76 87 0
0 81 97 0
0 81 0 240
0 69 0 0
0 74 0 0
0 76 0 0
0 76 75 240
0 69 75 0
0 73 75 0
0 81 84 0
0 81 0 240
0 76 0 0
0 69 0 0
0 73 0 0
0 69 75 120
0 76 75 0
0 73 75 0
0 81 84 0
0 81 0 120
0 69 0 0
0 76 0 0
0 73 0 0
0 69 75 0
0 76 75 0
0 73 75 0
0 81 84 0
0 81 0 480
0 69 0 0
0 76 0 0
0 73 0 0
0 85 89 240
0 85 0 80
0 86 89 0
0 86 0 80
0 85 89 0
0 85 0 80
0 83 96 0
0 86 96 240
0 86 0 240
0 83 0 0
0 86 89 0
0 91 99 0
0 83 89 0
0 83 0 120
0 91 0 0
0 86 0 0
0 86 81 120
0 95 91 0
0 83 81 0
0 83 0 120
0 95 0 0
0 86 0 0
0 93 97 120
0 83 76 0
0 93 0 240
0 91 86 0
0 91 0 240
0 83 0 0
0 83 86 0
0 79 86 0
0 79 0 120
0 83 0 0
0 83 86 120
0 86 86 0
0 79 76 0
0 79 0 120
0 86 0 0
0 83 0 0
0 90 90 120
0 86 80 0
0 83 80 0
0 79 80 0
0 79 0 240
0 90 0 0
0 86 0 0
0 83 0 0
0 90 80 240
0 86 72 0
0 83 72 0
0 79 72 0
0 79 0 240
0 90 0 0
0 86 0 0
0 83 0 0
0 90 80 120
0 86 72 0
0 83 72 0
0 79 72 0
0 79 0 120
0 90 0 0
0 86 0 0
0 83 0 0
0 90 80 0
0 86 72 0
0 83 72 0
0 79 72 0
0 79 0 480
0 90 0 0
0 86 0 0
0 83 0 0
0 83 86 0
0 79 86 0
0 79 0 120
0 83 0 0
0 85 86 120
0 83 86 0
0 79 86 0
0 79 0 120
0 83 0 0
0 85 0 0
0 86 96 120
0 79 86 0
0 83 86 0
0 86 0 240
0 88 86 0
0 88 0 240
0 83 0 0
0 79 0 0
0 83 91 0
0 79 91 0
0 79 0 120
0 83 0 0
0 85 89 120
0 83 89 0
0 79 89 0
0 79 0 120
0 83 0 0
0 85 0 0
0 86 96 120
0 83 86 0
0 79 86 0
0 86 0 240
0 88 89 0
0 88 0 240
0 79 0 0
0 83 0 0
0 83 91 0
0 79 91 0
0 79 0 120
0 83 0 0
0 85 91 120
0 83 91 0
0 79 91 0
0 79 0 120
0 83 0 0
0 85 0 0
0 74 84 120
0 86 94 0
0 81 84 0
0 79 84 0
0 79 0 240
0 74 0 0
0 86 0 0
0 81 0 0
0 81 73 240
0 74 73 0
0 86 81 0
0 78 73 0
0 78 0 240
0 81 0 0
0 74 0 0
0 86 0 0
0 81 73 120
0 74 73 0
0 86 81 0
0 78 73 0
0 78 0 120
0 81 0 0
0 74 0 0
0 86 0 0
0 81 73 0
0 74 73 0
0 86 81 0
0 78 73 0
0 78 0 240
0 81 0 0
0 74 0 0
0 86 0 0
0 86 71 240
0 86 0 80
0 88 71 0
0 88 0 80
0 86 71 0
0 86 0 80
0 84 72 120
0 78 72 0
0 78 0 120
0 84 0 0
0 88 72 120
0 84 72 0
0 78 72 0
0 78 0 120
0 84 0 0
0 88 0 0
0 86 72 120
0 84 72 0
0 78 72 0
0 78 0 120
0 84 0 0
0 86 0 0
0 90 72 120
0 84 72 0
0 78 72 0
0 78 0 120
0 84 0 0
0 90 0 0
0 84 72 120
0 78 72 0
0 78 0 120
0 84 0 0
0 88 72 120
0 84 72 0
0 78 72 0
0 78 0 120
0 84 0 0
0 88 0 0
0 86 72 120
0 84 72 0
0 78 72 0
0 78 0 120
0 84 0 0
0 86 0 0
0 90 72 120
0 84 72 0
0 78 72 0
0 78 0 120
0 84 0 0
0 90 0 0
0 83 84 0
0 81 84 0
0 86 84 0
0 86 0 240
0 81 0 0
0 83 0 0
0 83 72 240
0 79 72 0
0 86 72 0
0 86 0 240
0 79 0 0
0 83 0 0
0 83 72 120
0 86 72 0
0 79 72 0
0 79 0 120
0 86 0 0
0 83 0 0
0 83 72 0
0 86 72 0
0 79 72 0
0 79 0 480
0 86 0 0
0 83 0 0
0 81 63 233
0 81 0 80
0 83 63 1
0 81 63 78
0 83 0 2
0 81 0 78
0 79 64 121
0 73 64 0
0 73 0 120
0 79 0 0
0 83 64 120
0 79 64 0
0 73 64 0
0 73 0 120
0 79 0 0
0 83 0 0
0 79 64 120
0 81 64 0
0 73 64 0
0 73 0 120
0 81 0 0
0 79 0 0
0 85 64 120
0 79 64 0
0 73 64 0
0 73 0 120
0 79 0 0
0 85 0 0
0 73 63 120
0 79 63 0
0 79 0 120
0 73 0 0
0 83 63 120
0 79 63 0
0 73 63 0
0 73 0 120
0 79 0 0
0 83 0 0
0 73 63 120
0 79 63 0
0 81 63 0
0 81 0 120
0 79 0 0
0 73 0 0
0 79 63 120
0 85 63 0
0 73 63 0
0 73 0 120
0 85 0 0
0 79 0 0
0 81 70 0
0 78 70 0
0 76 70 0
0 76 0 240
0 78 0 0
0 81 0 0
0 81 64 240
0 78 64 0
0 74 64 0
0 74 0 240
0 78 0 0
0 81 0 0
0 81 64 120
0 78 64 0
0 74 64 0
0 74 0 120
0 78 0 0
0 81 0 0
0 81 64 0
0 78 64 0
0 74 64 0
0 74 0 480
0 78 0 0
0 81 0 0
0 74 50 233
0 74 0 80
0 76 50 0
0 76 0 80
0 74 50 0
0 74 0 80
0 72 51 120
0 66 51 0
0 66 0 120
0 72 0 0
0 76 51 120
0 72 51 0
0 66 51 0
0 66 0 120
0 72 0 0
0 76 0 0
0 72 51 120
0 74 51 0
0 66 51 0
0 66 0 120
0 74 0 0
0 72 0 0
0 78 51 120
0 72 51 0
0 66 51 0
0 66 0 120
0 72 0 0
0 78 0 0
0 66 50 120
0 72 50 0
0 72 0 120
0 66 0 0
0 76 50 120
0 72 50 0
0 66 50 0
0 66 0 120
0 72 0 0
0 76 0 0
0 66 50 120
0 72 50 0
0 74 50 0
0 74 0 120
0 72 0 0
0 66 0 0
0 72 50 120
0 78 50 0
0 66 50 0
0 66 0 120
0 78 0 0
0 72 0 0
0 74 60 0
0 71 60 0
0 69 60 0
0 69 0 240
0 71 0 0
0 74 0 0
0 74 51 240
0 71 51 0
0 67 51 0
0 67 0 240
0 71 0 0
0 74 0 0
0 74 51 120
0 71 51 0
0 67 51 0
0 67 0 120
0 71 0 0
0 74 0 0
0 74 51 0
0 71 51 0
0 67 51 0
0 67 0 480
0 71 0 0
0 74 0 0
0 69 47 233
0 69 0 80
0 71 47 1
0 69 47 78
0 71 0 2
0 69 0 78
0 67 47 121
0 61 47 0
0 61 0 120
0 67 0 0
0 71 47 120
0 67 47 0
0 61 47 0
0 61 0 120
0 67 0 0
0 71 0 0
0 67 47 120
0 69 47 0
0 61 47 0
0 61 0 120
0 69 0 0
0 67 0 0
0 73 47 120
0 67 47 0
0 61 47 0
0 61 0 120
0 67 0 0
0 73 0 0
0 61 47 120
0 67 47 0
0 67 0 120
0 61 0 0
0 71 47 120
0 67 47 0
0 61 47 0
0 61 0 120
0 67 0 0
0 71 0 0
0 61 47 120
0 67 47 0
0 69 47 0
0 69 0 120
0 67 0 0
0 61 0 0
0 67 47 120
0 73 47 0
0 61 47 0
0 61 0 120
0 73 0 0
0 67 0 0
0 69 55 0
0 66 55 0
0 64 55 0
0 64 0 240
0 66 0 0
0 69 0 0
0 69 47 240
0 66 47 0
0 62 47 0
0 62 0 240
0 66 0 0
0 69 0 0
0 69 47 120
0 66 47 0
0 62 47 0
0 62 0 120
0 66 0 0
0 69 0 0
0 69 47 0
0 66 47 0
0 62 47 0
0 62 0 480
0 66 0 0
0 69 0 0
0 62 45 480
0 59 45 0
0 57 45 0
0 57 0 240
0 59 0 0
0 62 0 0
0 62 42 240
0 59 42 0
0 55 42 0
0 55 0 240
0 59 0 0
0 62 0 0
0 62 42 120
0 59 42 0
0 55 42 0
0 55 0 120
0 59 0 0
0 62 0 0
0 62 42 0
0 59 42 0
0 55 42 0
0 55 0 480
0 59 0 0
0 62 0 0
0 52 35 480
0 57 35 0
0 54 35 0
0 54 0 120
0 57 0 0
0 52 0 0
0 50 35 840
0 57 35 0
0 54 35 0
0 54 0 120
0 57 0 0
0 50 0 0
0 45 35 840
0 47 35 0
0 50 35 0
0 50 0 120
0 47 0 0
0 45 0 0
0 43 35 840
0 47 35 0
0 50 35 0
0 50 0 120
0 47 0 0
0 43 0 0
0 50 35 840
0 43 35 0
0 43 0 240
0 50 0 0
0 62 35 720
0 55 35 0
0 55 0 240
0 62 0 0
0 74 37 720
0 67 37 0
0 67 0 240
0 74 0 0
0 86 39 720
0 79 39 0
0 79 0 240
0 86 0 0
0 86 39 720
0 79 39 0
0 79 0 240
0 86 0 0
0 67 37 720
0 74 37 0
0 74 0 240
0 67 0 0
0 55 35 720
0 62 35 0
0 62 0 240
0 55 0 0
0 43 34 720
0 50 34 0
0 50 0 240
0 43 0 0
0 31 30 1200
0 38 30 0
0 38 0 240
0 31 0 0
0 86 126 720
0 81 94 0
0 78 93 0
0 74 93 0
0 74 0 360
0 86 0 0
0 81 0 0
0 78 0 0
0 38 36 0
0 45 36 0
0 45 0 240
0 38 0 0
0 38 31 1200
0 45 31 0
0 45 0 240
0 38 0 0
0 45 31 0
0 38 31 0
0 38 0 240
0 45 0 0
0 38 36 0
0 45 36 0
0 45 0 240
0 38 0 0
0 38 31 1200
0 45 31 0
0 45 0 240
0 38 0 0
0 45 31 0
0 38 31 0
0 38 0 240
0 45 0 0
0 45 35 0
0 38 35 0
0 38 0 240
0 45 0 0
0 50 31 240
0 57 31 0
0 57 0 60
0 50 0 0
0 50 31 180
0 57 31 0
0 57 0 60
0 50 0 0
0 50 35 180
0 57 35 0
0 57 0 240
0 50 0 0
0 38 31 240
0 45 31 0
0 45 0 60
0 38 0 0
0 38 31 180
0 45 31 0
0 45 0 60
0 38 0 0
0 45 35 180
0 38 35 0
0 38 0 480
0 45 0 0
0 50 33 0
0 57 33 0
0 57 0 240
0 50 0 0
0 50 33 120
0 57 33 0
0 57 0 120
0 50 0 0
0 57 33 0
0 50 33 0
0 50 0 480
0 57 0 0
0 35 34 480
0 42 34 0
0 42 0 480
0 35 0 0
0 54 31 0
0 47 31 0
0 47 0 60
0 54 0 0
0 47 31 180
0 54 31 0
0 54 0 60
0 47 0 0
0 40 34 180
0 47 34 0
0 47 0 480
0 40 0 0
0 52 31 0
0 59 31 0
0 59 0 120
0 52 0 0
0 52 31 120
0 59 31 0
0 59 0 60
0 52 0 0
0 33 35 180
0 40 35 0
0 40 0 480
0 33 0 0
0 57 33 0
0 64 33 0
0 64 0 240
0 57 0 0
0 64 33 120
0 57 33 0
0 57 0 120
0 64 0 0
0 64 33 0
0 57 33 0
0 57 0 240
0 64 0 0
0 43 39 720
0 50 39 0
0 50 0 480
0 43 0 0
0 62 38 0
0 55 38 0
0 55 0 60
0 62 0 0
0 55 38 180
0 62 38 0
0 62 0 60
0 55 0 0
0 55 41 180
0 62 41 0
0 62 0 480
0 55 0 0
0 40 36 480
0 47 36 0
0 47 0 480
0 40 0 0
0 59 34 0
0 52 34 0
0 52 0 240
0 59 0 0
0 52 34 120
0 59 34 0
0 59 0 120
0 52 0 0
0 52 36 0
0 59 36 0
0 59 0 480
0 52 0 0
0 45 39 480
0 52 39 0
0 52 0 480
0 45 0 0
0 64 36 0
0 57 36 0
0 57 0 60
0 64 0 0
0 57 36 180
0 64 36 0
0 64 0 60
0 57 0 0
0 57 39 180
0 64 39 0
0 64 0 480
0 57 0 0
0 45 39 480
0 38 39 0
0 38 0 480
0 45 0 0
0 69 36 0
0 62 36 0
0 62 0 240
0 69 0 0
0 69 36 120
0 62 36 0
0 62 0 120
0 69 0 0
0 62 36 0
0 69 36 0
0 69 0 480
0 62 0 0
0 50 27 0
0 57 27 0
0 57 0 240
0 50 0 0
0 50 27 0
0 57 27 0
0 57 0 240
0 50 0 0
0 50 31 0
0 57 31 0
0 57 0 240
0 50 0 0
0 50 27 1200
0 57 27 0
0 57 0 240
0 50 0 0
0 50 27 0
0 57 27 0
0 57 0 240
0 50 0 0
0 57 30 0
0 50 30 0
0 50 0 240
0 57 0 0
0 50 27 1200
0 57 27 0
0 57 0 240
0 50 0 0
0 50 27 0
0 57 27 0
0 57 0 240
0 50 0 0
0 50 31 0
0 57 31 0
0 57 0 240
0 50 0 0
0 62 27 240
0 69 27 0
0 69 0 60
0 62 0 0
0 69 27 180
0 62 27 0
0 62 0 60
0 69 0 0
0 62 31 180
0 69 31 0
0 69 0 240
0 62 0 0
0 57 27 240
0 50 27 0
0 50 0 60
0 57 0 0
0 57 27 180
0 50 27 0
0 50 0 60
0 57 0 0
0 50 31 180
0 57 31 0
0 57 0 480
0 50 0 0
0 62 30 0
0 69 30 0
0 69 0 240
0 62 0 0
0 62 30 120
0 69 30 0
0 69 0 120
0 62 0 0
0 69 30 0
0 62 30 0
0 62 0 480
0 69 0 0
0 47 30 480
0 54 30 0
0 54 0 480
0 47 0 0
0 66 27 0
0 59 27 0
0 59 0 60
0 66 0 0
0 59 27 180
0 66 27 0
0 66 0 60
0 59 0 0
0 52 30 180
0 59 30 0
0 59 0 480
0 52 0 0
0 64 27 0
0 71 27 0
0 71 0 60
0 64 0 0
0 71 27 180
0 64 27 0
0 64 0 60
0 71 0 0
0 57 30 180
0 64 30 0
0 64 0 480
0 57 0 0
0 69 28 0
0 76 28 0
0 76 0 240
0 69 0 0
0 76 28 120
0 69 28 0
0 69 0 120
0 76 0 0
0 76 28 0
0 69 28 0
0 69 0 240
0 76 0 0
0 55 35 720
0 62 35 0
0 62 0 480
0 55 0 0
0 67 33 0
0 74 33 0
0 74 0 60
0 67 0 0
0 74 33 180
0 67 33 0
0 67 0 60
0 74 0 0
0 67 36 180
0 74 36 0
0 74 0 480
0 67 0 0
0 52 33 480
0 59 33 0
0 59 0 480
0 52 0 0
0 71 29 0
0 64 29 0
0 64 0 240
0 71 0 0
0 64 29 120
0 71 29 0
0 71 0 120
0 64 0 0
0 71 33 0
0 64 33 0
0 64 0 480
0 71 0 0
0 57 34 480
0 64 34 0
0 64 0 480
0 57 0 0
0 76 33 0
0 69 33 0
0 69 0 60
0 76 0 0
0 69 33 180
0 76 33 0
0 76 0 60
0 69 0 0
0 69 35 180
0 76 35 0
0 76 0 480
0 69 0 0
0 69 34 480
0 62 34 0
0 62 0 480
0 69 0 0
0 81 33 0
0 74 33 0
0 74 0 240
0 81 0 0
0 81 33 120
0 74 33 0
0 74 0 120
0 81 0 0
0 74 33 0
0 81 33 0
0 81 0 480
0 74 0 0
0 45 80 0
0 52 80 0
0 52 0 480
0 45 0 0
0 45 72 0
0 52 72 0
0 52 0 120
0 45 0 0
0 52 72 120
0 45 72 0
0 45 0 120
0 52 0 0
0 45 80 120
0 52 80 0
0 52 0 480
0 45 0 0
0 45 72 0
0 52 72 0
0 52 0 120
0 45 0 0
0 45 72 120
0 52 72 0
0 52 0 120
0 45 0 0
0 45 71 120
0 52 71 0
0 52 0 480
0 45 0 0
0 45 64 0
0 52 64 0
0 52 0 240
0 45 0 0
0 45 64 0
0 52 64 0
0 52 0 120
0 45 0 0
0 45 71 120
0 52 71 0
0 52 0 480
0 45 0 0
0 45 64 0
0 52 64 0
0 52 0 240
0 45 0 0
0 45 64 0
0 52 64 0
0 52 0 120
0 45 0 0
0 56 59 2040
0 56 0 480
0 43 33 1440
0 52 33 0
0 52 0 120
0 43 0 0
0 55 33 0
0 55 0 120
0 60 33 0
0 60 0 120
0 64 33 0
0 64 0 120
0 43 33 480
0 50 33 0
0 50 0 120
0 43 0 0
0 55 33 0
0 55 0 120
0 59 33 0
0 59 0 120
0 65 33 0
0 65 0 120
0 36 33 480
0 43 33 0
0 43 0 480
0 36 0 0
0 48 30 0
0 55 30 0
0 55 0 120
0 48 0 0
0 48 30 120
0 55 30 0
0 55 0 120
0 48 0 0
0 48 33 120
0 55 33 0
0 55 0 360
0 48 0 0
0 55 72 120
0 48 72 0
0 48 0 120
0 55 0 0
0 48 72 120
0 55 72 0
0 55 0 120
0 48 0 0
0 48 71 120
0 55 71 0
0 55 0 480
0 48 0 0
0 55 64 0
0 48 64 0
0 48 0 240
0 55 0 0
0 48 64 0
0 55 64 0
0 55 0 120
0 48 0 0
0 55 71 120
0 48 71 0
0 48 0 480
0 55 0 0
0 55 64 0
0 48 64 0
0 48 0 240
0 55 0 0
0 55 64 0
0 48 64 0
0 48 0 120
0 55 0 0
0 59 59 2040
0 59 0 480
0 46 33 1440
0 55 33 0
0 55 0 120
0 46 0 0
0 58 33 0
0 58 0 120
0 63 33 0
0 63 0 120
0 67 33 0
0 67 0 120
0 53 33 480
0 46 33 0
0 46 0 120
0 53 0 0
0 58 33 0
0 58 0 120
0 62 33 0
0 62 0 120
0 68 33 0
0 68 0 120
0 46 33 480
0 39 33 0
0 39 0 480
0 46 0 0
0 58 30 0
0 51 30 0
0 51 0 120
0 58 0 0
0 58 30 120
0 51 30 0
0 51 0 120
0 58 0 0
0 58 33 120
0 51 33 0
0 51 0 480
0 58 0 0
0 46 27 0
0 51 27 0
0 51 0 120
0 46 0 0
0 39 23 120
0 39 0 120
0 46 23 120
0 51 23 0
0 51 0 120
0 46 0 0
0 39 26 120
0 39 0 120
0 46 29 120
0 51 29 0
0 51 0 120
0 46 0 0
0 39 27 120
0 39 0 120
0 46 27 120
0 51 27 0
0 51 0 120
0 46 0 0
0 39 28 120
0 39 0 120
0 46 35 120
0 51 35 0
0 51 0 120
0 46 0 0
0 39 30 120
0 39 0 120
0 46 30 120
0 51 30 0
0 51 0 120
0 46 0 0
0 39 30 120
0 39 0 120
0 46 36 120
0 51 36 0
0 51 0 120
0 46 0 0
0 39 33 120
0 39 0 120
0 46 33 120
0 51 33 0
0 51 0 120
0 46 0 0
0 39 33 120
0 39 0 120
0 48 33 0
0 51 33 0
0 51 0 120
0 48 0 0
0 39 30 120
0 39 0 120
0 48 31 120
0 51 31 0
0 51 0 120
0 48 0 0
0 39 30 120
0 39 0 120
0 48 34 120
0 51 34 0
0 51 0 120
0 48 0 0
0 39 31 120
0 39 0 120
0 48 32 120
0 51 32 0
0 51 0 120
0 48 0 0
0 39 32 120
0 39 0 120
0 48 40 120
0 51 40 0
0 51 0 120
0 48 0 0
0 39 34 120
0 39 0 120
0 48 35 120
0 51 35 0
0 51 0 120
0 48 0 0
0 39 35 120
0 39 0 120
0 48 42 120
0 51 42 0
0 51 0 120
0 48 0 0
0 39 37 120
0 39 0 120
0 48 38 120
0 51 38 0
0 51 0 120
0 48 0 0
0 39 38 120
0 39 0 120
0 44 44 0
0 54 44 0
0 54 0 120
0 44 0 0
0 39 42 120
0 39 0 120
0 44 44 120
0 54 44 0
0 54 0 120
0 44 0 0
0 39 39 120
0 39 0 120
0 44 45 120
0 54 45 0
0 54 0 120
0 44 0 0
0 39 42 120
0 39 0 120
0 44 42 120
0 54 42 0
0 54 0 120
0 44 0 0
0 39 44 120
0 39 0 120
0 44 48 120
0 54 48 0
0 54 0 120
0 44 0 0
0 39 42 120
0 39 0 120
0 44 47 120
0 54 47 0
0 54 0 120
0 44 0 0
0 39 44 120
0 39 0 120
0 44 50 120
0 54 50 0
0 54 0 120
0 44 0 0
0 39 46 120
0 39 0 120
0 44 46 120
0 54 46 0
0 54 0 120
0 44 0 0
0 39 46 120
0 39 0 120
0 44 50 0
0 53 50 0
0 53 0 120
0 44 0 0
0 39 46 120
0 39 0 120
0 44 48 120
0 53 48 0
0 53 0 120
0 44 0 0
0 39 46 120
0 39 0 120
0 44 51 120
0 53 51 0
0 53 0 120
0 44 0 0
0 39 47 120
0 39 0 120
0 44 50 120
0 53 50 0
0 53 0 120
0 44 0 0
0 39 47 120
0 39 0 120
0 44 60 120
0 53 60 0
0 53 0 120
0 44 0 0
0 39 50 120
0 39 0 120
0 44 56 120
0 53 56 0
0 53 0 120
0 44 0 0
0 39 51 120
0 39 0 120
0 44 59 120
0 53 59 0
0 53 0 120
0 44 0 0
0 39 53 120
0 39 0 120
0 44 57 120
0 53 57 0
0 53 0 120
0 44 0 0
0 39 53 120
0 39 0 120
0 39 60 120
0 46 60 0
0 53 60 0
0 53 0 240
0 46 0 0
0 39 0 0
0 39 55 0
0 46 55 0
0 53 55 0
0 53 0 240
0 46 0 0
0 39 0 0
0 39 57 0
0 46 57 0
0 53 57 0
0 53 0 480
0 46 0 0
0 39 0 0
0 51 53 0
0 58 53 0
0 65 53 0
0 65 0 240
0 58 0 0
0 51 0 0
0 51 53 0
0 58 53 0
0 65 53 0
0 65 0 240
0 58 0 0
0 51 0 0
0 51 61 0
0 58 61 0
0 65 61 0
0 65 0 480
0 58 0 0
0 51 0 0
0 39 59 0
0 46 59 0
0 53 59 0
0 53 0 240
0 46 0 0
0 39 0 0
0 39 55 0
0 46 55 0
0 53 55 0
0 53 0 240
0 46 0 0
0 39 0 0
0 39 59 0
0 46 59 0
0 53 59 0
0 53 0 480
0 46 0 0
0 39 0 0
0 51 61 0
0 58 61 0
0 65 61 0
0 65 0 240
0 58 0 0
0 51 0 0
0 51 56 0
0 58 56 0
0 65 56 0
0 65 0 240
0 58 0 0
0 51 0 0
0 51 64 0
0 58 64 0
0 65 64 0
0 65 0 480
0 58 0 0
0 51 0 0
0 65 75 0
0 53 75 0
0 53 0 120
0 65 0 0
0 55 75 120
0 67 75 0
0 67 0 120
0 55 0 0
0 68 82 120
0 56 82 0
0 56 0 120
0 68 0 0
0 72 75 120
0 60 75 0
0 60 0 120
0 72 0 0
0 68 75 120
0 56 75 0
0 56 0 120
0 68 0 0
0 65 75 120
0 53 75 0
0 53 0 120
0 65 0 0
0 68 82 120
0 56 82 0
0 56 0 240
0 68 0 0
0 65 75 0
0 53 75 0
0 53 0 240
0 65 0 0
0 62 75 0
0 50 75 0
0 50 0 240
0 62 0 0
0 53 75 0
0 65 75 0
0 65 0 240
0 53 0 0
0 50 82 0
0 62 82 0
0 62 0 240
0 50 0 0
0 46 75 0
0 58 75 0
0 58 0 240
0 46 0 0
0 62 75 0
0 50 75 0
0 50 0 240
0 62 0 0
0 46 75 0
0 58 75 0
0 58 0 240
0 46 0 0
0 43 82 0
0 55 82 0
0 55 0 240
0 43 0 0
0 46 75 0
0 58 75 0
0 58 0 240
0 46 0 0
0 43 75 0
0 55 75 0
0 55 0 240
0 43 0 0
0 39 75 0
0 51 75 0
0 51 0 240
0 39 0 0
0 43 85 0
0 55 85 0
0 55 0 240
0 43 0 0
0 39 79 0
0 51 79 0
0 51 0 240
0 39 0 0
0 36 79 0
0 48 79 0
0 48 0 240
0 36 0 0
0 39 79 0
0 51 79 0
0 51 0 240
0 39 0 0
0 36 85 0
0 48 85 0
0 48 0 240
0 36 0 0
0 32 81 0
0 44 81 0
0 44 0 240
0 32 0 0
0 36 86 0
0 48 86 0
0 48 0 240
0 36 0 0
0 32 95 0
0 44 95 0
0 44 0 240
0 32 0 0
0 31 90 0
0 43 107 0
0 51 88 480
0 48 74 0
0 44 74 0
0 44 0 480
0 51 0 0
0 48 0 0
0 63 88 0
0 60 74 0
0 56 74 0
0 56 0 480
0 63 0 0
0 60 0 0
0 75 88 0
0 72 74 0
0 68 74 0
0 68 0 480
0 75 0 0
0 31 0 0
0 43 0 0
0 72 0 0
0 30 90 0
0 42 107 0
0 51 88 480
0 48 74 0
0 44 74 0
0 44 0 480
0 51 0 0
0 48 0 0
0 63 88 0
0 60 74 0
0 56 74 0
0 56 0 480
0 63 0 0
0 60 0 0
0 75 88 0
0 72 74 0
0 68 74 0
0 68 0 480
0 75 0 0
0 30 0 0
0 42 0 0
0 72 0 0
0 29 93 0
0 41 110 0
0 51 88 480
0 47 74 0
0 44 74 0
0 44 0 480
0 51 0 0
0 47 0 0
0 63 88 0
0 59 74 0
0 56 74 0
0 56 0 480
0 63 0 0
0 59 0 0
0 75 88 0
0 71 74 0
0 68 74 0
0 68 0 480
0 75 0 0
0 29 0 0
0 41 0 0
0 71 0 0
0 28 93 0
0 40 110 0
0 49 88 480
0 45 74 0
0 40 74 0
0 40 0 480
0 49 0 0
0 45 0 0
0 57 74 0
0 61 88 0
0 52 74 0
0 52 0 480
0 57 0 0
0 61 0 0
0 73 88 0
0 69 74 0
0 64 74 0
0 64 0 240
0 73 0 0
0 69 0 0
0 40 0 240
0 28 0 0
0 38 79 0
0 45 79 0
0 45 0 120
0 38 0 0
0 50 68 0
0 50 0 120
0 54 68 0
0 54 0 120
0 57 68 0
0 57 0 120
0 62 70 0
0 62 0 96
0 57 70 0
0 57 0 96
0 54 69 0
0 54 0 96
0 50 68 0
0 50 0 96
0 45 68 0
0 45 0 96
0 38 64 0
0 38 0 96
0 45 69 0
0 45 0 96
0 50 70 0
0 50 0 96
0 54 71 0
0 54 0 96
0 57 73 0
0 57 0 96
0 62 75 0
0 62 0 240
0 38 77 240
0 45 77 0
0 50 77 0
0 50 0 240
0 45 0 0
0 38 0 0
0 62 68 0
0 57 68 0
0 54 68 0
0 54 0 480
0 57 0 0
0 62 0 0
0 66 68 0
0 62 68 0
0 57 68 0
0 57 0 480
0 62 0 0
0 66 0 0
0 69 68 0
0 66 68 0
0 62 68 0
0 62 0 240
0 66 0 0
0 69 0 0
0 35 66 480
0 35 0 80
0 42 59 0
0 42 0 80
0 47 59 0
0 47 0 80
0 50 59 0
0 50 0 80
0 54 59 0
0 54 0 80
0 59 59 0
0 59 0 80
0 62 59 0
0 62 0 240
0 40 66 240
0 40 0 96
0 47 59 0
0 47 0 96
0 52 59 0
0 52 0 96
0 56 59 0
0 56 0 96
0 62 59 0
0 62 0 96
0 66 59 0
0 66 0 240
0 33 75 240
0 40 75 0
0 45 75 0
0 45 0 240
0 40 0 0
0 33 0 0
0 61 64 0
0 57 64 0
0 52 64 0
0 52 0 480
0 57 0 0
0 61 0 0
0 64 64 0
0 61 64 0
0 57 64 0
0 57 0 480
0 61 0 0
0 64 0 0
0 69 64 0
0 64 64 0
0 61 64 0
0 61 0 240
0 64 0 0
0 69 0 0
0 43 65 480
0 50 65 0
0 50 0 120
0 43 0 0
0 55 57 0
0 55 0 120
0 59 57 0
0 59 0 120
0 62 57 0
0 62 0 120
0 67 65 0
0 67 0 96
0 62 59 0
0 62 0 96
0 59 58 0
0 59 0 96
0 55 58 0
0 55 0 96
0 50 57 0
0 50 0 96
0 43 56 0
0 43 0 96
0 47 56 0
0 47 0 96
0 55 57 0
0 55 0 96
0 59 57 0
0 59 0 96
0 62 57 0
0 62 0 96
0 67 57 0
0 67 0 240
0 40 73 240
0 47 73 0
0 52 73 0
0 52 0 240
0 47 0 0
0 40 0 0
0 66 62 0
0 62 62 0
0 59 62 0
0 55 62 0
0 55 0 480
0 66 0 0
0 62 0 0
0 59 0 0
0 67 62 0
0 66 62 0
0 62 62 0
0 59 62 0
0 59 0 480
0 67 0 0
0 66 0 0
0 62 0 0
0 71 62 0
0 67 62 0
0 66 62 0
0 62 62 0
0 62 0 240
0 71 0 0
0 67 0 0
0 66 0 0
0 45 69 480
0 45 0 96
0 52 60 0
0 52 0 96
0 57 60 0
0 57 0 96
0 62 60 0
0 62 0 96
0 67 60 0
0 67 0 96
0 71 60 0
0 71 0 240
0 45 69 240
0 45 0 96
0 52 60 0
0 52 0 96
0 57 60 0
0 57 0 96
0 62 60 0
0 62 0 96
0 67 60 0
0 67 0 96
0 71 60 0
0 71 0 240
0 38 75 240
0 45 75 0
0 50 75 0
0 50 0 240
0 45 0 0
0 38 0 0
0 66 64 0
0 62 64 0
0 57 64 0
0 57 0 480
0 62 0 0
0 66 0 0
0 69 64 0
0 66 64 0
0 62 64 0
0 62 0 480
0 66 0 0
0 69 0 0
0 66 62 0
0 69 62 0
0 74 62 0
0 74 0 240
0 69 0 0
0 66 0 0
0 43 44 0
0 50 44 0
0 50 0 960
0 43 0 0
0 43 44 0
0 50 44 0
0 50 0 960
0 43 0 0
0 43 30 0
0 50 30 0
0 50 0 960
0 43 0 0
0 59 44 0
0 43 30 0
0 50 30 0
0 59 0 240
0 57 45 0
0 57 0 480
0 55 40 0
0 55 0 240
0 50 0 0
0 43 0 0
0 43 27 0
0 50 27 0
0 54 42 0
0 54 0 960
0 50 0 0
0 43 0 0
0 57 44 0
0 43 30 0
0 50 30 0
0 57 0 240
0 55 46 0
0 55 0 480
0 54 40 0
0 54 0 240
0 50 0 0
0 43 0 0
0 52 42 0
0 43 27 0
0 50 27 0
0 50 0 960
0 43 0 0
0 52 0 0
0 55 44 0
0 40 37 0
0 55 0 240
0 54 46 0
0 54 0 480
0 52 42 0
0 52 0 240
0 40 0 0
0 33 44 0
0 45 44 0
0 45 0 960
0 33 0 0
0 38 50 0
0 45 50 0
0 45 0 240
0 38 0 0
0 62 55 0
0 50 55 0
0 50 0 480
0 62 0 0
0 49 55 0
0 61 55 0
0 61 0 240
0 49 0 0
0 48 40 0
0 55 40 0
0 60 40 0
0 60 0 960
0 55 0 0
0 48 0 0
0 55 34 0
0 52 31 0
0 64 31 0
0 64 0 240
0 52 0 0
0 50 36 0
0 62 36 0
0 62 0 480
0 50 0 0
0 48 28 0
0 60 28 0
0 60 0 240
0 48 0 0
0 55 0 0
0 47 31 0
0 54 31 0
0 59 31 0
0 59 0 960
0 54 0 0
0 47 0 0
0 54 36 0
0 50 31 0
0 62 31 0
0 62 0 240
0 50 0 0
0 48 36 0
0 60 36 0
0 60 0 480
0 48 0 0
0 47 29 0
0 59 29 0
0 59 0 240
0 47 0 0
0 54 0 0
0 45 30 0
0 52 30 0
0 57 30 0
0 57 0 960
0 52 0 0
0 45 0 0
0 33 55 0
0 60 57 0
0 60 0 240
0 59 51 0
0 59 0 480
0 57 45 0
0 57 0 240
0 33 0 0
0 38 40 0
0 50 40 0
0 50 0 960
0 38 0 0
0 43 30 0
0 50 30 0
0 50 0 660
0 43 0 0
0 54 27 0
0 63 27 60
0 66 27 60
0 71 29 960
0 71 0 240
0 70 29 0
0 70 0 480
0 68 27 0
0 68 0 240
0 70 27 0
0 70 0 960
0 70 29 0
0 70 0 240
0 68 29 0
0 68 0 480
0 66 27 0
0 66 0 240
0 54 0 0
0 63 0 0
0 66 0 0
0 63 29 0
0 66 29 0
0 66 0 960
0 63 0 0
0 61 34 0
0 68 34 0
0 68 0 960
0 61 0 0
0 64 31 0
0 54 31 0
0 54 0 960
0 64 0 0
0 64 31 0
0 59 25 0
0 64 0 240
0 63 31 0
0 63 0 420
0 50 23 0
0 59 23 60
0 62 23 60
0 59 0 180
0 67 29 960
0 67 0 240
0 66 29 0
0 66 0 480
0 64 27 0
0 64 0 240
0 66 27 0
0 66 0 960
0 66 29 0
0 66 0 240
0 64 29 0
0 64 0 480
0 62 27 0
0 62 0 240
0 62 0 0
0 59 0 0
0 50 0 0
0 59 27 0
0 62 27 0
0 62 0 960
0 59 0 0
0 57 30 0
0 64 30 0
0 64 0 960
0 57 0 0
0 60 29 0
0 50 29 0
0 50 0 960
0 60 0 0
0 59 29 0
0 59 0 240
0 57 29 0
0 57 0 480
0 54 29 0
0 54 0 240
0 43 23 0
0 50 23 0
0 50 0 480
0 43 0 0
0 74 34 0
0 74 0 480
0 59 29 0
0 43 26 0
0 50 26 0
0 59 0 240
0 57 35 0
0 57 0 480
0 55 31 0
0 55 0 240
0 50 0 0
0 43 0 0
0 43 22 0
0 50 22 0
0 54 22 0
0 54 0 480
0 50 0 0
0 43 0 0
0 74 35 0
0 74 0 480
0 57 29 0
0 43 26 0
0 50 26 0
0 57 0 240
0 55 36 0
0 55 0 480
0 54 31 0
0 54 0 240
0 50 0 0
0 43 0 0
0 52 22 0
0 43 22 0
0 50 22 0
0 50 0 480
0 43 0 0
0 52 0 0
0 74 34 0
0 74 0 360
0 40 30 0
0 55 34 120
0 55 0 240
0 54 36 0
0 54 0 480
0 52 31 0
0 52 0 240
0 40 0 0
0 33 36 0
0 45 36 0
0 45 0 480
0 33 0 0
0 69 36 0
0 69 0 480
0 38 42 0
0 45 42 0
0 45 0 240
0 38 0 0
0 62 46 0
0 50 46 0
0 50 0 480
0 62 0 0
0 49 46 0
0 61 46 0
0 61 0 240
0 49 0 0
0 48 35 0
0 55 35 0
0 60 35 0
0 60 0 480
0 55 0 0
0 48 0 0
0 79 46 0
0 79 0 480
0 55 22 0
0 52 23 0
0 64 23 0
0 64 0 240
0 52 0 0
0 50 31 0
0 62 31 0
0 62 0 480
0 50 0 0
0 48 25 0
0 60 25 0
0 60 0 240
0 48 0 0
0 55 0 0
0 47 27 0
0 54 27 0
0 59 27 0
0 59 0 480
0 54 0 0
0 47 0 0
0 78 46 0
0 78 0 480
0 54 22 0
0 50 23 0
0 62 23 0
0 62 0 240
0 50 0 0
0 48 31 0
0 60 31 0
0 60 0 480
0 48 0 0
0 47 25 0
0 59 25 0
0 59 0 240
0 47 0 0
0 54 0 0
0 45 26 0
0 52 26 0
0 57 26 0
0 57 0 480
0 52 0 0
0 45 0 0
0 76 44 0
0 76 0 360
0 33 56 0
0 60 55 120
0 60 0 240
0 59 42 0
0 59 0 480
0 57 37 0
0 57 0 240
0 33 0 0
0 38 35 0
0 50 35 0
0 50 0 480
0 38 0 0
0 74 38 0
0 74 0 480
0 43 26 0
0 50 26 0
0 54 27 660
0 50 0 60
0 43 0 0
0 63 27 0
0 66 27 60
0 71 29 960
0 71 0 240
0 70 29 0
0 70 0 480
0 68 27 0
0 68 0 240
0 70 27 0
0 70 0 960
0 70 29 0
0 70 0 240
0 68 29 0
0 68 0 480
0 66 27 0
0 66 0 240
0 54 0 0
0 63 0 0
0 66 0 0
0 63 29 0
0 66 29 0
0 66 0 960
0 63 0 0
0 61 34 0
0 68 34 0
0 68 0 960
0 61 0 0
0 64 31 0
0 54 31 0
0 54 0 960
0 64 0 0
0 64 31 0
0 59 25 0
0 64 0 240
0 63 31 0
0 63 0 420
0 50 23 0
0 59 23 60
0 62 23 60
0 59 0 180
0 67 29 960
0 67 0 240
0 66 29 0
0 66 0 480
0 64 27 0
0 64 0 240
0 66 27 0
0 66 0 960
0 66 29 0
0 66 0 240
0 64 29 0
0 64 0 480
0 62 27 0
0 62 0 240
0 62 0 0
0 59 0 0
0 50 0 0
0 59 27 0
0 62 27 0
0 62 0 960
0 59 0 0
0 57 30 0
0 64 30 0
0 64 0 960
0 57 0 0
0 60 29 0
0 50 29 0
0 50 0 960
0 60 0 0
0 59 29 0
0 59 0 240
0 57 29 0
0 57 0 480
0 54 29 0
0 54 0 240
0 43 23 0
0 50 23 0
0 50 0 480
0 43 0 0
0 74 34 0
0 74 0 480
0 59 29 0
0 43 26 0
0 50 26 0
0 59 0 240
0 57 35 0
0 57 0 480
0 55 31 0
0 55 0 240
0 50 0 0
0 43 0 0
0 43 22 0
0 50 22 0
0 54 22 0
0 54 0 480
0 50 0 0
0 43 0 0
0 74 35 0
0 74 0 480
0 57 29 0
0 43 26 0
0 50 26 0
0 57 0 240
0 55 36 0
0 55 0 480
0 54 31 0
0 54 0 240
0 50 0 0
0 43 0 0
0 52 22 0
0 43 22 0
0 50 22 0
0 50 0 480
0 43 0 0
0 52 0 0
0 74 35 0
0 74 0 360
0 40 30 0
0 55 34 120
0 55 0 240
0 54 36 0
0 54 0 480
0 52 31 0
0 52 0 240
0 40 0 0
0 33 36 0
0 45 36 0
0 45 0 480
0 33 0 0
0 69 36 0
0 69 0 480
0 38 42 0
0 45 42 0
0 45 0 240
0 38 0 0
0 62 46 0
0 50 46 0
0 50 0 480
0 62 0 0
0 49 46 0
0 61 46 0
0 61 0 240
0 49 0 0
0 48 35 0
0 55 35 0
0 60 35 0
0 60 0 480
0 55 0 0
0 48 0 0
0 79 47 0
0 79 0 480
0 55 22 0
0 52 23 0
0 64 23 0
0 64 0 240
0 52 0 0
0 50 31 0
0 62 31 0
0 62 0 480
0 50 0 0
0 48 25 0
0 60 25 0
0 60 0 240
0 48 0 0
0 55 0 0
0 47 27 0
0 54 27 0
0 59 27 0
0 59 0 480
0 54 0 0
0 47 0 0
0 78 46 0
0 78 0 480
0 54 22 0
0 50 23 0
0 62 23 0
0 62 0 240
0 50 0 0
0 48 31 0
0 60 31 0
0 60 0 480
0 48 0 0
0 47 25 0
0 59 25 0
0 59 0 240
0 47 0 0
0 54 0 0
0 45 26 0
0 52 26 0
0 57 26 0
0 57 0 480
0 52 0 0
0 45 0 0
0 76 42 0
0 76 0 360
0 33 56 0
0 60 55 120
0 60 0 240
0 59 42 0
0 59 0 480
0 57 37 0
0 57 0 240
0 33 0 0
0 38 35 0
0 50 35 0
0 50 0 480
0 38 0 0
0 74 35 0
0 74 0 480
0 43 26 0
0 50 26 0
0 50 0 720
0 43 0 0
0 38 36 0
0 45 36 0
0 45 0 240
0 38 0 0
0 38 31 1200
0 45 31 0
0 45 0 240
0 38 0 0
0 38 31 0
0 45 31 0
0 45 0 240
0 38 0 0
0 38 36 0
0 45 36 0
0 45 0 240
0 38 0 0
0 38 31 1200
0 45 31 0
0 45 0 240
0 38 0 0
0 38 31 0
0 45 31 0
0 45 0 240
0 38 0 0
0 38 35 0
0 45 35 0
0 45 0 240
0 38 0 0
0 50 31 240
0 57 31 0
0 57 0 60
0 50 0 0
0 50 31 180
0 57 31 0
0 57 0 60
0 50 0 0
0 57 35 180
0 50 35 0
0 50 0 240
0 57 0 0
0 38 31 240
0 45 31 0
0 45 0 60
0 38 0 0
0 38 31 180
0 45 31 0
0 45 0 60
0 38 0 0
0 38 35 180
0 45 35 0
0 45 0 480
0 38 0 0
0 50 33 0
0 57 33 0
0 57 0 240
0 50 0 0
0 50 33 120
0 57 33 0
0 57 0 120
0 50 0 0
0 50 33 0
0 57 33 0
0 57 0 480
0 50 0 0
0 35 34 480
0 42 34 0
0 42 0 480
0 35 0 0
0 47 31 0
0 54 31 0
0 54 0 60
0 47 0 0
0 47 31 180
0 54 31 0
0 54 0 60
0 47 0 0
0 40 34 180
0 47 34 0
0 47 0 480
0 40 0 0
0 52 31 0
0 59 31 0
0 59 0 60
0 52 0 0
0 52 31 180
0 59 31 0
0 59 0 60
0 52 0 0
0 33 35 180
0 40 35 0
0 40 0 480
0 33 0 0
0 64 33 0
0 57 33 0
0 57 0 240
0 64 0 0
0 64 33 120
0 57 33 0
0 57 0 120
0 64 0 0
0 64 33 0
0 57 33 0
0 57 0 240
0 64 0 0
0 43 39 720
0 50 39 0
0 50 0 480
0 43 0 0
0 62 38 0
0 55 38 0
0 55 0 60
0 62 0 0
0 62 38 180
0 55 38 0
0 55 0 60
0 62 0 0
0 55 41 180
0 62 41 0
0 62 0 480
0 55 0 0
0 40 36 480
0 47 36 0
0 47 0 480
0 40 0 0
0 59 34 0
0 52 34 0
0 52 0 240
0 59 0 0
0 59 34 120
0 52 34 0
0 52 0 120
0 59 0 0
0 52 36 0
0 59 36 0
0 59 0 480
0 52 0 0
0 45 39 480
0 52 39 0
0 52 0 480
0 45 0 0
0 64 36 0
0 57 36 0
0 57 0 60
0 64 0 0
0 64 36 180
0 57 36 0
0 57 0 60
0 64 0 0
0 57 39 180
0 64 39 0
0 64 0 480
0 57 0 0
0 38 39 480
0 45 39 0
0 45 0 480
0 38 0 0
0 69 36 0
0 62 36 0
0 62 0 240
0 69 0 0
0 69 36 120
0 62 36 0
0 62 0 120
0 69 0 0
0 69 36 0
0 62 36 0
0 62 0 480
0 69 0 0
0 50 27 0
0 57 27 0
0 57 0 240
0 50 0 0
0 50 27 0
0 57 27 0
0 57 0 240
0 50 0 0
0 50 31 0
0 57 31 0
0 57 0 240
0 50 0 0
0 50 27 1200
0 57 27 0
0 57 0 240
0 50 0 0
0 50 27 0
0 57 27 0
0 57 0 240
0 50 0 0
0 50 30 0
0 57 30 0
0 57 0 240
0 50 0 0
0 50 27 1200
0 57 27 0
0 57 0 240
0 50 0 0
0 50 27 0
0 57 27 0
0 57 0 240
0 50 0 0
0 50 31 0
0 57 31 0
0 57 0 240
0 50 0 0
0 62 27 240
0 69 27 0
0 69 0 60
0 62 0 0
0 62 27 180
0 69 27 0
0 69 0 60
0 62 0 0
0 69 31 180
0 62 31 0
0 62 0 240
0 69 0 0
0 50 27 240
0 57 27 0
0 57 0 60
0 50 0 0
0 50 27 180
0 57 27 0
0 57 0 60
0 50 0 0
0 50 31 180
0 57 31 0
0 57 0 480
0 50 0 0
0 62 30 0
0 69 30 0
0 69 0 240
0 62 0 0
0 62 30 120
0 69 30 0
0 69 0 120
0 62 0 0
0 62 30 0
0 69 30 0
0 69 0 480
0 62 0 0
0 47 30 480
0 54 30 0
0 54 0 480
0 47 0 0
0 59 27 0
0 66 27 0
0 66 0 60
0 59 0 0
0 59 27 180
0 66 27 0
0 66 0 60
0 59 0 0
0 52 30 180
0 59 30 0
0 59 0 480
0 52 0 0
0 64 27 0
0 71 27 0
0 71 0 60
0 64 0 0
0 64 27 180
0 71 27 0
0 71 0 60
0 64 0 0
0 57 30 180
0 64 30 0
0 64 0 480
0 57 0 0
0 76 28 0
0 69 28 0
0 69 0 240
0 76 0 0
0 76 28 120
0 69 28 0
0 69 0 120
0 76 0 0
0 76 28 0
0 69 28 0
0 69 0 240
0 76 0 0
0 55 35 720
0 62 35 0
0 62 0 480
0 55 0 0
0 74 33 0
0 67 33 0
0 67 0 60
0 74 0 0
0 74 33 180
0 67 33 0
0 67 0 60
0 74 0 0
0 67 36 180
0 74 36 0
0 74 0 480
0 67 0 0
0 52 33 480
0 59 33 0
0 59 0 480
0 52 0 0
0 71 29 0
0 64 29 0
0 64 0 240
0 71 0 0
0 71 29 120
0 64 29 0
0 64 0 120
0 71 0 0
0 64 33 0
0 71 33 0
0 71 0 480
0 64 0 0
0 57 34 480
0 64 34 0
0 64 0 480
0 57 0 0
0 76 33 0
0 69 33 0
0 69 0 60
0 76 0 0
0 76 33 180
0 69 33 0
0 69 0 60
0 76 0 0
0 69 35 180
0 76 35 0
0 76 0 480
0 69 0 0
0 62 34 480
0 69 34 0
0 69 0 480
0 62 0 0
0 81 33 0
0 74 33 0
0 74 0 240
0 81 0 0
0 81 33 120
0 74 33 0
0 74 0 120
0 81 0 0
0 81 33 0
0 74 33 0
0 74 0 480
0 81 0 0
0 45 80 0
0 52 80 0
0 52 0 480
0 45 0 0
0 45 72 0
0 52 72 0
0 52 0 120
0 45 0 0
0 52 72 120
0 45 72 0
0 45 0 120
0 52 0 0
0 45 80 120
0 52 80 0
0 52 0 480
0 45 0 0
0 45 72 0
0 52 72 0
0 52 0 120
0 45 0 0
0 45 72 120
0 52 72 0
0 52 0 120
0 45 0 0
0 45 71 120
0 52 71 0
0 52 0 480
0 45 0 0
0 45 64 0
0 52 64 0
0 52 0 240
0 45 0 0
0 45 64 0
0 52 64 0
0 52 0 120
0 45 0 0
0 45 71 120
0 52 71 0
0 52 0 480
0 45 0 0
0 45 64 0
0 52 64 0
0 52 0 240
0 45 0 0
0 45 64 0
0 52 64 0
0 52 0 120
0 45 0 0
0 56 59 2040
0 56 0 480
0 43 33 1440
0 52 33 0
0 52 0 120
0 43 0 0
0 55 33 0
0 55 0 120
0 60 33 0
0 60 0 120
0 64 33 0
0 64 0 120
0 43 33 480
0 50 33 0
0 50 0 120
0 43 0 0
0 55 33 0
0 55 0 120
0 59 33 0
0 59 0 120
0 65 33 0
0 65 0 120
0 36 33 480
0 43 33 0
0 43 0 480
0 36 0 0
0 48 30 0
0 55 30 0
0 55 0 120
0 48 0 0
0 48 30 120
0 55 30 0
0 55 0 120
0 48 0 0
0 48 33 120
0 55 33 0
0 55 0 360
0 48 0 0
0 55 72 120
0 48 72 0
0 48 0 120
0 55 0 0
0 48 72 120
0 55 72 0
0 55 0 120
0 48 0 0
0 48 71 120
0 55 71 0
0 55 0 480
0 48 0 0
0 55 64 0
0 48 64 0
0 48 0 240
0 55 0 0
0 48 64 0
0 55 64 0
0 55 0 120
0 48 0 0
0 55 71 120
0 48 71 0
0 48 0 480
0 55 0 0
0 55 64 0
0 48 64 0
0 48 0 240
0 55 0 0
0 55 64 0
0 48 64 0
0 48 0 120
0 55 0 0
0 59 59 2040
0 59 0 480
0 46 33 1440
0 55 33 0
0 55 0 120
0 46 0 0
0 58 33 0
0 58 0 120
0 63 33 0
0 63 0 120
0 67 33 0
0 67 0 120
0 53 33 480
0 46 33 0
0 46 0 120
0 53 0 0
0 58 33 0
0 58 0 120
0 62 33 0
0 62 0 120
0 68 33 0
0 68 0 120
0 46 33 480
0 39 33 0
0 39 0 480
0 46 0 0
0 58 30 0
0 51 30 0
0 51 0 120
0 58 0 0
0 58 30 120
0 51 30 0
0 51 0 120
0 58 0 0
0 58 33 120
0 51 33 0
0 51 0 480
0 58 0 0
0 46 27 0
0 51 27 0
0 51 0 120
0 46 0 0
0 39 23 120
0 39 0 120
0 46 23 120
0 51 23 0
0 51 0 120
0 46 0 0
0 39 26 120
0 39 0 120
0 46 29 120
0 51 29 0
0 51 0 120
0 46 0 0
0 39 27 120
0 39 0 120
0 46 27 120
0 51 27 0
0 51 0 120
0 46 0 0
0 39 28 120
0 39 0 120
0 46 35 120
0 51 35 0
0 51 0 120
0 46 0 0
0 39 30 120
0 39 0 120
0 46 30 120
0 51 30 0
0 51 0 120
0 46 0 0
0 39 30 120
0 39 0 120
0 46 36 120
0 51 36 0
0 51 0 120
0 46 0 0
0 39 33 120
0 39 0 120
0 46 33 120
0 51 33 0
0 51 0 120
0 46 0 0
0 39 33 120
0 39 0 120
0 48 33 0
0 51 33 0
0 51 0 120
0 48 0 0
0 39 30 120
0 39 0 120
0 48 31 120
0 51 31 0
0 51 0 120
0 48 0 0
0 39 30 120
0 39 0 120
0 48 34 120
0 51 34 0
0 51 0 120
0 48 0 0
0 39 31 120
0 39 0 120
0 48 32 120
0 51 32 0
0 51 0 120
0 48 0 0
0 39 32 120
0 39 0 120
0 48 40 120
0 51 40 0
0 51 0 120
0 48 0 0
0 39 34 120
0 39 0 120
0 48 35 120
0 51 35 0
0 51 0 120
0 48 0 0
0 39 35 120
0 39 0 120
0 48 42 120
0 51 42 0
0 51 0 120
0 48 0 0
0 39 37 120
0 39 0 120
0 48 38 120
0 51 38 0
0 51 0 120
0 48 0 0
0 39 38 120
0 39 0 120
0 44 44 0
0 54 44 0
0 54 0 120
0 44 0 0
0 39 42 120
0 39 0 120
0 44 44 120
0 54 44 0
0 54 0 120
0 44 0 0
0 39 39 120
0 39 0 120
0 44 45 120
0 54 45 0
0 54 0 120
0 44 0 0
0 39 42 120
0 39 0 120
0 44 42 120
0 54 42 0
0 54 0 120
0 44 0 0
0 39 44 120
0 39 0 120
0 44 48 120
0 54 48 0
0 54 0 120
0 44 0 0
0 39 42 120
0 39 0 120
0 44 47 120
0 54 47 0
0 54 0 120
0 44 0 0
0 39 44 120
0 39 0 120
0 44 50 120
0 54 50 0
0 54 0 120
0 44 0 0
0 39 46 120
0 39 0 120
0 44 46 120
0 54 46 0
0 54 0 120
0 44 0 0
0 39 46 120
0 39 0 120
0 44 50 0
0 53 50 0
0 53 0 120
0 44 0 0
0 39 46 120
0 39 0 120
0 44 48 120
0 53 48 0
0 53 0 120
0 44 0 0
0 39 46 120
0 39 0 120
0 44 51 120
0 53 51 0
0 53 0 120
0 44 0 0
0 39 47 120
0 39 0 120
0 44 50 120
0 53 50 0
0 53 0 120
0 44 0 0
0 39 47 120
0 39 0 120
0 44 60 120
0 53 60 0
0 53 0 120
0 44 0 0
0 39 50 120
0 39 0 120
0 44 56 120
0 53 56 0
0 53 0 120
0 44 0 0
0 39 51 120
0 39 0 120
0 44 59 120
0 53 59 0
0 53 0 120
0 44 0 0
0 39 53 120
0 39 0 120
0 44 57 120
0 53 57 0
0 53 0 120
0 44 0 0
0 39 53 120
0 39 0 120
0 39 60 120
0 46 60 0
0 53 60 0
0 53 0 240
0 46 0 0
0 39 0 0
0 39 55 0
0 46 55 0
0 53 55 0
0 53 0 240
0 46 0 0
0 39 0 0
0 39 57 0
0 46 57 0
0 53 57 0
0 53 0 480
0 46 0 0
0 39 0 0
0 51 53 0
0 58 53 0
0 65 53 0
0 65 0 240
0 58 0 0
0 51 0 0
0 51 53 0
0 58 53 0
0 65 53 0
0 65 0 240
0 58 0 0
0 51 0 0
0 51 61 0
0 58 61 0
0 65 61 0
0 65 0 480
0 58 0 0
0 51 0 0
0 39 59 0
0 46 59 0
0 53 59 0
0 53 0 240
0 46 0 0
0 39 0 0
0 39 55 0
0 46 55 0
0 53 55 0
0 53 0 240
0 46 0 0
0 39 0 0
0 39 59 0
0 46 59 0
0 53 59 0
0 53 0 480
0 46 0 0
0 39 0 0
0 51 61 0
0 58 61 0
0 65 61 0
0 65 0 240
0 58 0 0
0 51 0 0
0 51 56 0
0 58 56 0
0 65 56 0
0 65 0 240
0 58 0 0
0 51 0 0
0 51 64 0
0 58 64 0
0 65 64 0
0 65 0 480
0 58 0 0
0 51 0 0
0 65 75 0
0 53 75 0
0 53 0 120
0 65 0 0
0 55 75 120
0 67 75 0
0 67 0 120
0 55 0 0
0 68 82 120
0 56 82 0
0 56 0 120
0 68 0 0
0 72 75 120
0 60 75 0
0 60 0 120
0 72 0 0
0 68 75 120
0 56 75 0
0 56 0 120
0 68 0 0
0 65 75 120
0 53 75 0
0 53 0 120
0 65 0 0
0 68 82 120
0 56 82 0
0 56 0 240
0 68 0 0
0 65 75 0
0 53 75 0
0 53 0 240
0 65 0 0
0 62 75 0
0 50 75 0
0 50 0 240
0 62 0 0
0 53 75 0
0 65 75 0
0 65 0 240
0 53 0 0
0 50 82 0
0 62 82 0
0 62 0 240
0 50 0 0
0 46 75 0
0 58 75 0
0 58 0 240
0 46 0 0
0 62 75 0
0 50 75 0
0 50 0 240
0 62 0 0
0 46 75 0
0 58 75 0
0 58 0 240
0 46 0 0
0 43 82 0
0 55 82 0
0 55 0 240
0 43 0 0
0 46 75 0
0 58 75 0
0 58 0 240
0 46 0 0
0 43 75 0
0 55 75 0
0 55 0 240
0 43 0 0
0 39 75 0
0 51 75 0
0 51 0 240
0 39 0 0
0 43 85 0
0 55 85 0
0 55 0 240
0 43 0 0
0 39 79 0
0 51 79 0
0 51 0 240
0 39 0 0
0 36 79 0
0 48 79 0
0 48 0 240
0 36 0 0
0 39 79 0
0 51 79 0
0 51 0 240
0 39 0 0
0 36 85 0
0 48 85 0
0 48 0 240
0 36 0 0
0 32 81 0
0 44 81 0
0 44 0 240
0 32 0 0
0 36 86 0
0 48 86 0
0 48 0 240
0 36 0 0
0 32 95 0
0 44 95 0
0 44 0 240
0 32 0 0
0 31 90 0
0 43 107 0
0 51 88 480
0 48 74 0
0 44 74 0
0 44 0 480
0 51 0 0
0 48 0 0
0 63 88 0
0 60 74 0
0 56 74 0
0 56 0 480
0 63 0 0
0 60 0 0
0 75 88 0
0 72 74 0
0 68 74 0
0 68 0 480
0 75 0 0
0 31 0 0
0 43 0 0
0 72 0 0
0 30 90 0
0 42 107 0
0 51 88 480
0 48 74 0
0 44 74 0
0 44 0 480
0 51 0 0
0 48 0 0
0 63 88 0
0 60 74 0
0 56 74 0
0 56 0 480
0 63 0 0
0 60 0 0
0 75 88 0
0 72 74 0
0 68 74 0
0 68 0 480
0 75 0 0
0 30 0 0
0 42 0 0
0 72 0 0
0 29 93 0
0 41 110 0
0 51 88 480
0 47 74 0
0 44 74 0
0 44 0 480
0 51 0 0
0 47 0 0
0 63 88 0
0 59 74 0
0 56 74 0
0 56 0 480
0 63 0 0
0 59 0 0
0 75 88 0
0 71 74 0
0 68 74 0
0 68 0 480
0 75 0 0
0 29 0 0
0 41 0 0
0 71 0 0
0 28 93 0
0 40 110 0
0 49 88 480
0 45 74 0
0 40 74 0
0 40 0 480
0 49 0 0
0 45 0 0
0 57 74 0
0 61 88 0
0 52 74 0
0 52 0 480
0 57 0 0
0 61 0 0
0 73 88 0
0 69 74 0
0 64 74 0
0 64 0 240
0 73 0 0
0 69 0 0
0 40 0 240
0 28 0 0
0 38 79 0
0 45 79 0
0 45 0 120
0 38 0 0
0 50 68 0
0 50 0 120
0 54 68 0
0 54 0 120
0 57 68 0
0 57 0 120
0 62 70 0
0 62 0 96
0 57 70 0
0 57 0 96
0 54 69 0
0 54 0 96
0 50 68 0
0 50 0 96
0 45 68 0
0 45 0 96
0 38 64 0
0 38 0 96
0 45 69 0
0 45 0 96
0 50 70 0
0 50 0 96
0 54 71 0
0 54 0 96
0 57 73 0
0 57 0 96
0 62 75 0
0 62 0 240
0 38 77 240
0 45 77 0
0 50 77 0
0 50 0 240
0 45 0 0
0 38 0 0
0 62 68 0
0 57 68 0
0 54 68 0
0 54 0 480
0 57 0 0
0 62 0 0
0 66 68 0
0 62 68 0
0 57 68 0
0 57 0 480
0 62 0 0
0 66 0 0
0 69 68 0
0 66 68 0
0 62 68 0
0 62 0 240
0 66 0 0
0 69 0 0
0 35 66 480
0 35 0 80
0 42 59 0
0 42 0 80
0 47 59 0
0 47 0 80
0 50 59 0
0 50 0 80
0 54 59 0
0 54 0 80
0 59 59 0
0 59 0 80
0 62 59 0
0 62 0 240
0 40 66 240
0 40 0 96
0 47 59 0
0 47 0 96
0 52 59 0
0 52 0 96
0 56 59 0
0 56 0 96
0 62 59 0
0 62 0 96
0 66 59 0
0 66 0 240
0 33 75 240
0 40 75 0
0 45 75 0
0 45 0 240
0 40 0 0
0 33 0 0
0 61 64 0
0 57 64 0
0 52 64 0
0 52 0 480
0 57 0 0
0 61 0 0
0 64 64 0
0 61 64 0
0 57 64 0
0 57 0 480
0 61 0 0
0 64 0 0
0 69 64 0
0 64 64 0
0 61 64 0
0 61 0 240
0 64 0 0
0 69 0 0
0 43 65 480
0 50 65 0
0 50 0 120
0 43 0 0
0 55 57 0
0 55 0 120
0 59 57 0
0 59 0 120
0 62 57 0
0 62 0 120
0 67 65 0
0 67 0 96
0 62 59 0
0 62 0 96
0 59 58 0
0 59 0 96
0 55 58 0
0 55 0 96
0 50 57 0
0 50 0 96
0 43 56 0
0 43 0 96
0 47 56 0
0 47 0 96
0 55 57 0
0 55 0 96
0 59 57 0
0 59 0 96
0 62 57 0
0 62 0 96
0 67 57 0
0 67 0 240
0 40 73 240
0 47 73 0
0 52 73 0
0 52 0 240
0 47 0 0
0 40 0 0
0 66 62 0
0 62 62 0
0 59 62 0
0 55 62 0
0 55 0 480
0 66 0 0
0 62 0 0
0 59 0 0
0 67 62 0
0 66 62 0
0 62 62 0
0 59 62 0
0 59 0 480
0 67 0 0
0 66 0 0
0 62 0 0
0 71 62 0
0 67 62 0
0 66 62 0
0 62 62 0
0 62 0 240
0 71 0 0
0 67 0 0
0 66 0 0
0 45 69 480
0 45 0 96
0 52 60 0
0 52 0 96
0 57 60 0
0 57 0 96
0 62 60 0
0 62 0 96
0 67 60 0
0 67 0 96
0 71 60 0
0 71 0 240
0 45 69 240
0 45 0 96
0 52 60 0
0 52 0 96
0 57 60 0
0 57 0 96
0 62 60 0
0 62 0 96
0 67 60 0
0 67 0 96
0 71 60 0
0 71 0 240
0 38 75 240
0 45 75 0
0 50 75 0
0 50 0 240
0 45 0 0
0 38 0 0
0 66 64 0
0 62 64 0
0 57 64 0
0 57 0 480
0 62 0 0
0 66 0 0
0 69 64 0
0 66 64 0
0 62 64 0
0 62 0 480
0 66 0 0
0 69 0 0
0 66 62 0
0 69 62 0
0 74 62 0
0 74 0 240
0 69 0 0
0 66 0 0
0 38 55 0
0 45 55 0
0 45 0 180
0 38 0 0
0 33 48 60
0 45 48 0
0 45 0 180
0 33 0 0
0 38 55 60
0 45 55 0
0 45 0 180
0 38 0 0
0 33 48 60
0 45 48 0
0 45 0 180
0 33 0 0
0 38 52 60
0 45 52 0
0 45 0 180
0 38 0 0
0 33 48 60
0 45 48 0
0 45 0 180
0 33 0 0
0 38 55 60
0 45 55 0
0 45 0 180
0 38 0 0
0 33 46 60
0 45 46 0
0 45 0 180
0 33 0 0
0 38 51 60
0 45 51 0
0 45 0 180
0 38 0 0
0 33 52 60
0 33 0 180
0 38 51 60
0 45 51 0
0 45 0 180
0 38 0 0
0 33 52 60
0 33 0 180
0 38 51 60
0 45 51 0
0 45 0 180
0 38 0 0
0 33 51 60
0 33 0 180
0 38 51 60
0 45 51 0
0 45 0 180
0 38 0 0
0 33 52 60
0 33 0 180
0 38 55 60
0 45 55 0
0 45 0 173
0 38 0 0
0 33 48 60
0 45 48 0
0 45 0 180
0 33 0 0
0 38 55 60
0 45 55 0
0 45 0 180
0 38 0 0
0 33 48 60
0 45 48 0
0 45 0 180
0 33 0 0
0 38 53 60
0 45 53 0
0 45 0 180
0 38 0 0
0 33 48 60
0 45 48 0
0 45 0 180
0 33 0 0
0 38 53 60
0 45 53 0
0 45 0 180
0 38 0 0
0 33 46 60
0 45 46 0
0 45 0 180
0 33 0 0
0 38 51 60
0 45 51 0
0 45 0 180
0 38 0 0
0 33 52 60
0 33 0 180
0 38 51 60
0 45 51 0
0 45 0 180
0 38 0 0
0 33 52 60
0 33 0 180
0 38 51 60
0 45 51 0
0 45 0 180
0 38 0 0
0 33 51 60
0 33 0 180
0 38 51 60
0 45 51 0
0 45 0 180
0 38 0 0
0 33 40 60
0 33 0 180
0 38 44 60
0 45 44 0
0 45 0 173
0 38 0 0
0 33 38 60
0 45 38 0
0 45 0 180
0 33 0 0
0 38 44 60
0 45 44 0
0 45 0 180
0 38 0 0
0 33 38 60
0 45 38 0
0 45 0 180
0 33 0 0
0 38 42 60
0 45 42 0
0 45 0 180
0 38 0 0
0 33 38 60
0 45 38 0
0 45 0 180
0 33 0 0
0 38 42 60
0 45 42 0
0 45 0 180
0 38 0 0
0 33 36 60
0 33 0 180
0 38 39 60
0 45 39 0
0 45 0 180
0 38 0 0
0 33 40 60
0 33 0 180
0 38 39 60
0 45 39 0
0 45 0 180
0 38 0 0
0 33 40 60
0 33 0 180
0 38 39 60
0 45 39 0
0 45 0 180
0 38 0 0
0 33 39 60
0 33 0 180
0 38 39 60
0 45 39 0
0 45 0 180
0 38 0 0
0 33 39 60
0 33 0 180
0 38 44 60
0 45 44 0
0 45 0 173
0 38 0 0
0 33 38 60
0 33 0 180
0 38 44 60
0 45 44 0
0 45 0 180
0 38 0 0
0 33 38 60
0 33 0 180
0 38 42 60
0 45 42 0
0 45 0 180
0 38 0 0
0 33 38 60
0 33 0 180
0 38 42 60
0 45 42 0
0 45 0 180
0 38 0 0
0 33 36 60
0 33 0 180
0 38 39 60
0 45 39 0
0 45 0 180
0 38 0 0
0 33 40 60
0 33 0 180
0 38 39 60
0 45 39 0
0 45 0 180
0 38 0 0
0 33 40 60
0 33 0 180
0 38 39 60
0 45 39 0
0 45 0 180
0 38 0 0
0 33 39 60
0 33 0 180
0 38 39 60
0 45 39 0
0 45 0 180
0 38 0 0
0 33 39 60
0 33 0 180
0 38 35 60
0 45 35 0
0 45 0 180
0 38 0 0
0 33 36 60
0 33 0 180
0 38 35 60
0 45 35 0
0 45 0 180
0 38 0 0
0 33 36 60
0 33 0 180
0 38 35 60
0 45 35 0
0 45 0 180
0 38 0 0
0 33 35 60
0 33 0 180
0 38 35 60
0 45 35 0
0 45 0 180
0 38 0 0
0 33 35 60
0 33 0 180
0 38 35 0
0 45 35 0
0 45 0 120
0 38 0 0
0 33 36 360
0 33 0 120
0 38 35 360
0 45 35 0
0 45 0 120
0 38 0 0
0 33 35 360
0 33 0 120
0 38 35 360
0 45 35 0
0 45 0 120
0 38 0 0
0 33 34 360
0 33 0 120
0 38 35 360
0 45 35 0
0 45 0 120
0 38 0 0
0 33 35 360
0 33 0 120
0 38 35 360
0 45 35 0
0 45 0 240
0 38 0 0
0 57 35 720
0 50 35 0
0 50 0 240
0 57 0 0
0 62 35 720
0 69 35 0
0 69 0 240
0 62 0 0
0 81 38 720
0 74 38 0
0 74 0 240
0 81 0 0
0 93 42 720
0 86 42 0
0 86 0 240
0 93 0 0
0 81 39 720
0 74 39 0
0 74 0 240
0 81 0 0
0 62 35 720
0 69 35 0
0 69 0 240
0 62 0 0
0 50 31 720
0 57 31 0
0 57 0 240
0 50 0 0
0 38 31 720
0 45 31 0
0 45 0 240
0 38 0 0
0 26 77 1680
0 33 77 0
0 38 91 0
0 38 0 360
0 33 0 0
0 26 0 0
