0 71 39 1440
0 71 0 480
0 64 42 0
0 66 36 360
0 64 0 115
0 66 0 5
0 67 43 0
0 67 0 360
0 69 37 0
0 66 29 0
0 66 0 120
0 69 0 0
0 67 36 0
0 71 45 0
0 71 0 360
0 76 37 0
0 76 0 120
0 67 0 0
0 72 36 0
0 79 45 0
0 79 0 360
0 78 37 0
0 78 0 120
0 72 0 0
0 66 40 0
0 74 50 0
0 74 0 360
0 72 43 0
0 72 0 120
0 66 0 0
0 76 54 0
0 69 43 0
0 76 0 360
0 74 46 0
0 74 0 120
0 69 0 0
0 71 40 0
0 63 32 0
0 71 0 720
0 72 36 0
0 72 0 240
0 63 0 0
0 69 43 0
0 65 34 0
0 69 0 360
0 71 36 0
0 71 0 120
0 65 0 0
0 64 36 0
0 67 45 0
0 67 0 360
0 69 39 0
0 69 0 120
0 64 0 0
0 62 36 0
0 66 45 0
0 66 0 360
0 67 36 0
0 67 0 120
0 62 0 0
0 64 43 0
0 60 34 0
0 64 0 360
0 66 35 0
0 66 0 120
0 60 0 0
0 63 41 0
0 59 32 0
0 59 0 480
0 63 0 0
0 64 36 0
0 59 28 0
0 55 28 0
0 55 0 720
0 59 0 0
0 64 0 0
0 63 31 240
0 71 39 0
0 60 38 450
0 71 0 30
0 63 0 0
0 64 42 0
0 64 0 360
0 66 36 0
0 66 0 120
0 60 0 0
0 64 36 0
0 67 43 0
0 67 0 360
0 64 0 0
0 69 37 0
0 66 29 0
0 66 0 120
0 69 0 0
0 67 36 0
0 71 45 0
0 71 0 360
0 76 37 0
0 76 0 120
0 67 0 0
0 69 36 0
0 79 45 0
0 79 0 360
0 78 37 0
0 78 0 120
0 69 0 0
0 66 40 0
0 74 50 0
0 74 0 360
0 72 43 0
0 72 0 120
0 66 0 0
0 76 54 0
0 67 43 0
0 76 0 360
0 74 46 0
0 74 0 120
0 67 0 0
0 71 40 0
0 66 32 0
0 66 0 480
0 65 32 0
0 71 0 240
0 72 27 0
0 72 0 240
0 65 0 0
0 69 32 0
0 60 25 0
0 60 0 240
0 62 18 0
0 69 0 120
0 71 27 0
0 71 0 120
0 62 0 0
0 64 27 0
0 67 33 0
0 67 0 360
0 69 29 0
0 69 0 120
0 64 0 0
0 57 27 0
0 66 33 0
0 57 0 240
0 59 20 0
0 66 0 120
0 67 27 0
0 67 0 120
0 59 0 0
0 64 32 0
0 60 25 0
0 64 0 360
0 66 26 0
0 66 0 120
0 60 0 0
0 63 30 0
0 59 24 0
0 59 0 480
0 63 0 0
0 64 27 0
0 59 21 0
0 55 21 0
0 55 0 960
0 59 0 0
0 64 0 0
0 62 58 0
0 66 58 0
0 66 0 480
0 62 0 0
0 62 43 0
0 67 63 0
0 67 0 360
0 69 54 0
0 69 0 120
0 62 0 0
0 64 43 0
0 71 64 0
0 71 0 240
0 67 55 0
0 66 54 210
0 67 0 30
0 64 0 0
0 71 67 0
0 71 0 240
0 66 0 0
0 64 55 0
0 69 55 0
0 69 0 240
0 64 0 0
0 62 54 0
0 69 67 0
0 62 0 230
0 69 0 10
0 62 55 0
0 62 0 240
0 64 43 0
0 72 63 0
0 72 0 360
0 74 56 0
0 74 0 120
0 64 0 0
0 66 46 0
0 76 68 0
0 76 0 240
0 72 61 0
0 67 61 210
0 72 0 30
0 66 0 0
0 74 77 0
0 67 0 480
0 69 62 0
0 74 0 240
0 74 77 0
0 74 0 240
0 69 0 0
0 71 49 0
0 76 72 0
0 76 0 360
0 78 62 0
0 78 0 120
0 71 0 0
0 69 49 0
0 74 73 0
0 74 0 240
0 71 63 0
0 71 0 240
0 69 0 0
0 72 70 0
0 67 59 0
0 72 0 360
0 74 56 0
0 74 0 120
0 67 0 0
0 71 68 0
0 66 57 0
0 71 0 240
0 67 57 0
0 67 0 240
0 66 0 0
0 64 58 0
0 69 69 0
0 63 48 450
0 69 0 30
0 64 0 0
0 71 57 0
0 71 0 960
0 63 0 0
0 71 46 0
0 63 39 0
0 63 0 480
0 71 0 0
0 59 36 0
0 64 42 0
0 64 0 360
0 66 36 0
0 66 0 120
0 59 0 0
0 59 29 0
0 64 29 0
0 67 43 0
0 67 0 360
0 69 37 0
0 69 0 120
0 64 0 0
0 59 0 0
0 64 36 0
0 67 36 0
0 71 45 0
0 71 0 360
0 76 37 0
0 76 0 120
0 67 0 0
0 64 0 0
0 64 36 0
0 72 36 0
0 79 45 0
0 79 0 360
0 78 37 0
0 78 0 120
0 72 0 0
0 64 0 0
0 71 40 0
0 66 40 0
0 74 50 0
0 74 0 360
0 72 43 0
0 72 0 120
0 66 0 0
0 71 0 0
0 60 43 0
0 76 54 0
0 69 43 0
0 76 0 360
0 74 46 0
0 74 0 120
0 69 0 0
0 60 0 0
0 59 43 0
0 71 40 0
0 63 32 0
0 59 0 480
0 57 43 0
0 71 0 240
0 72 36 0
0 72 0 240
0 57 0 0
0 63 0 0
0 60 25 0
0 69 32 0
0 65 25 0
0 69 0 360
0 71 27 0
0 71 0 120
0 65 0 0
0 60 0 0
0 59 27 0
0 64 27 0
0 67 33 0
0 67 0 360
0 69 29 0
0 69 0 120
0 64 0 0
0 59 0 0
0 57 27 0
0 62 27 0
0 66 33 0
0 66 0 360
0 67 27 0
0 67 0 120
0 62 0 0
0 57 0 0
0 55 25 0
0 64 32 0
0 60 25 0
0 64 0 360
0 66 26 0
0 66 0 120
0 60 0 0
0 55 0 0
0 54 24 0
0 63 30 0
0 59 24 0
0 59 0 480
0 63 0 0
0 54 0 0
0 64 27 0
0 59 21 0
0 55 21 0
0 55 0 960
0 59 0 0
0 64 0 0
0 62 58 0
0 66 58 0
0 66 0 480
0 62 0 0
0 62 43 0
0 67 63 0
0 67 0 360
0 69 54 0
0 69 0 120
0 62 0 0
0 64 43 0
0 71 64 0
0 71 0 240
0 67 55 0
0 66 54 210
0 67 0 30
0 64 0 0
0 71 67 0
0 71 0 240
0 66 0 0
0 64 55 0
0 69 55 0
0 69 0 240
0 64 0 0
0 62 54 0
0 69 67 0
0 62 0 230
0 69 0 10
0 62 55 0
0 62 0 240
0 64 43 0
0 72 63 0
0 72 0 360
0 74 56 0
0 74 0 120
0 64 0 0
0 66 46 0
0 76 68 0
0 76 0 240
0 72 61 0
0 67 61 210
0 72 0 30
0 66 0 0
0 74 77 0
0 67 0 480
0 69 62 0
0 74 0 240
0 74 77 0
0 74 0 240
0 69 0 0
0 71 49 0
0 76 72 0
0 76 0 360
0 78 62 0
0 78 0 120
0 71 0 0
0 69 49 0
0 74 73 0
0 74 0 240
0 71 63 0
0 71 0 240
0 69 0 0
0 72 70 0
0 67 59 0
0 72 0 360
0 74 56 0
0 74 0 120
0 67 0 0
0 71 68 0
0 66 57 0
0 71 0 240
0 67 57 0
0 67 0 240
0 66 0 0
0 64 58 0
0 69 69 0
0 63 48 450
0 69 0 30
0 64 0 0
0 71 57 0
0 71 0 960
0 63 0 0
0 71 46 0
0 63 39 0
0 63 0 480
0 71 0 0
0 59 36 0
0 64 42 0
0 64 0 360
0 66 36 0
0 66 0 120
0 59 0 0
0 59 29 0
0 64 29 0
0 67 43 0
0 67 0 360
0 69 37 0
0 69 0 120
0 64 0 0
0 59 0 0
0 64 36 0
0 67 36 0
0 71 45 0
0 71 0 360
0 76 37 0
0 76 0 120
0 67 0 0
0 64 0 0
0 64 36 0
0 72 36 0
0 79 45 0
0 79 0 360
0 78 37 0
0 78 0 120
0 72 0 0
0 64 0 0
0 71 40 0
0 66 40 0
0 74 50 0
0 74 0 360
0 72 43 0
0 72 0 120
0 66 0 0
0 71 0 0
0 60 43 0
0 76 54 0
0 69 43 0
0 76 0 360
0 74 46 0
0 74 0 120
0 69 0 0
0 60 0 0
0 59 43 0
0 71 40 0
0 63 32 0
0 59 0 480
0 57 43 0
0 71 0 240
0 72 36 0
0 72 0 240
0 57 0 0
0 63 0 0
0 60 25 0
0 69 32 0
0 65 25 0
0 69 0 360
0 71 27 0
0 71 0 120
0 65 0 0
0 60 0 0
0 59 27 0
0 64 27 0
0 67 33 0
0 67 0 360
0 69 29 0
0 69 0 120
0 64 0 0
0 59 0 0
0 57 27 0
0 62 27 0
0 66 33 0
0 66 0 360
0 67 27 0
0 67 0 120
0 62 0 0
0 57 0 0
0 55 25 0
0 64 32 0
0 60 25 0
0 64 0 360
0 66 26 0
0 66 0 120
0 60 0 0
0 55 0 0
0 54 18 480
0 63 22 0
0 59 18 0
0 59 0 480
0 63 0 0
0 54 0 0
0 68 34 4320
0 64 30 0
0 68 0 240
0 71 28 0
0 71 0 240
0 64 0 0
0 64 29 0
0 68 33 0
0 68 0 240
0 71 25 0
0 71 0 240
0 64 0 0
0 73 43 0
0 73 0 240
0 69 25 0
0 69 0 240
0 61 32 0
0 73 36 0
0 73 0 240
0 69 25 0
0 69 0 240
0 61 0 0
0 61 32 0
0 66 36 0
0 66 0 120
0 61 0 0
0 66 34 840
0 61 30 0
0 66 0 240
0 69 28 0
0 69 0 240
0 61 0 0
0 61 29 0
0 66 33 0
0 66 0 240
0 69 25 0
0 69 0 240
0 61 0 0
0 71 42 0
0 63 30 480
0 68 30 0
0 68 0 120
0 63 0 0
0 63 30 360
0 68 30 0
0 68 0 120
0 63 0 0
0 71 0 360
0 64 34 480
0 63 30 0
0 64 0 240
0 68 28 0
0 68 0 240
0 63 0 0
0 63 29 0
0 64 33 0
0 64 0 240
0 68 25 0
0 68 0 240
0 63 0 0
0 69 46 0
0 69 0 240
0 66 25 0
0 66 0 240
0 57 32 0
0 69 36 0
0 69 0 240
0 66 25 0
0 66 0 240
0 57 0 0
0 57 32 0
0 61 36 0
0 61 0 120
0 57 0 0
0 59 34 840
0 54 30 0
0 59 0 240
0 63 28 0
0 63 0 240
0 54 0 0
0 54 29 0
0 59 33 0
0 59 0 240
0 63 25 0
0 63 0 240
0 54 0 0
0 64 42 0
0 56 30 480
0 59 30 0
0 59 0 120
0 56 0 0
0 56 30 360
0 59 30 0
0 59 0 120
0 56 0 0
0 64 0 360
0 63 39 480
0 59 30 0
0 63 0 240
0 66 32 0
0 66 0 240
0 59 0 0
0 59 29 0
0 63 37 0
0 66 28 226
0 63 0 14
0 66 0 226
0 59 0 14
0 68 49 0
0 68 0 240
0 64 28 0
0 64 0 240
0 56 32 0
0 68 41 0
0 68 0 240
0 64 28 0
0 64 0 240
0 56 0 0
0 56 32 0
0 61 41 0
0 61 0 120
0 56 0 0
0 61 39 840
0 56 30 0
0 61 0 240
0 64 32 0
0 64 0 240
0 56 0 0
0 56 29 0
0 61 37 0
0 61 0 240
0 64 28 0
0 64 0 240
0 56 0 0
0 66 48 0
0 58 30 480
0 63 30 0
0 63 0 120
0 58 0 0
0 58 30 360
0 63 30 0
0 63 0 120
0 58 0 0
0 66 0 360
0 59 39 480
0 58 30 0
0 59 0 240
0 63 32 0
0 63 0 240
0 58 0 0
0 58 29 0
0 59 37 0
0 59 0 240
0 63 28 0
0 63 0 240
0 58 0 0
0 64 49 0
0 64 0 240
0 61 28 0
0 61 0 240
0 52 32 0
0 64 41 0
0 64 0 240
0 61 28 0
0 61 0 240
0 52 0 0
0 52 32 0
0 56 41 0
0 56 0 120
0 52 0 0
0 54 39 840
0 49 30 0
0 54 0 240
0 58 32 0
0 58 0 240
0 49 0 0
0 49 29 0
0 54 37 0
0 54 0 240
0 58 28 0
0 58 0 240
0 49 0 0
0 59 48 0
0 51 30 480
0 54 30 0
0 54 0 120
0 51 0 0
0 51 30 360
0 54 30 0
0 54 0 120
0 51 0 0
0 59 0 360
0 78 30 480
0 75 30 0
0 78 0 240
0 82 25 0
0 82 0 240
0 75 0 0
0 75 29 0
0 78 29 0
0 78 0 240
0 82 22 0
0 82 0 240
0 75 0 0
0 84 38 0
0 84 0 240
0 80 22 0
0 80 0 240
0 72 32 0
0 84 32 0
0 84 0 240
0 80 22 0
0 80 0 240
0 72 0 0
0 72 32 0
0 75 32 0
0 75 0 120
0 72 0 0
0 78 30 840
0 75 30 0
0 78 0 240
0 82 25 0
0 82 0 240
0 75 0 0
0 75 29 0
0 78 29 0
0 78 0 240
0 82 22 0
0 82 0 240
0 75 0 0
0 77 37 0
0 70 30 480
0 74 30 0
0 74 0 120
0 70 0 0
0 70 30 360
0 74 30 0
0 74 0 120
0 70 0 0
0 77 0 360
0 85 33 480
0 82 33 0
0 85 0 240
0 89 27 0
0 89 0 240
0 82 0 0
0 82 31 0
0 85 31 0
0 85 0 240
0 89 24 0
0 89 0 240
0 82 0 0
0 91 44 0
0 91 0 240
0 87 24 0
0 87 0 240
0 79 35 0
0 91 35 0
0 91 0 240
0 87 24 0
0 87 0 240
0 79 0 0
0 79 35 0
0 82 35 0
0 82 0 120
0 79 0 0
0 85 33 840
0 82 33 0
0 85 0 240
0 89 27 0
0 89 0 240
0 82 0 0
0 82 31 0
0 85 31 0
0 85 0 240
0 89 24 0
0 89 0 240
0 82 0 0
0 84 40 0
0 77 33 480
0 81 33 0
0 81 0 120
0 77 0 0
0 77 33 360
0 81 33 0
0 81 0 120
0 77 0 0
0 84 0 360
0 68 30 480
0 65 30 0
0 68 0 240
0 72 25 0
0 72 0 240
0 65 0 0
0 65 29 0
0 68 29 0
0 68 0 240
0 72 22 0
0 72 0 240
0 65 0 0
0 74 38 0
0 74 0 240
0 70 22 0
0 70 0 240
0 62 32 0
0 74 32 0
0 74 0 240
0 70 22 0
0 70 0 240
0 62 0 0
0 62 32 0
0 65 32 0
0 65 0 120
0 62 0 0
0 68 30 840
0 65 30 0
0 68 0 240
0 72 25 0
0 72 0 240
0 65 0 0
0 65 29 0
0 68 29 0
0 68 0 240
0 72 22 0
0 72 0 240
0 65 0 0
0 67 37 0
0 60 30 480
0 64 30 0
0 64 0 120
0 60 0 0
0 60 30 360
0 64 30 0
0 64 0 120
0 60 0 0
0 67 0 360
0 75 41 480
0 72 41 0
0 75 0 240
0 79 35 0
0 79 0 240
0 72 0 0
0 72 40 0
0 75 40 0
0 75 0 240
0 79 31 0
0 79 0 240
0 72 0 0
0 81 59 0
0 81 0 240
0 77 32 0
0 77 0 240
0 69 48 0
0 81 48 0
0 81 0 240
0 77 33 0
0 77 0 240
0 69 0 0
0 69 49 0
0 72 49 0
0 72 0 120
0 69 0 0
0 87 53 840
0 84 53 0
0 87 0 240
0 91 43 0
0 91 0 240
0 84 0 0
0 84 51 0
0 87 51 0
0 87 0 240
0 91 38 0
0 91 0 240
0 84 0 0
0 93 74 0
0 93 0 240
0 89 39 0
0 89 0 240
0 81 59 0
0 93 59 0
0 93 0 240
0 89 40 0
0 89 0 240
0 81 0 0
0 81 61 0
0 84 61 0
0 84 0 120
0 81 0 0
0 75 63 360
0 72 53 0
0 75 0 240
0 79 70 0
0 79 0 240
0 72 0 0
0 72 60 0
0 77 71 0
0 81 71 0
0 81 0 960
0 77 0 0
0 72 0 0
0 87 72 0
0 84 61 0
0 87 0 240
0 91 80 0
0 91 0 240
0 84 0 0
0 84 68 0
0 89 81 0
0 93 81 0
0 93 0 960
0 89 0 0
0 84 0 0
0 75 70 0
0 72 58 0
0 75 0 240
0 79 76 0
0 79 0 240
0 72 0 0
0 72 65 0
0 77 77 0
0 81 77 0
0 81 0 960
0 77 0 0
0 72 0 0
0 87 78 0
0 84 66 0
0 87 0 240
0 91 87 0
0 91 0 240
0 84 0 0
0 84 75 0
0 89 88 0
0 93 88 0
0 93 0 951
0 89 0 0
0 84 0 0
0 72 85 9
0 77 85 0
0 81 85 0
0 81 0 951
0 77 0 0
0 72 0 0
0 84 88 9
0 89 88 0
0 93 88 0
0 93 0 951
0 89 0 0
0 84 0 0
0 72 85 9
0 77 85 0
0 81 85 0
0 81 0 951
0 77 0 0
0 72 0 0
0 84 88 9
0 89 88 0
0 93 88 0
0 93 0 951
0 89 0 0
0 84 0 0
0 72 85 9
0 77 85 0
0 81 85 0
0 81 0 951
0 77 0 0
0 72 0 0
0 84 88 9
0 89 88 0
0 93 88 0
0 93 0 951
0 89 0 0
0 84 0 0
0 71 92 9
0 78 92 0
0 83 92 0
0 83 0 951
0 78 0 0
0 71 0 0
0 83 97 9
0 90 97 0
0 95 97 0
0 95 0 951
0 90 0 0
0 83 0 0
0 71 92 9
0 78 92 0
0 83 92 0
0 83 0 951
0 78 0 0
0 71 0 0
0 83 97 9
0 90 97 0
0 95 97 0
0 95 0 951
0 90 0 0
0 83 0 0
0 71 92 9
0 78 92 0
0 83 92 0
0 83 0 951
0 78 0 0
0 71 0 0
0 83 97 9
0 90 97 0
0 95 97 0
0 95 0 951
0 90 0 0
0 83 0 0
0 76 76 489
0 80 92 0
0 80 0 240
0 83 76 0
0 83 0 240
0 76 0 0
0 80 90 0
0 76 75 0
0 80 0 240
0 83 76 0
0 83 0 240
0 76 0 0
0 85 92 0
0 85 0 240
0 81 77 0
0 81 0 240
0 73 55 0
0 85 75 0
0 85 0 240
0 81 72 0
0 81 0 240
0 73 0 0
0 73 71 0
0 78 80 0
0 78 0 120
0 73 0 0
0 78 87 840
0 73 87 0
0 78 0 240
0 81 76 0
0 81 0 240
0 73 0 0
0 73 86 0
0 78 86 0
0 78 0 240
0 81 75 0
0 81 0 240
0 73 0 0
0 83 88 0
0 80 72 480
0 75 72 0
0 75 0 120
0 80 0 0
0 75 72 360
0 80 72 0
0 80 0 120
0 75 0 0
0 83 0 360
0 76 75 480
0 75 75 0
0 76 0 240
0 80 63 0
0 80 0 240
0 75 0 0
0 75 74 0
0 76 74 0
0 76 0 240
0 80 63 0
0 80 0 240
0 75 0 0
0 81 73 0
0 81 0 240
0 78 63 0
0 78 0 240
0 81 65 0
0 69 62 0
0 81 0 240
0 78 58 0
0 78 0 240
0 69 0 0
0 69 65 0
0 73 65 0
0 73 0 120
0 69 0 0
0 66 53 840
0 71 63 0
0 71 0 240
0 75 53 0
0 75 0 240
0 66 0 0
0 71 63 0
0 66 52 0
0 71 0 240
0 75 53 0
0 75 0 240
0 66 0 0
0 76 65 0
0 71 47 480
0 68 47 0
0 68 0 120
0 71 0 0
0 68 45 360
0 71 45 0
0 71 0 120
0 68 0 0
0 76 0 360
0 63 39 480
0 59 30 0
0 63 0 240
0 66 32 0
0 66 0 240
0 59 0 0
0 59 29 0
0 63 37 0
0 63 0 240
0 66 28 0
0 66 0 240
0 59 0 0
0 68 49 0
0 68 0 240
0 64 28 0
0 64 0 240
0 56 32 0
0 68 41 0
0 68 0 240
0 64 28 0
0 64 0 240
0 56 0 0
0 56 32 0
0 61 41 0
0 61 0 120
0 56 0 0
0 61 39 840
0 56 30 0
0 61 0 240
0 64 32 0
0 64 0 240
0 56 0 0
0 56 29 0
0 61 37 0
0 61 0 240
0 64 28 0
0 64 0 240
0 56 0 0
0 66 48 0
0 58 30 480
0 63 30 0
0 63 0 120
0 58 0 0
0 58 30 360
0 63 30 0
0 63 0 120
0 58 0 0
0 66 0 360
0 59 39 480
0 58 30 0
0 59 0 240
0 63 32 0
0 63 0 240
0 58 0 0
0 58 29 0
0 59 37 0
0 59 0 240
0 63 28 0
0 63 0 240
0 58 0 0
0 64 49 0
0 64 0 240
0 61 28 0
0 61 0 240
0 52 32 0
0 64 41 0
0 64 0 240
0 61 28 0
0 61 0 240
0 52 0 0
0 52 32 0
0 56 41 0
0 56 0 120
0 52 0 0
0 54 39 840
0 49 30 0
0 54 0 240
0 58 32 0
0 58 0 240
0 49 0 0
0 49 29 0
0 54 37 0
0 54 0 240
0 58 28 0
0 58 0 240
0 49 0 0
0 59 48 0
0 51 30 480
0 54 30 0
0 54 0 120
0 51 0 0
0 51 30 360
0 54 30 0
0 54 0 120
0 51 0 0
0 59 0 360
0 78 30 480
0 75 30 0
0 78 0 240
0 82 25 0
0 82 0 240
0 75 0 0
0 75 29 0
0 78 29 0
0 78 0 240
0 82 22 0
0 82 0 240
0 75 0 0
0 84 38 0
0 84 0 240
0 80 22 0
0 80 0 240
0 72 32 0
0 84 32 0
0 84 0 240
0 80 22 0
0 80 0 240
0 72 0 0
0 72 32 0
0 75 32 0
0 75 0 120
0 72 0 0
0 78 30 840
0 75 30 0
0 78 0 240
0 82 25 0
0 82 0 240
0 75 0 0
0 75 29 0
0 78 29 0
0 78 0 240
0 82 22 0
0 82 0 240
0 75 0 0
0 77 37 0
0 70 30 480
0 74 30 0
0 74 0 120
0 70 0 0
0 70 30 360
0 74 30 0
0 74 0 120
0 70 0 0
0 77 0 360
0 85 33 480
0 82 33 0
0 85 0 240
0 89 27 0
0 89 0 240
0 82 0 0
0 82 31 0
0 85 31 0
0 85 0 240
0 89 24 0
0 89 0 240
0 82 0 0
0 91 44 0
0 91 0 240
0 87 24 0
0 87 0 240
0 79 35 0
0 91 35 0
0 91 0 240
0 87 24 0
0 87 0 240
0 79 0 0
0 79 35 0
0 82 35 0
0 82 0 120
0 79 0 0
0 85 33 840
0 82 33 0
0 85 0 240
0 89 27 0
0 89 0 240
0 82 0 0
0 82 31 0
0 85 31 0
0 85 0 240
0 89 24 0
0 89 0 240
0 82 0 0
0 84 40 0
0 77 33 480
0 81 33 0
0 81 0 120
0 77 0 0
0 77 33 360
0 81 33 0
0 81 0 120
0 77 0 0
0 84 0 360
0 68 30 480
0 65 30 0
0 68 0 240
0 72 25 0
0 72 0 240
0 65 0 0
0 65 29 0
0 68 29 0
0 68 0 240
0 72 22 0
0 72 0 240
0 65 0 0
0 74 38 0
0 74 0 240
0 70 22 0
0 70 0 240
0 62 32 0
0 74 32 0
0 74 0 240
0 70 22 0
0 70 0 240
0 62 0 0
0 62 32 0
0 65 32 0
0 65 0 120
0 62 0 0
0 68 30 840
0 65 30 0
0 68 0 240
0 72 25 0
0 72 0 240
0 65 0 0
0 65 29 0
0 68 29 0
0 68 0 240
0 72 22 0
0 72 0 240
0 65 0 0
0 67 37 0
0 60 30 480
0 64 30 0
0 64 0 120
0 60 0 0
0 60 30 360
0 64 30 0
0 64 0 120
0 60 0 0
0 67 0 360
0 75 41 480
0 72 41 0
0 75 0 240
0 79 35 0
0 79 0 240
0 72 0 0
0 72 40 0
0 75 40 0
0 75 0 240
0 79 31 0
0 79 0 240
0 72 0 0
0 81 59 0
0 81 0 240
0 77 32 0
0 77 0 240
0 69 48 0
0 81 48 0
0 81 0 240
0 77 33 0
0 77 0 240
0 69 0 0
0 69 49 0
0 72 49 0
0 72 0 120
0 69 0 0
0 87 53 840
0 84 53 0
0 87 0 240
0 91 43 0
0 91 0 240
0 84 0 0
0 84 51 0
0 87 51 0
0 87 0 240
0 91 38 0
0 91 0 240
0 84 0 0
0 93 74 0
0 93 0 240
0 89 39 0
0 89 0 240
0 81 59 0
0 93 59 0
0 93 0 240
0 89 40 0
0 89 0 240
0 81 0 0
0 81 61 0
0 84 61 0
0 84 0 120
0 81 0 0
0 75 63 360
0 72 53 0
0 75 0 240
0 79 70 0
0 79 0 240
0 72 0 0
0 72 60 0
0 77 71 0
0 81 71 0
0 81 0 960
0 77 0 0
0 72 0 0
0 87 72 0
0 84 61 0
0 87 0 240
0 91 80 0
0 91 0 240
0 84 0 0
0 84 68 0
0 89 81 0
0 93 81 0
0 93 0 960
0 89 0 0
0 84 0 0
0 75 70 0
0 72 58 0
0 75 0 240
0 79 76 0
0 79 0 240
0 72 0 0
0 72 65 0
0 77 77 0
0 81 77 0
0 81 0 960
0 77 0 0
0 72 0 0
0 87 78 0
0 84 66 0
0 87 0 240
0 91 87 0
0 91 0 240
0 84 0 0
0 84 75 0
0 89 88 0
0 93 88 0
0 93 0 951
0 89 0 0
0 84 0 0
0 72 85 9
0 77 85 0
0 81 85 0
0 81 0 951
0 77 0 0
0 72 0 0
0 84 88 9
0 89 88 0
0 93 88 0
0 93 0 951
0 89 0 0
0 84 0 0
0 72 85 9
0 77 85 0
0 81 85 0
0 81 0 951
0 77 0 0
0 72 0 0
0 84 88 9
0 89 88 0
0 93 88 0
0 93 0 951
0 89 0 0
0 84 0 0
0 72 85 9
0 77 85 0
0 81 85 0
0 81 0 951
0 77 0 0
0 72 0 0
0 84 88 9
0 89 88 0
0 93 88 0
0 93 0 951
0 89 0 0
0 84 0 0
0 71 92 9
0 78 92 0
0 83 92 0
0 83 0 951
0 78 0 0
0 71 0 0
0 83 97 9
0 90 97 0
0 95 97 0
0 95 0 951
0 90 0 0
0 83 0 0
0 71 92 9
0 78 92 0
0 83 92 0
0 83 0 951
0 78 0 0
0 71 0 0
0 83 97 9
0 90 97 0
0 95 97 0
0 95 0 951
0 90 0 0
0 83 0 0
0 71 92 9
0 78 92 0
0 83 92 0
0 83 0 951
0 78 0 0
0 71 0 0
0 83 97 9
0 90 97 0
0 95 97 0
0 95 0 951
0 90 0 0
0 83 0 0
0 76 76 489
0 80 92 0
0 80 0 240
0 83 76 0
0 83 0 240
0 76 0 0
0 80 90 0
0 76 75 0
0 80 0 240
0 83 76 0
0 83 0 240
0 76 0 0
0 85 92 0
0 85 0 240
0 81 77 0
0 81 0 240
0 73 55 0
0 85 75 0
0 85 0 240
0 81 72 0
0 81 0 240
0 73 0 0
0 73 71 0
0 78 80 0
0 78 0 120
0 73 0 0
0 78 87 840
0 73 87 0
0 78 0 240
0 81 76 0
0 81 0 240
0 73 0 0
0 73 86 0
0 78 86 0
0 78 0 240
0 81 75 0
0 81 0 240
0 73 0 0
0 83 88 0
0 80 72 480
0 75 72 0
0 75 0 120
0 80 0 0
0 75 72 360
0 80 72 0
0 80 0 120
0 75 0 0
0 83 0 360
0 76 75 480
0 75 75 0
0 76 0 240
0 80 63 0
0 80 0 240
0 75 0 0
0 75 74 0
0 76 74 0
0 76 0 240
0 80 63 0
0 80 0 240
0 75 0 0
0 81 73 0
0 81 0 240
0 78 63 0
0 78 0 240
0 81 64 0
0 69 62 0
0 81 0 240
0 78 58 0
0 78 0 240
0 69 0 0
0 69 65 0
0 73 65 0
0 73 0 120
0 69 0 0
0 66 53 840
0 71 63 0
0 71 0 240
0 75 53 0
0 75 0 240
0 66 0 0
0 71 63 0
0 66 52 0
0 71 0 240
0 75 53 0
0 75 0 240
0 66 0 0
0 76 65 0
0 71 47 480
0 68 47 0
0 68 0 120
0 71 0 0
0 68 45 360
0 71 45 0
0 71 0 120
0 68 0 0
0 76 0 360
0 54 31 1920
0 59 37 0
0 59 0 240
0 63 31 0
0 63 0 240
0 54 0 0
0 59 37 0
0 54 30 0
0 59 0 240
0 63 31 0
0 63 0 240
0 54 0 0
0 64 38 0
0 59 26 480
0 56 26 0
0 56 0 120
0 59 0 0
0 56 25 360
0 59 25 0
0 59 0 120
0 56 0 0
0 64 0 360
0 54 26 1920
0 59 31 0
0 59 0 240
0 63 26 0
0 63 0 240
0 54 0 0
0 59 31 0
0 54 25 0
0 59 0 240
0 63 26 0
0 63 0 240
0 54 0 0
0 54 22 1920
0 59 26 0
0 59 0 240
0 63 22 0
0 63 0 240
0 54 0 0
0 59 26 0
0 54 21 0
0 59 0 240
0 63 22 0
0 63 0 240
0 54 0 0
0 71 39 480
0 71 0 480
0 64 42 0
0 66 36 360
0 64 0 115
0 66 0 5
0 67 43 0
0 67 0 360
0 69 37 0
0 66 29 0
0 66 0 120
0 69 0 0
0 67 36 0
0 71 45 0
0 71 0 360
0 76 37 0
0 76 0 120
0 67 0 0
0 72 36 0
0 79 45 0
0 79 0 360
0 78 37 0
0 78 0 120
0 72 0 0
0 66 40 0
0 74 50 0
0 74 0 360
0 72 43 0
0 72 0 120
0 66 0 0
0 76 54 0
0 69 43 0
0 76 0 360
0 74 46 0
0 74 0 120
0 69 0 0
0 71 40 0
0 63 32 0
0 71 0 720
0 72 36 0
0 72 0 240
0 63 0 0
0 69 43 0
0 65 34 0
0 69 0 360
0 71 36 0
0 71 0 120
0 65 0 0
0 64 36 0
0 67 45 0
0 67 0 360
0 69 39 0
0 69 0 120
0 64 0 0
0 62 36 0
0 66 45 0
0 66 0 360
0 67 36 0
0 67 0 120
0 62 0 0
0 64 43 0
0 60 34 0
0 64 0 360
0 66 35 0
0 66 0 120
0 60 0 0
0 63 41 0
0 59 32 0
0 59 0 480
0 63 0 0
0 64 36 0
0 59 28 0
0 55 28 0
0 55 0 720
0 59 0 0
0 64 0 0
0 63 31 240
0 71 39 0
0 60 38 450
0 71 0 30
0 63 0 0
0 64 42 0
0 64 0 360
0 66 36 0
0 66 0 120
0 60 0 0
0 64 36 0
0 67 43 0
0 67 0 360
0 64 0 0
0 69 37 0
0 66 29 0
0 66 0 120
0 69 0 0
0 67 36 0
0 71 45 0
0 71 0 360
0 76 37 0
0 76 0 120
0 67 0 0
0 69 36 0
0 79 45 0
0 79 0 360
0 78 37 0
0 78 0 120
0 69 0 0
0 66 40 0
0 74 50 0
0 74 0 360
0 72 43 0
0 72 0 120
0 66 0 0
0 76 54 0
0 67 43 0
0 76 0 360
0 74 46 0
0 74 0 120
0 67 0 0
0 71 40 0
0 66 32 0
0 66 0 480
0 65 32 0
0 71 0 240
0 72 27 0
0 72 0 240
0 65 0 0
0 69 32 0
0 60 25 0
0 60 0 240
0 62 18 0
0 69 0 120
0 71 27 0
0 71 0 120
0 62 0 0
0 64 27 0
0 67 33 0
0 67 0 360
0 69 29 0
0 69 0 120
0 64 0 0
0 57 27 0
0 66 33 0
0 57 0 240
0 59 20 0
0 66 0 120
0 67 27 0
0 67 0 120
0 59 0 0
0 64 32 0
0 60 25 0
0 64 0 360
0 66 26 0
0 66 0 120
0 60 0 0
0 63 30 0
0 59 24 0
0 59 0 480
0 63 0 0
0 64 27 0
0 59 21 0
0 55 21 0
0 55 0 960
0 59 0 0
0 64 0 0
0 62 58 0
0 66 58 0
0 66 0 480
0 62 0 0
0 62 43 0
0 67 63 0
0 67 0 360
0 69 54 0
0 69 0 120
0 62 0 0
0 64 43 0
0 71 64 0
0 71 0 240
0 67 55 0
0 66 54 210
0 67 0 30
0 64 0 0
0 71 67 0
0 71 0 240
0 66 0 0
0 64 55 0
0 69 55 0
0 69 0 240
0 64 0 0
0 62 54 0
0 69 67 0
0 62 0 230
0 69 0 10
0 62 55 0
0 62 0 240
0 64 43 0
0 72 63 0
0 72 0 360
0 74 56 0
0 74 0 120
0 64 0 0
0 66 46 0
0 76 68 0
0 76 0 240
0 72 61 0
0 67 61 210
0 72 0 30
0 66 0 0
0 74 77 0
0 67 0 480
0 69 62 0
0 74 0 240
0 74 77 0
0 74 0 240
0 69 0 0
0 71 49 0
0 76 72 0
0 76 0 360
0 78 62 0
0 78 0 120
0 71 0 0
0 69 49 0
0 74 73 0
0 74 0 240
0 71 63 0
0 71 0 240
0 69 0 0
0 72 70 0
0 67 59 0
0 72 0 360
0 74 56 0
0 74 0 120
0 67 0 0
0 71 68 0
0 66 57 0
0 71 0 240
0 67 57 0
0 67 0 240
0 66 0 0
0 64 58 0
0 69 69 0
0 63 48 450
0 69 0 30
0 64 0 0
0 71 57 0
0 71 0 960
0 63 0 0
0 71 46 0
0 63 39 0
0 63 0 480
0 71 0 0
0 59 36 0
0 64 42 0
0 64 0 360
0 66 36 0
0 66 0 120
0 59 0 0
0 59 29 0
0 64 29 0
0 67 43 0
0 67 0 360
0 69 37 0
0 69 0 120
0 64 0 0
0 59 0 0
0 64 36 0
0 67 36 0
0 71 45 0
0 71 0 360
0 76 37 0
0 76 0 120
0 67 0 0
0 64 0 0
0 64 36 0
0 72 36 0
0 79 45 0
0 79 0 360
0 78 37 0
0 78 0 120
0 72 0 0
0 64 0 0
0 71 40 0
0 66 40 0
0 74 50 0
0 74 0 360
0 72 43 0
0 72 0 120
0 66 0 0
0 71 0 0
0 60 43 0
0 76 54 0
0 69 43 0
0 76 0 360
0 74 46 0
0 74 0 120
0 69 0 0
0 60 0 0
0 59 43 0
0 71 40 0
0 63 32 0
0 59 0 480
0 57 43 0
0 71 0 240
0 72 36 0
0 72 0 240
0 57 0 0
0 63 0 0
0 60 25 0
0 69 32 0
0 65 25 0
0 69 0 360
0 71 27 0
0 71 0 120
0 65 0 0
0 60 0 0
0 59 27 0
0 64 27 0
0 67 33 0
0 67 0 360
0 69 29 0
0 69 0 120
0 64 0 0
0 59 0 0
0 57 27 0
0 62 27 0
0 66 33 0
0 66 0 360
0 67 27 0
0 67 0 120
0 62 0 0
0 57 0 0
0 55 25 0
0 64 32 0
0 60 25 0
0 64 0 360
0 66 26 0
0 66 0 120
0 60 0 0
0 55 0 0
0 54 20 480
0 63 25 0
0 59 20 0
0 59 0 480
0 63 0 0
0 54 0 0
0 64 22 480
0 59 17 0
0 55 17 0
0 55 0 1440
0 59 0 0
0 64 0 0
0 64 30 2400
0 62 25 0
0 62 0 480
0 61 30 0
0 61 0 480
0 64 0 0
0 60 22 0
0 64 26 0
0 64 0 480
0 60 0 0
0 59 25 0
0 62 30 0
0 62 0 480
0 59 0 0
0 57 27 0
0 60 32 0
0 60 0 480
0 57 0 0
0 55 25 0
0 59 30 0
0 59 0 480
0 55 0 0
0 54 22 0
0 57 26 0
0 57 0 480
0 54 0 0
0 53 25 0
0 60 30 0
0 60 0 480
0 53 0 0
0 59 26 0
0 48 22 0
0 48 0 480
0 59 0 0
0 50 25 0
0 57 30 0
0 57 0 480
0 50 0 0
0 55 26 0
0 45 22 0
0 45 0 480
0 55 0 0
0 54 27 0
0 47 22 0
0 47 0 480
0 54 0 0
0 40 25 0
0 40 0 480
0 52 46 0
0 54 25 480
0 54 0 480
0 59 35 0
0 59 0 360
0 57 30 0
0 57 0 120
0 62 30 0
0 62 0 360
0 60 24 0
0 60 0 120
0 59 30 0
0 59 0 480
0 52 0 0
0 54 22 0
0 64 26 0
0 64 0 480
0 54 0 0
0 55 25 0
0 59 30 0
0 59 0 480
0 55 0 0
0 57 27 0
0 60 32 0
0 60 0 480
0 57 0 0
0 59 25 0
0 62 30 0
0 59 0 480
0 55 26 0
0 55 0 480
0 62 0 0
0 53 18 0
0 57 22 0
0 57 0 240
0 59 16 0
0 59 0 240
0 53 0 0
0 60 19 0
0 48 16 0
0 48 0 480
0 60 0 0
0 50 18 0
0 54 22 0
0 54 0 240
0 55 16 0
0 55 0 240
0 50 0 0
0 57 19 0
0 45 16 0
0 45 0 480
0 57 0 0
0 54 20 0
0 47 16 0
0 47 0 480
0 54 0 0
0 40 18 0
0 40 0 960
0 50 48 0
0 57 55 0
0 57 0 480
0 50 0 0
0 55 55 0
0 59 55 0
0 59 0 480
0 61 49 0
0 61 0 480
0 55 0 0
0 62 53 0
0 50 53 0
0 62 0 240
0 57 45 0
0 57 0 240
0 54 39 0
0 54 0 480
0 50 0 0
0 48 55 0
0 55 55 0
0 55 0 480
0 57 52 0
0 57 0 480
0 48 0 0
0 59 60 0
0 43 60 0
0 59 0 480
0 62 44 0
0 62 0 480
0 43 0 0
0 55 63 0
0 67 63 0
0 67 0 480
0 66 56 0
0 66 0 480
0 64 60 0
0 64 0 480
0 62 44 0
0 62 0 480
0 60 44 0
0 60 0 480
0 59 44 0
0 59 0 480
0 55 0 0
0 58 33 0
0 54 28 0
0 54 0 480
0 58 0 0
0 53 27 0
0 57 32 0
0 57 0 240
0 56 29 0
0 56 0 240
0 53 0 0
0 52 25 0
0 55 30 0
0 55 0 480
0 52 0 0
0 62 30 0
0 50 25 0
0 50 0 480
0 62 0 0
0 49 25 0
0 61 30 0
0 61 0 480
0 49 0 0
0 48 22 0
0 60 26 0
0 60 0 480
0 48 0 0
0 47 25 0
0 59 30 0
0 59 0 480
0 47 0 0
0 45 27 0
0 57 32 0
0 57 0 480
0 45 0 0
0 43 25 0
0 55 30 0
0 55 0 480
0 43 0 0
0 42 22 0
0 54 26 0
0 54 0 480
0 42 0 0
0 41 18 0
0 53 22 0
0 53 0 480
0 41 0 0
0 48 19 0
0 36 16 0
0 36 0 480
0 48 0 0
0 38 18 0
0 50 22 0
0 50 0 480
0 38 0 0
0 45 19 0
0 33 16 0
0 33 0 480
0 45 0 0
0 47 20 0
0 35 16 0
0 35 0 480
0 47 0 0
0 28 13 0
0 40 18 0
0 40 0 960
0 28 0 0
0 50 48 0
0 57 55 0
0 57 0 480
0 50 0 0
0 55 55 0
0 59 55 0
0 59 0 480
0 61 49 0
0 61 0 480
0 55 0 0
0 62 53 0
0 50 53 0
0 62 0 240
0 57 45 0
0 57 0 240
0 54 39 0
0 54 0 480
0 50 0 0
0 48 55 0
0 55 55 0
0 55 0 480
0 57 52 0
0 57 0 480
0 48 0 0
0 59 60 0
0 43 60 0
0 59 0 480
0 62 44 0
0 62 0 480
0 43 0 0
0 55 63 0
0 67 63 0
0 67 0 480
0 66 56 0
0 66 0 480
0 64 60 0
0 64 0 480
0 62 44 0
0 62 0 480
0 60 44 0
0 60 0 480
0 59 44 0
0 59 0 480
0 55 0 0
0 58 33 0
0 54 28 0
0 54 0 480
0 58 0 0
0 53 27 0
0 57 32 0
0 57 0 240
0 56 29 0
0 56 0 240
0 53 0 0
0 52 25 0
0 55 30 0
0 55 0 480
0 52 0 0
0 62 30 0
0 50 25 0
0 50 0 480
0 62 0 0
0 49 25 0
0 61 30 0
0 61 0 480
0 49 0 0
0 48 22 0
0 60 26 0
0 60 0 480
0 48 0 0
0 47 25 0
0 59 30 0
0 59 0 480
0 47 0 0
0 45 27 0
0 57 32 0
0 57 0 480
0 45 0 0
0 43 25 0
0 55 30 0
0 55 0 480
0 43 0 0
0 42 22 0
0 54 26 0
0 54 0 480
0 42 0 0
0 41 18 0
0 53 22 0
0 53 0 480
0 41 0 0
0 48 19 0
0 36 16 0
0 36 0 480
0 48 0 0
0 38 18 0
0 50 22 0
0 50 0 480
0 38 0 0
0 45 19 0
0 33 16 0
0 33 0 480
0 45 0 0
0 47 15 480
0 35 12 0
0 35 0 480
0 47 0 0
0 47 24 960
0 40 24 0
0 40 0 1440
0 47 0 0
0 47 21 0
0 40 21 0
0 40 0 1440
0 47 0 0
0 47 21 0
0 40 21 0
0 40 0 1440
0 47 0 0
0 40 21 0
0 47 21 0
0 47 0 1440
0 40 0 0
0 40 21 0
0 47 21 0
0 47 0 1440
0 40 0 0
0 40 21 0
0 47 21 0
0 47 0 1440
0 40 0 0
0 47 21 0
0 40 21 0
0 40 0 1440
0 47 0 0
0 40 21 0
0 47 21 0
0 47 0 1440
0 40 0 0
0 40 21 0
0 47 21 0
0 47 0 1440
0 40 0 0
0 40 21 0
0 47 21 0
0 47 0 1440
0 40 0 0
0 35 21 0
0 42 21 480
0 42 0 480
0 42 21 0
0 42 0 480
0 35 0 0
0 35 21 0
0 42 21 480
0 42 0 480
0 42 21 0
0 42 0 120
0 35 0 360
0 35 21 0
0 42 21 480
0 42 0 480
0 42 21 0
0 42 0 480
0 35 0 0
0 35 21 0
0 42 21 480
0 42 0 120
0 42 21 360
0 42 0 120
0 35 0 360
0 35 21 0
0 42 21 480
0 42 0 480
0 42 21 0
0 42 0 480
0 35 0 0
0 35 21 0
0 42 21 480
0 42 0 480
0 42 21 0
0 42 0 120
0 35 0 360
0 35 21 0
0 42 21 480
0 42 0 480
0 42 21 0
0 42 0 480
0 35 0 0
0 35 21 0
0 42 21 480
0 42 0 120
0 42 21 360
0 42 0 120
0 35 0 360
0 70 21 0
0 63 21 0
0 63 0 1440
0 70 0 0
0 56 21 0
0 63 21 0
0 63 0 1440
0 56 0 0
0 63 21 0
0 70 21 0
0 70 0 1440
0 63 0 0
0 58 21 0
0 65 21 0
0 65 0 1440
0 58 0 0
0 77 21 0
0 70 21 0
0 70 0 1440
0 77 0 0
0 63 21 0
0 70 21 0
0 70 0 1440
0 63 0 0
0 70 21 0
0 77 21 0
0 77 0 1440
0 70 0 0
0 65 21 0
0 72 21 0
0 72 0 1440
0 65 0 0
0 60 21 0
0 53 21 0
0 53 0 1440
0 60 0 0
0 46 21 0
0 53 21 0
0 53 0 1440
0 46 0 0
0 53 21 0
0 60 21 0
0 60 0 1440
0 53 0 0
0 48 21 0
0 55 21 0
0 55 0 1440
0 48 0 0
0 67 28 0
0 60 28 0
0 60 0 1440
0 67 0 0
0 53 30 0
0 60 30 0
0 60 0 1440
0 53 0 0
0 79 35 0
0 72 35 0
0 72 0 1440
0 79 0 0
0 65 38 0
0 72 38 0
0 72 0 1440
0 65 0 0
0 67 53 0
0 60 45 0
0 60 0 480
0 67 0 0
0 69 50 0
0 65 41 0
0 65 0 960
0 69 0 0
0 79 62 0
0 72 51 0
0 72 0 480
0 79 0 0
0 81 56 0
0 77 47 0
0 77 0 960
0 81 0 0
0 67 58 0
0 60 47 0
0 60 0 480
0 67 0 0
0 69 53 0
0 65 45 0
0 65 0 960
0 69 0 0
0 79 68 0
0 72 56 0
0 72 0 480
0 79 0 0
0 81 60 0
0 77 52 0
0 77 0 951
0 81 0 0
0 65 47 9
0 69 58 0
0 69 0 951
0 65 0 0
0 77 52 9
0 81 60 0
0 81 0 951
0 77 0 0
0 65 47 9
0 69 58 0
0 69 0 951
0 65 0 0
0 77 52 9
0 81 60 0
0 81 0 951
0 77 0 0
0 65 47 9
0 69 58 0
0 69 0 951
0 65 0 0
0 77 52 9
0 81 60 0
0 81 0 951
0 77 0 0
0 59 42 9
0 66 51 0
0 66 0 951
0 59 0 0
0 71 46 9
0 78 52 0
0 78 0 951
0 71 0 0
0 59 42 9
0 66 51 0
0 66 0 951
0 59 0 0
0 71 46 9
0 78 52 0
0 78 0 951
0 71 0 0
0 59 42 9
0 66 51 0
0 66 0 951
0 59 0 0
0 71 46 9
0 78 52 0
0 78 0 951
0 71 0 0
0 47 94 9
0 40 79 0
0 40 0 240
0 47 0 0
0 59 71 240
0 52 60 0
0 52 0 960
0 59 0 0
0 47 80 0
0 40 68 0
0 40 0 240
0 47 0 0
0 59 70 240
0 52 59 0
0 52 0 960
0 59 0 0
0 47 75 0
0 40 63 0
0 40 0 240
0 47 0 0
0 59 71 240
0 52 60 0
0 52 0 960
0 59 0 0
0 47 80 0
0 40 68 0
0 40 0 240
0 47 0 0
0 59 70 240
0 52 59 0
0 52 0 960
0 59 0 0
0 47 63 0
0 40 52 0
0 40 0 240
0 47 0 0
0 59 59 240
0 52 50 0
0 52 0 960
0 59 0 0
0 47 65 0
0 40 55 0
0 40 0 240
0 47 0 0
0 59 57 240
0 52 49 0
0 52 0 960
0 59 0 0
0 47 63 0
0 40 52 0
0 40 0 240
0 47 0 0
0 59 59 240
0 52 50 0
0 52 0 960
0 59 0 0
0 47 65 0
0 40 55 0
0 40 0 240
0 47 0 0
0 59 51 240
0 52 44 0
0 52 0 960
0 59 0 0
0 35 21 0
0 42 21 480
0 42 0 480
0 42 21 0
0 42 0 480
0 35 0 0
0 35 21 0
0 42 21 480
0 42 0 480
0 42 21 0
0 42 0 120
0 35 0 360
0 35 21 0
0 42 21 480
0 42 0 480
0 42 21 0
0 42 0 480
0 35 0 0
0 35 21 0
0 42 21 480
0 42 0 120
0 42 21 360
0 42 0 120
0 35 0 360
0 35 21 0
0 42 21 480
0 42 0 480
0 42 21 0
0 42 0 480
0 35 0 0
0 35 21 0
0 42 21 480
0 42 0 480
0 42 21 0
0 42 0 120
0 35 0 360
0 35 21 0
0 42 21 480
0 42 0 480
0 42 21 0
0 42 0 480
0 35 0 0
0 35 21 0
0 42 21 480
0 42 0 120
0 42 21 360
0 42 0 120
0 35 0 360
0 70 21 0
0 63 21 0
0 63 0 1440
0 70 0 0
0 56 21 0
0 63 21 0
0 63 0 1440
0 56 0 0
0 63 21 0
0 70 21 0
0 70 0 1440
0 63 0 0
0 58 21 0
0 65 21 0
0 65 0 1440
0 58 0 0
0 77 21 0
0 70 21 0
0 70 0 1440
0 77 0 0
0 63 21 0
0 70 21 0
0 70 0 1440
0 63 0 0
0 70 21 0
0 77 21 0
0 77 0 1440
0 70 0 0
0 65 21 0
0 72 21 0
0 72 0 1440
0 65 0 0
0 60 21 0
0 53 21 0
0 53 0 1440
0 60 0 0
0 46 21 0
0 53 21 0
0 53 0 1440
0 46 0 0
0 53 21 0
0 60 21 0
0 60 0 1440
0 53 0 0
0 48 21 0
0 55 21 0
0 55 0 1440
0 48 0 0
0 67 28 0
0 60 28 0
0 60 0 1440
0 67 0 0
0 53 30 0
0 60 30 0
0 60 0 1440
0 53 0 0
0 79 35 0
0 72 35 0
0 72 0 1440
0 79 0 0
0 65 38 0
0 72 38 0
0 72 0 1440
0 65 0 0
0 67 53 0
0 60 45 0
0 60 0 480
0 67 0 0
0 69 50 0
0 65 41 0
0 65 0 960
0 69 0 0
0 79 62 0
0 72 51 0
0 72 0 480
0 79 0 0
0 81 56 0
0 77 47 0
0 77 0 960
0 81 0 0
0 67 58 0
0 60 47 0
0 60 0 480
0 67 0 0
0 69 53 0
0 65 45 0
0 65 0 960
0 69 0 0
0 79 68 0
0 72 56 0
0 72 0 480
0 79 0 0
0 81 60 0
0 77 52 0
0 77 0 951
0 81 0 0
0 65 47 9
0 69 58 0
0 69 0 951
0 65 0 0
0 77 52 9
0 81 60 0
0 81 0 951
0 77 0 0
0 65 47 9
0 69 58 0
0 69 0 951
0 65 0 0
0 77 52 9
0 81 60 0
0 81 0 951
0 77 0 0
0 65 47 9
0 69 58 0
0 69 0 951
0 65 0 0
0 77 52 9
0 81 60 0
0 81 0 951
0 77 0 0
0 59 42 9
0 66 51 0
0 66 0 951
0 59 0 0
0 71 46 9
0 78 52 0
0 78 0 951
0 71 0 0
0 59 42 9
0 66 51 0
0 66 0 951
0 59 0 0
0 71 46 9
0 78 52 0
0 78 0 951
0 71 0 0
0 59 42 9
0 66 51 0
0 66 0 951
0 59 0 0
0 71 46 9
0 78 52 0
0 78 0 951
0 71 0 0
0 47 94 9
0 40 79 0
0 40 0 240
0 47 0 0
0 59 71 240
0 52 60 0
0 52 0 960
0 59 0 0
0 47 80 0
0 40 68 0
0 40 0 240
0 47 0 0
0 59 70 240
0 52 59 0
0 52 0 960
0 59 0 0
0 47 75 0
0 40 63 0
0 40 0 240
0 47 0 0
0 59 71 240
0 52 60 0
0 52 0 960
0 59 0 0
0 47 80 0
0 40 68 0
0 40 0 240
0 47 0 0
0 59 70 240
0 52 59 0
0 52 0 960
0 59 0 0
0 47 63 0
0 40 52 0
0 40 0 240
0 47 0 0
0 59 59 240
0 52 50 0
0 52 0 960
0 59 0 0
0 47 65 0
0 40 55 0
0 40 0 240
0 47 0 0
0 59 57 240
0 52 49 0
0 52 0 960
0 59 0 0
0 47 63 0
0 40 52 0
0 40 0 240
0 47 0 0
0 59 59 240
0 52 50 0
0 52 0 960
0 59 0 0
0 47 65 0
0 40 55 0
0 40 0 240
0 47 0 0
0 59 51 240
0 52 44 0
0 52 0 960
0 59 0 0
0 40 30 1440
0 47 35 480
0 47 0 960
0 40 0 0
0 40 33 0
0 47 30 480
0 47 0 960
0 40 0 0
0 40 25 1440
0 47 29 480
0 47 0 960
0 40 0 0
0 40 21 1440
0 47 24 480
0 47 0 960
0 40 0 0
0 64 30 1440
0 62 25 0
0 62 0 480
0 61 30 0
0 61 0 480
0 64 0 0
0 60 22 0
0 64 26 0
0 64 0 480
0 60 0 0
0 59 25 0
0 62 30 0
0 62 0 480
0 59 0 0
0 57 27 0
0 60 32 0
0 60 0 480
0 57 0 0
0 55 25 0
0 59 30 0
0 59 0 480
0 55 0 0
0 54 22 0
0 57 26 0
0 57 0 480
0 54 0 0
0 53 25 0
0 60 30 0
0 60 0 480
0 53 0 0
0 59 26 0
0 48 22 0
0 48 0 480
0 59 0 0
0 50 25 0
0 57 30 0
0 57 0 480
0 50 0 0
0 55 26 0
0 45 22 0
0 45 0 480
0 55 0 0
0 54 27 0
0 47 22 0
0 47 0 480
0 54 0 0
0 40 25 0
0 40 0 480
0 52 46 0
0 54 25 480
0 54 0 480
0 59 35 0
0 59 0 240
0 57 30 0
0 57 0 240
0 62 30 0
0 62 0 240
0 60 24 0
0 60 0 240
0 59 30 0
0 59 0 480
0 52 0 0
0 54 22 0
0 64 26 0
0 64 0 480
0 54 0 0
0 55 25 0
0 59 30 0
0 59 0 480
0 55 0 0
0 57 27 0
0 60 32 0
0 60 0 480
0 57 0 0
0 59 25 0
0 62 30 0
0 59 0 480
0 55 26 0
0 55 0 480
0 62 0 0
0 53 18 0
0 57 22 0
0 57 0 240
0 59 16 0
0 59 0 240
0 53 0 0
0 60 19 0
0 48 16 0
0 48 0 480
0 60 0 0
0 50 18 0
0 54 22 0
0 54 0 240
0 55 16 0
0 55 0 240
0 50 0 0
0 57 19 0
0 45 16 0
0 45 0 480
0 57 0 0
0 54 20 0
0 47 16 0
0 47 0 480
0 54 0 0
0 40 18 0
0 40 0 960
0 50 48 0
0 57 55 0
0 57 0 480
0 50 0 0
0 55 55 0
0 59 55 0
0 59 0 480
0 61 49 0
0 61 0 480
0 55 0 0
0 62 53 0
0 50 53 0
0 62 0 240
0 57 45 0
0 57 0 240
0 54 39 0
0 54 0 480
0 50 0 0
0 48 55 0
0 55 55 0
0 55 0 480
0 57 52 0
0 57 0 480
0 48 0 0
0 59 60 0
0 43 60 0
0 59 0 480
0 62 44 0
0 62 0 480
0 43 0 0
0 55 63 0
0 67 63 0
0 67 0 480
0 66 56 0
0 66 0 480
0 64 60 0
0 64 0 480
0 62 44 0
0 62 0 480
0 60 44 0
0 60 0 480
0 59 44 0
0 59 0 480
0 55 0 0
0 58 33 0
0 54 28 0
0 54 0 480
0 58 0 0
0 53 27 0
0 57 32 0
0 57 0 240
0 56 29 0
0 56 0 240
0 53 0 0
0 52 25 0
0 55 30 0
0 55 0 480
0 52 0 0
0 62 30 0
0 50 25 0
0 50 0 480
0 62 0 0
0 49 25 0
0 61 30 0
0 61 0 480
0 49 0 0
0 48 22 0
0 60 26 0
0 60 0 480
0 48 0 0
0 47 25 0
0 59 30 0
0 59 0 480
0 47 0 0
0 45 27 0
0 57 32 0
0 57 0 480
0 45 0 0
0 43 25 0
0 55 30 0
0 55 0 480
0 43 0 0
0 42 22 0
0 54 26 0
0 54 0 480
0 42 0 0
0 41 18 0
0 53 22 0
0 53 0 480
0 41 0 0
0 48 19 0
0 36 16 0
0 36 0 480
0 48 0 0
0 38 18 0
0 50 22 0
0 50 0 480
0 38 0 0
0 45 19 0
0 33 16 0
0 33 0 480
0 45 0 0
0 47 17 480
0 35 13 0
0 35 0 480
0 47 0 0
0 28 11 480
0 40 15 0
0 40 0 1440
0 28 0 0
