0 63 45 1680
0 63 0 120
0 65 45 0
0 65 0 120
0 66 49 0
0 70 49 0
0 70 0 120
0 66 0 0
0 65 45 0
0 65 0 120
0 63 45 0
0 63 0 120
0 65 45 0
0 65 0 120
0 66 47 0
0 70 47 0
0 70 0 120
0 66 0 0
0 65 45 0
0 65 0 120
0 63 45 0
0 63 0 120
0 65 45 0
0 65 0 120
0 70 49 0
0 66 49 0
0 66 0 120
0 70 0 0
0 66 45 120
0 63 45 0
0 63 0 120
0 66 0 0
0 66 46 120
0 63 46 0
0 63 0 120
0 66 0 0
0 66 45 120
0 70 45 0
0 70 0 120
0 66 0 0
0 65 50 120
0 69 50 0
0 69 0 120
0 65 0 0
0 60 45 120
0 65 45 0
0 65 0 120
0 60 0 0
0 65 46 120
0 60 46 0
0 60 0 120
0 65 0 0
0 65 45 120
0 69 45 0
0 69 0 120
0 65 0 0
0 69 54 120
0 65 54 0
0 65 0 720
0 69 0 0
0 68 46 0
0 68 0 120
0 70 49 0
0 70 0 120
0 71 54 0
0 75 54 0
0 75 0 120
0 71 0 0
0 70 51 0
0 70 0 120
0 68 51 0
0 68 0 120
0 70 51 0
0 70 0 120
0 75 54 0
0 71 54 0
0 71 0 120
0 75 0 0
0 70 50 0
0 70 0 120
0 68 50 0
0 68 0 120
0 70 50 0
0 70 0 120
0 71 54 0
0 75 54 0
0 75 0 120
0 71 0 0
0 71 50 120
0 68 50 0
0 68 0 120
0 71 0 0
0 68 50 120
0 71 50 0
0 71 0 120
0 68 0 0
0 75 50 120
0 71 50 0
0 71 0 120
0 75 0 0
0 70 54 120
0 74 54 0
0 74 0 120
0 70 0 0
0 70 50 120
0 65 50 0
0 65 0 120
0 70 0 0
0 70 50 120
0 65 50 0
0 65 0 120
0 70 0 0
0 74 50 120
0 70 50 0
0 70 0 120
0 74 0 0
0 70 58 120
0 74 58 0
0 74 0 360
0 70 0 0
0 78 74 360
0 78 0 120
0 80 74 0
0 80 0 120
0 82 86 0
0 85 86 0
0 85 0 120
0 82 0 0
0 80 73 0
0 80 0 120
0 78 73 0
0 78 0 120
0 80 73 0
0 80 0 120
0 85 79 0
0 82 79 0
0 82 0 220
0 85 0 0
0 73 73 20
0 73 0 120
0 75 73 0
0 75 0 120
0 77 85 0
0 80 85 0
0 80 0 120
0 77 0 0
0 75 73 0
0 75 0 120
0 73 71 0
0 73 0 120
0 75 71 0
0 75 0 120
0 77 80 0
0 80 80 0
0 80 0 220
0 77 0 0
0 71 73 20
0 71 0 120
0 73 73 0
0 73 0 120
0 78 86 0
0 75 86 0
0 75 0 120
0 78 0 0
0 73 71 0
0 73 0 120
0 71 71 0
0 71 0 120
0 73 71 0
0 73 0 120
0 78 80 0
0 75 80 0
0 75 0 220
0 78 0 0
0 66 74 20
0 66 0 120
0 68 74 0
0 68 0 120
0 73 89 0
0 70 89 0
0 70 0 120
0 73 0 0
0 68 71 0
0 68 0 120
0 66 71 0
0 66 0 120
0 68 71 0
0 68 0 120
0 73 79 0
0 70 79 0
0 70 0 220
0 73 0 0
0 53 69 20
0 53 0 120
0 54 69 0
0 54 0 120
0 56 79 0
0 56 0 120
0 54 67 0
0 54 0 120
0 53 67 0
0 53 0 120
0 54 73 120
0 54 0 120
0 53 63 0
0 53 0 120
0 51 63 0
0 51 0 120
0 53 69 120
0 53 0 120
0 51 61 0
0 51 0 120
0 49 61 0
0 49 0 120
0 51 66 120
0 51 0 120
0 49 59 0
0 49 0 120
0 48 59 0
0 48 0 120
0 51 45 1080
0 51 0 120
0 49 40 0
0 49 0 120
0 47 40 0
0 47 0 120
0 46 73 600
0 46 0 120
0 53 67 0
0 53 0 120
0 58 67 0
0 58 0 120
0 58 67 0
0 58 0 120
0 65 72 0
0 65 0 120
0 70 74 0
0 70 0 120
0 70 78 0
0 70 0 120
0 77 81 0
0 77 0 120
0 77 85 0
0 70 85 0
0 82 85 0
0 82 0 240
0 70 0 0
0 77 0 0
0 47 45 720
0 50 45 0
0 53 45 0
0 53 0 1200
0 50 0 0
0 47 0 0
0 50 42 480
0 53 42 0
0 59 51 0
0 59 0 120
0 53 0 0
0 50 0 0
0 50 46 120
0 53 46 0
0 59 55 0
0 59 0 120
0 53 0 0
0 50 0 0
0 50 42 120
0 53 42 0
0 58 51 0
0 58 0 120
0 53 0 0
0 50 0 0
0 50 42 120
0 53 42 0
0 58 51 0
0 58 0 120
0 53 0 0
0 50 0 0
0 50 46 120
0 53 46 0
0 57 55 0
0 57 0 120
0 53 0 0
0 50 0 0
0 50 49 120
0 53 49 0
0 57 59 0
0 57 0 120
0 53 0 0
0 50 0 0
0 50 48 120
0 53 48 0
0 56 57 0
0 56 0 120
0 53 0 0
0 50 0 0
0 50 46 120
0 53 46 0
0 56 55 0
0 56 0 120
0 53 0 0
0 50 0 0
0 50 46 360
0 53 46 0
0 56 46 0
0 56 0 1200
0 53 0 0
0 50 0 0
0 53 35 480
0 56 35 0
0 62 59 0
0 62 0 120
0 56 0 0
0 53 0 0
0 53 36 120
0 56 36 0
0 62 60 0
0 62 0 120
0 56 0 0
0 53 0 0
0 53 35 120
0 56 35 0
0 61 59 0
0 61 0 120
0 56 0 0
0 53 0 0
0 53 35 120
0 56 35 0
0 61 59 0
0 61 0 120
0 56 0 0
0 53 0 0
0 53 37 120
0 56 37 0
0 60 63 0
0 60 0 120
0 56 0 0
0 53 0 0
0 53 41 120
0 56 41 0
0 60 70 0
0 60 0 120
0 56 0 0
0 53 0 0
0 53 39 120
0 56 39 0
0 59 67 0
0 59 0 120
0 56 0 0
0 53 0 0
0 53 38 120
0 56 38 0
0 59 64 0
0 59 0 120
0 56 0 0
0 53 0 0
0 56 35 120
0 59 35 0
0 65 60 0
0 65 0 120
0 59 0 0
0 56 0 0
0 56 37 120
0 59 37 0
0 65 64 0
0 65 0 120
0 59 0 0
0 56 0 0
0 56 35 120
0 59 35 0
0 64 60 0
0 64 0 120
0 59 0 0
0 56 0 0
0 56 35 120
0 59 35 0
0 64 60 0
0 64 0 120
0 59 0 0
0 56 0 0
0 56 39 120
0 60 39 0
0 63 66 0
0 63 0 120
0 60 0 0
0 56 0 0
0 56 44 120
0 59 44 0
0 63 73 0
0 63 0 120
0 59 0 0
0 56 0 0
0 56 40 120
0 59 40 0
0 62 70 0
0 62 0 120
0 59 0 0
0 56 0 0
0 56 39 120
0 59 39 0
0 62 67 0
0 62 0 120
0 59 0 0
0 56 0 0
0 59 47 120
0 62 47 0
0 68 66 0
0 68 0 120
0 62 0 0
0 59 0 0
0 59 49 120
0 62 49 0
0 68 70 0
0 68 0 120
0 62 0 0
0 59 0 0
0 59 47 120
0 62 47 0
0 67 66 0
0 67 0 120
0 62 0 0
0 59 0 0
0 59 47 120
0 62 47 0
0 67 66 0
0 67 0 120
0 62 0 0
0 59 0 0
0 59 51 120
0 62 51 0
0 66 72 0
0 66 0 120
0 62 0 0
0 59 0 0
0 59 54 120
0 62 54 0
0 66 76 0
0 66 0 120
0 62 0 0
0 59 0 0
0 59 51 120
0 62 51 0
0 65 72 0
0 65 0 120
0 62 0 0
0 59 0 0
0 59 49 120
0 62 49 0
0 65 69 0
0 65 0 120
0 62 0 0
0 59 0 0
0 62 53 120
0 65 53 0
0 71 75 0
0 71 0 120
0 65 0 0
0 62 0 0
0 62 58 120
0 65 58 0
0 71 81 0
0 71 0 120
0 65 0 0
0 62 0 0
0 62 56 120
0 65 56 0
0 70 79 0
0 70 0 120
0 65 0 0
0 62 0 0
0 62 54 120
0 65 54 0
0 70 76 0
0 70 0 120
0 65 0 0
0 62 0 0
0 65 55 120
0 68 55 0
0 74 78 0
0 74 0 120
0 68 0 0
0 65 0 0
0 65 60 120
0 68 60 0
0 74 86 0
0 74 0 120
0 68 0 0
0 65 0 0
0 65 58 120
0 68 58 0
0 73 81 0
0 73 0 120
0 68 0 0
0 65 0 0
0 65 56 120
0 68 56 0
0 73 79 0
0 73 0 120
0 68 0 0
0 65 0 0
0 68 57 120
0 71 57 0
0 77 80 0
0 77 0 120
0 71 0 0
0 68 0 0
0 68 62 120
0 71 86 0
0 77 86 0
0 77 0 120
0 71 0 0
0 68 0 0
0 68 60 120
0 71 60 0
0 76 86 0
0 76 0 120
0 71 0 0
0 68 0 0
0 68 58 120
0 71 58 0
0 76 81 0
0 76 0 120
0 71 0 0
0 68 0 0
0 71 71 120
0 74 71 0
0 80 85 0
0 80 0 120
0 74 0 0
0 71 0 0
0 71 79 120
0 74 79 0
0 80 94 0
0 80 0 120
0 74 0 0
0 71 0 0
0 71 75 120
0 74 75 0
0 79 89 0
0 79 0 120
0 74 0 0
0 71 0 0
0 71 72 120
0 74 72 0
0 79 86 0
0 79 0 120
0 74 0 0
0 71 0 0
0 72 47 120
0 72 0 120
0 74 45 0
0 74 0 120
0 79 49 0
0 76 49 0
0 76 0 120
0 79 0 0
0 74 45 0
0 74 0 120
0 72 45 0
0 72 0 120
0 74 45 0
0 74 0 120
0 76 47 0
0 79 47 0
0 79 0 120
0 76 0 0
0 74 45 0
0 74 0 120
0 72 45 0
0 72 0 120
0 74 45 0
0 74 0 120
0 79 49 0
0 76 49 0
0 76 0 120
0 79 0 0
0 76 45 120
0 72 45 0
0 72 0 120
0 76 0 0
0 76 46 120
0 72 46 0
0 72 0 120
0 76 0 0
0 79 45 120
0 76 45 0
0 76 0 120
0 79 0 0
0 77 50 120
0 81 50 0
0 81 0 120
0 77 0 0
0 71 45 120
0 74 45 0
0 74 0 120
0 71 0 0
0 71 46 120
0 74 46 0
0 74 0 120
0 71 0 0
0 77 51 120
0 81 51 0
0 81 0 120
0 77 0 0
0 77 55 120
0 81 55 0
0 81 0 720
0 77 0 0
0 72 45 0
0 72 0 120
0 74 45 0
0 74 0 120
0 79 49 0
0 76 49 0
0 76 0 120
0 79 0 0
0 76 45 120
0 72 45 0
0 72 0 120
0 76 0 0
0 76 46 120
0 72 46 0
0 72 0 120
0 76 0 0
0 79 45 120
0 76 45 0
0 76 0 120
0 79 0 0
0 77 50 120
0 81 50 0
0 81 0 120
0 77 0 0
0 71 45 120
0 74 45 0
0 74 0 120
0 71 0 0
0 71 46 120
0 74 46 0
0 74 0 120
0 71 0 0
0 77 51 120
0 81 51 0
0 81 0 120
0 77 0 0
0 76 55 120
0 79 55 0
0 79 0 120
0 76 0 0
0 72 50 120
0 76 50 0
0 76 0 120
0 72 0 0
0 77 58 120
0 81 58 0
0 81 0 120
0 77 0 0
0 71 52 120
0 74 52 0
0 74 0 120
0 71 0 0
0 76 60 120
0 79 60 0
0 79 0 120
0 76 0 0
0 72 54 120
0 76 54 0
0 76 0 120
0 72 0 0
0 77 63 120
0 81 63 0
0 81 0 120
0 77 0 0
0 71 56 120
0 74 56 0
0 74 0 120
0 71 0 0
0 76 64 120
0 79 64 0
0 79 0 120
0 76 0 0
0 72 59 120
0 76 59 0
0 76 0 120
0 72 0 0
0 85 78 120
0 81 78 0
0 81 0 120
0 85 0 0
0 75 72 120
0 78 72 0
0 78 0 120
0 75 0 0
0 83 79 120
0 80 79 0
0 80 0 120
0 83 0 0
0 76 73 120
0 80 73 0
0 80 0 120
0 76 0 0
0 85 79 120
0 81 79 0
0 81 0 120
0 85 0 0
0 75 72 120
0 78 72 0
0 78 0 120
0 75 0 0
0 83 79 120
0 80 79 0
0 80 0 120
0 83 0 0
0 76 76 120
0 80 76 0
0 80 0 120
0 76 0 0
0 80 82 120
0 83 82 0
0 83 0 120
0 80 0 0
0 76 79 120
0 80 79 0
0 80 0 120
0 76 0 0
0 83 87 120
0 80 87 0
0 80 0 120
0 83 0 0
0 76 83 120
0 80 83 0
0 80 0 120
0 76 0 0
0 80 90 120
0 83 90 0
0 83 0 120
0 80 0 0
0 76 87 120
0 80 87 0
0 80 0 120
0 76 0 0
0 58 79 120
0 58 0 960
0 83 87 0
0 80 87 0
0 80 0 120
0 83 0 0
0 76 83 120
0 80 83 0
0 80 0 120
0 76 0 0
0 80 90 120
0 83 90 0
0 83 0 120
0 80 0 0
0 76 87 120
0 80 87 0
0 80 0 120
0 76 0 0
0 58 76 120
0 58 0 960
0 83 85 0
0 80 85 0
0 80 0 120
0 83 0 0
0 76 79 120
0 80 79 0
0 80 0 120
0 76 0 0
0 80 85 120
0 83 85 0
0 83 0 120
0 80 0 0
0 76 81 120
0 80 81 0
0 80 0 120
0 76 0 0
0 58 72 120
0 58 0 8160
0 63 45 240
0 63 0 120
0 65 45 0
0 65 0 120
0 70 49 0
0 66 49 0
0 66 0 120
0 70 0 0
0 65 45 0
0 65 0 120
0 63 45 0
0 63 0 120
0 65 45 0
0 65 0 120
0 66 47 0
0 70 47 0
0 70 0 120
0 66 0 0
0 65 45 0
0 65 0 120
0 63 45 0
0 63 0 120
0 65 45 0
0 65 0 120
0 70 49 0
0 66 49 0
0 66 0 120
0 70 0 0
0 66 45 120
0 63 45 0
0 63 0 120
0 66 0 0
0 66 46 120
0 63 46 0
0 63 0 120
0 66 0 0
0 70 45 120
0 66 45 0
0 66 0 120
0 70 0 0
0 65 50 120
0 69 50 0
0 69 0 120
0 65 0 0
0 60 45 120
0 65 45 0
0 65 0 120
0 60 0 0
0 60 46 120
0 65 46 0
0 65 0 120
0 60 0 0
0 65 45 120
0 69 45 0
0 69 0 120
0 65 0 0
0 65 54 120
0 69 54 0
0 69 0 720
0 65 0 0
0 68 46 0
0 68 0 120
0 70 49 0
0 70 0 120
0 71 54 0
0 75 54 0
0 75 0 120
0 71 0 0
0 70 51 0
0 70 0 120
0 68 51 0
0 68 0 120
0 70 51 0
0 70 0 120
0 71 54 0
0 75 54 0
0 75 0 120
0 71 0 0
0 70 50 0
0 70 0 120
0 68 50 0
0 68 0 120
0 70 50 0
0 70 0 120
0 71 54 0
0 75 54 0
0 75 0 120
0 71 0 0
0 68 50 120
0 71 50 0
0 71 0 120
0 68 0 0
0 71 50 120
0 68 50 0
0 68 0 120
0 71 0 0
0 71 50 120
0 75 50 0
0 75 0 120
0 71 0 0
0 70 54 120
0 74 54 0
0 74 0 120
0 70 0 0
0 65 50 120
0 70 50 0
0 70 0 120
0 65 0 0
0 65 50 120
0 70 50 0
0 70 0 120
0 65 0 0
0 70 50 120
0 74 50 0
0 74 0 120
0 70 0 0
0 70 58 120
0 74 58 0
0 74 0 360
0 70 0 0
0 83 78 360
0 83 0 120
0 85 78 0
0 85 0 120
0 87 90 0
0 90 90 0
0 90 0 120
0 87 0 0
0 85 77 0
0 85 0 120
0 83 77 0
0 83 0 120
0 85 77 0
0 85 0 120
0 90 81 0
0 87 81 0
0 87 0 220
0 90 0 0
0 78 77 20
0 78 0 120
0 80 77 0
0 80 0 120
0 85 90 0
0 82 90 0
0 82 0 120
0 85 0 0
0 80 77 0
0 80 0 120
0 78 74 0
0 78 0 120
0 80 74 0
0 80 0 120
0 85 83 0
0 82 83 0
0 82 0 220
0 85 0 0
0 76 77 20
0 76 0 120
0 78 77 0
0 78 0 120
0 80 90 0
0 83 90 0
0 83 0 120
0 80 0 0
0 78 74 0
0 78 0 120
0 76 74 0
0 76 0 120
0 78 74 0
0 78 0 120
0 83 83 0
0 80 83 0
0 80 0 220
0 83 0 0
0 71 78 20
0 71 0 120
0 73 78 0
0 73 0 120
0 78 91 0
0 75 91 0
0 75 0 120
0 78 0 0
0 73 74 0
0 73 0 120
0 71 74 0
0 71 0 120
0 73 74 0
0 73 0 120
0 78 81 0
0 75 81 0
0 75 0 220
0 78 0 0
0 58 72 20
0 58 0 120
0 59 72 0
0 59 0 120
0 61 81 0
0 61 0 120
0 59 70 0
0 59 0 120
0 58 70 0
0 58 0 120
0 59 77 120
0 59 0 120
0 58 65 0
0 58 0 120
0 56 65 0
0 56 0 120
0 58 72 120
0 58 0 120
0 56 64 0
0 56 0 120
0 54 64 0
0 54 0 120
0 56 69 120
0 56 0 120
0 54 63 0
0 54 0 120
0 53 63 0
0 53 0 120
0 56 45 1080
0 56 0 120
0 54 42 0
0 54 0 120
0 52 42 0
0 52 0 120
0 51 78 600
0 51 0 120
0 58 73 0
0 58 0 120
0 63 73 0
0 63 0 120
0 63 73 0
0 63 0 120
0 70 76 0
0 70 0 120
0 75 81 0
0 75 0 120
0 75 85 0
0 75 0 120
0 82 87 0
0 82 0 120
0 75 92 0
0 87 92 0
0 82 92 0
0 82 0 240
0 87 0 0
0 75 0 0
0 47 45 720
0 50 45 0
0 53 45 0
0 53 0 1200
0 50 0 0
0 47 0 0
0 50 36 480
0 53 36 0
0 59 51 0
0 59 0 120
0 53 0 0
0 50 0 0
0 50 38 120
0 53 38 0
0 59 55 0
0 59 0 120
0 53 0 0
0 50 0 0
0 50 36 120
0 53 36 0
0 58 51 0
0 58 0 120
0 53 0 0
0 50 0 0
0 50 36 120
0 53 36 0
0 58 51 0
0 58 0 120
0 53 0 0
0 50 0 0
0 50 38 120
0 53 38 0
0 57 55 0
0 57 0 120
0 53 0 0
0 50 0 0
0 50 41 120
0 53 41 0
0 57 59 0
0 57 0 120
0 53 0 0
0 50 0 0
0 50 40 120
0 53 40 0
0 56 57 0
0 56 0 120
0 53 0 0
0 50 0 0
0 50 38 120
0 53 38 0
0 56 55 0
0 56 0 120
0 53 0 0
0 50 0 0
0 50 46 360
0 53 46 0
0 56 46 0
0 56 0 1200
0 53 0 0
0 50 0 0
0 53 49 480
0 56 49 0
0 62 59 0
0 62 0 120
0 56 0 0
0 53 0 0
0 53 50 120
0 56 50 0
0 62 60 0
0 62 0 120
0 56 0 0
0 53 0 0
0 53 49 120
0 56 49 0
0 61 59 0
0 61 0 120
0 56 0 0
0 53 0 0
0 53 49 120
0 56 49 0
0 61 59 0
0 61 0 120
0 56 0 0
0 53 0 0
0 53 53 120
0 56 53 0
0 60 63 0
0 60 0 120
0 56 0 0
0 53 0 0
0 53 59 120
0 56 59 0
0 60 70 0
0 60 0 120
0 56 0 0
0 53 0 0
0 53 56 120
0 56 56 0
0 59 67 0
0 59 0 120
0 56 0 0
0 53 0 0
0 53 55 120
0 56 55 0
0 59 64 0
0 59 0 120
0 56 0 0
0 53 0 0
0 56 51 120
0 59 51 0
0 65 60 0
0 65 0 120
0 59 0 0
0 56 0 0
0 56 53 120
0 59 53 0
0 65 64 0
0 65 0 120
0 59 0 0
0 56 0 0
0 56 51 120
0 59 51 0
0 64 60 0
0 64 0 120
0 59 0 0
0 56 0 0
0 56 51 120
0 59 51 0
0 64 60 0
0 64 0 120
0 59 0 0
0 56 0 0
0 56 55 120
0 60 55 0
0 63 66 0
0 63 0 120
0 60 0 0
0 56 0 0
0 56 61 120
0 59 61 0
0 63 73 0
0 63 0 120
0 59 0 0
0 56 0 0
0 56 58 120
0 59 58 0
0 62 70 0
0 62 0 120
0 59 0 0
0 56 0 0
0 56 56 120
0 59 56 0
0 62 67 0
0 62 0 120
0 59 0 0
0 56 0 0
0 59 55 120
0 62 66 0
0 68 66 0
0 68 0 120
0 62 0 0
0 59 0 0
0 59 58 120
0 62 58 0
0 68 70 0
0 68 0 120
0 62 0 0
0 59 0 0
0 59 55 120
0 62 55 0
0 67 66 0
0 67 0 120
0 62 0 0
0 59 0 0
0 59 55 120
0 62 55 0
0 67 66 0
0 67 0 120
0 62 0 0
0 59 0 0
0 59 60 120
0 62 60 0
0 66 72 0
0 66 0 120
0 62 0 0
0 59 0 0
0 59 65 120
0 62 65 0
0 66 76 0
0 66 0 120
0 62 0 0
0 59 0 0
0 59 60 120
0 62 60 0
0 65 72 0
0 65 0 120
0 62 0 0
0 59 0 0
0 59 58 120
0 62 58 0
0 65 69 0
0 65 0 120
0 62 0 0
0 59 0 0
0 62 53 120
0 65 53 0
0 71 75 0
0 71 0 120
0 65 0 0
0 62 0 0
0 62 58 120
0 65 58 0
0 71 81 0
0 71 0 120
0 65 0 0
0 62 0 0
0 62 56 120
0 65 56 0
0 70 79 0
0 70 0 120
0 65 0 0
0 62 0 0
0 62 54 120
0 65 54 0
0 70 76 0
0 70 0 120
0 65 0 0
0 62 0 0
0 65 55 120
0 68 55 0
0 74 78 0
0 74 0 120
0 68 0 0
0 65 0 0
0 65 60 120
0 68 60 0
0 74 86 0
0 74 0 120
0 68 0 0
0 65 0 0
0 65 58 120
0 68 58 0
0 73 81 0
0 73 0 120
0 68 0 0
0 65 0 0
0 65 56 120
0 68 56 0
0 73 79 0
0 73 0 120
0 68 0 0
0 65 0 0
0 68 57 120
0 71 57 0
0 77 80 0
0 77 0 120
0 71 0 0
0 68 0 0
0 68 62 120
0 71 62 0
0 77 86 0
0 77 0 120
0 71 0 0
0 68 0 0
0 68 60 120
0 71 60 0
0 76 86 0
0 76 0 120
0 71 0 0
0 68 0 0
0 68 58 120
0 71 58 0
0 76 81 0
0 76 0 120
0 71 0 0
0 68 0 0
0 71 71 120
0 74 71 0
0 80 85 0
0 80 0 120
0 74 0 0
0 71 0 0
0 71 79 120
0 74 79 0
0 80 94 0
0 80 0 120
0 74 0 0
0 71 0 0
0 71 75 120
0 74 75 0
0 79 89 0
0 79 0 120
0 74 0 0
0 71 0 0
0 71 72 120
0 74 72 0
0 79 86 0
0 79 0 120
0 74 0 0
0 71 0 0
0 72 45 120
0 72 0 120
0 74 45 0
0 74 0 120
0 79 49 0
0 76 49 0
0 76 0 120
0 79 0 0
0 74 45 0
0 74 0 120
0 72 45 0
0 72 0 120
0 74 45 0
0 74 0 120
0 76 47 0
0 79 47 0
0 79 0 120
0 76 0 0
0 74 45 0
0 74 0 120
0 72 45 0
0 72 0 120
0 74 45 0
0 74 0 120
0 79 49 0
0 76 49 0
0 76 0 120
0 79 0 0
0 76 45 120
0 72 45 0
0 72 0 120
0 76 0 0
0 76 46 120
0 72 46 0
0 72 0 120
0 76 0 0
0 79 45 120
0 76 45 0
0 76 0 120
0 79 0 0
0 77 50 120
0 81 50 0
0 81 0 120
0 77 0 0
0 71 45 120
0 74 45 0
0 74 0 120
0 71 0 0
0 71 46 120
0 74 46 0
0 74 0 120
0 71 0 0
0 77 51 120
0 81 51 0
0 81 0 120
0 77 0 0
0 77 55 120
0 81 55 0
0 81 0 720
0 77 0 0
0 72 45 0
0 72 0 120
0 74 45 0
0 74 0 120
0 79 49 0
0 76 49 0
0 76 0 120
0 79 0 0
0 76 45 120
0 72 45 0
0 72 0 120
0 76 0 0
0 76 46 120
0 72 46 0
0 72 0 120
0 76 0 0
0 79 45 120
0 76 45 0
0 76 0 120
0 79 0 0
0 77 50 120
0 81 50 0
0 81 0 120
0 77 0 0
0 71 45 120
0 74 45 0
0 74 0 120
0 71 0 0
0 71 46 120
0 74 46 0
0 74 0 120
0 71 0 0
0 77 51 120
0 81 51 0
0 81 0 120
0 77 0 0
0 76 55 120
0 79 55 0
0 79 0 120
0 76 0 0
0 72 50 120
0 76 50 0
0 76 0 120
0 72 0 0
0 77 58 120
0 81 58 0
0 81 0 120
0 77 0 0
0 71 52 120
0 74 52 0
0 74 0 120
0 71 0 0
0 76 60 120
0 79 60 0
0 79 0 120
0 76 0 0
0 72 54 120
0 76 54 0
0 76 0 120
0 72 0 0
0 77 63 120
0 81 63 0
0 81 0 120
0 77 0 0
0 71 56 120
0 74 56 0
0 74 0 120
0 71 0 0
0 76 64 120
0 79 64 0
0 79 0 120
0 76 0 0
0 72 59 120
0 76 59 0
0 76 0 120
0 72 0 0
0 85 78 120
0 81 78 0
0 81 0 120
0 85 0 0
0 75 72 120
0 78 72 0
0 78 0 120
0 75 0 0
0 83 79 120
0 80 79 0
0 80 0 120
0 83 0 0
0 76 73 120
0 80 73 0
0 80 0 120
0 76 0 0
0 85 79 120
0 81 79 0
0 81 0 120
0 85 0 0
0 75 72 120
0 78 72 0
0 78 0 120
0 75 0 0
0 83 79 120
0 80 79 0
0 80 0 120
0 83 0 0
0 76 76 120
0 80 76 0
0 80 0 120
0 76 0 0
0 80 82 120
0 83 82 0
0 83 0 120
0 80 0 0
0 76 79 120
0 80 79 0
0 80 0 120
0 76 0 0
0 83 87 120
0 80 87 0
0 80 0 120
0 83 0 0
0 76 83 120
0 80 83 0
0 80 0 120
0 76 0 0
0 80 90 120
0 83 90 0
0 83 0 120
0 80 0 0
0 76 87 120
0 80 87 0
0 80 0 120
0 76 0 0
0 58 79 120
0 58 0 960
0 83 87 0
0 80 87 0
0 80 0 120
0 83 0 0
0 76 83 120
0 80 83 0
0 80 0 120
0 76 0 0
0 80 90 120
0 83 90 0
0 83 0 120
0 80 0 0
0 76 87 120
0 80 87 0
0 80 0 120
0 76 0 0
0 58 76 120
0 58 0 960
0 83 85 0
0 80 85 0
0 80 0 120
0 83 0 0
0 76 79 120
0 80 79 0
0 80 0 120
0 76 0 0
0 80 85 120
0 83 85 0
0 83 0 120
0 80 0 0
0 76 81 120
0 80 81 0
0 80 0 120
0 76 0 0
0 58 72 120
0 58 0 8160
0 63 45 240
0 63 0 120
0 65 45 0
0 65 0 120
0 70 49 0
0 66 49 0
0 66 0 120
0 70 0 0
0 65 45 0
0 65 0 120
0 63 45 0
0 63 0 120
0 65 45 0
0 65 0 120
0 66 47 0
0 70 47 0
0 70 0 120
0 66 0 0
0 65 45 0
0 65 0 120
0 63 45 0
0 63 0 120
0 65 45 0
0 65 0 120
0 70 49 0
0 66 49 0
0 66 0 120
0 70 0 0
0 66 45 120
0 63 45 0
0 63 0 120
0 66 0 0
0 66 46 120
0 63 46 0
0 63 0 120
0 66 0 0
0 70 45 120
0 66 45 0
0 66 0 120
0 70 0 0
0 65 50 120
0 69 50 0
0 69 0 120
0 65 0 0
0 60 45 120
0 65 45 0
0 65 0 120
0 60 0 0
0 60 46 120
0 65 46 0
0 65 0 120
0 60 0 0
0 65 45 120
0 69 45 0
0 69 0 120
0 65 0 0
0 65 54 120
0 69 54 0
0 69 0 720
0 65 0 0
0 68 46 0
0 68 0 120
0 70 49 0
0 70 0 120
0 71 54 0
0 75 54 0
0 75 0 120
0 71 0 0
0 70 51 0
0 70 0 120
0 68 51 0
0 68 0 120
0 70 51 0
0 70 0 120
0 71 54 0
0 75 54 0
0 75 0 120
0 71 0 0
0 70 50 0
0 70 0 120
0 68 50 0
0 68 0 120
0 70 50 0
0 70 0 120
0 71 54 0
0 75 54 0
0 75 0 120
0 71 0 0
0 68 50 120
0 71 50 0
0 71 0 120
0 68 0 0
0 71 50 120
0 68 50 0
0 68 0 120
0 71 0 0
0 71 50 120
0 75 50 0
0 75 0 120
0 71 0 0
0 70 54 120
0 74 54 0
0 74 0 120
0 70 0 0
0 65 50 120
0 70 50 0
0 70 0 120
0 65 0 0
0 65 50 120
0 70 50 0
0 70 0 120
0 65 0 0
0 70 50 120
0 74 50 0
0 74 0 120
0 70 0 0
0 70 58 120
0 74 58 0
0 74 0 360
0 70 0 0
0 83 78 360
0 83 0 120
0 85 78 0
0 85 0 120
0 87 90 0
0 90 90 0
0 90 0 120
0 87 0 0
0 85 77 0
0 85 0 120
0 83 77 0
0 83 0 120
0 85 77 0
0 85 0 120
0 90 81 0
0 87 81 0
0 87 0 220
0 90 0 0
0 78 77 20
0 78 0 120
0 80 77 0
0 80 0 120
0 85 90 0
0 82 90 0
0 82 0 120
0 85 0 0
0 80 77 0
0 80 0 120
0 78 74 0
0 78 0 120
0 80 74 0
0 80 0 120
0 85 83 0
0 82 83 0
0 82 0 220
0 85 0 0
0 76 77 20
0 76 0 120
0 78 77 0
0 78 0 120
0 80 90 0
0 83 90 0
0 83 0 120
0 80 0 0
0 78 74 0
0 78 0 120
0 76 74 0
0 76 0 120
0 78 74 0
0 78 0 120
0 83 83 0
0 80 83 0
0 80 0 220
0 83 0 0
0 71 78 20
0 71 0 120
0 73 78 0
0 73 0 120
0 78 91 0
0 75 91 0
0 75 0 120
0 78 0 0
0 73 74 0
0 73 0 120
0 71 74 0
0 71 0 120
0 73 74 0
0 73 0 120
0 78 81 0
0 75 81 0
0 75 0 220
0 78 0 0
0 58 72 20
0 58 0 120
0 59 72 0
0 59 0 120
0 61 81 0
0 61 0 120
0 59 70 0
0 59 0 120
0 58 70 0
0 58 0 120
0 59 77 120
0 59 0 120
0 58 65 0
0 58 0 120
0 56 65 0
0 56 0 120
0 58 72 120
0 58 0 120
0 56 64 0
0 56 0 120
0 54 64 0
0 54 0 120
0 56 69 120
0 56 0 120
0 54 63 0
0 54 0 120
0 53 63 0
0 53 0 120
0 56 45 1080
0 56 0 120
0 54 42 0
0 54 0 120
0 52 42 0
0 52 0 120
0 51 82 600
0 51 0 120
0 58 76 0
0 58 0 120
0 63 76 0
0 63 0 120
0 63 76 0
0 63 0 120
0 70 80 0
0 70 0 120
0 75 85 0
0 75 0 120
0 75 89 0
0 75 0 120
0 82 92 0
0 82 0 120
0 75 95 0
0 87 95 0
0 82 95 0
0 82 0 240
0 87 0 0
0 75 0 0
0 39 45 1
0 39 0 120
0 46 41 119
0 46 0 120
0 39 41 120
0 39 0 120
0 34 41 120
0 34 0 120
0 39 45 120
0 39 0 120
0 46 41 120
0 46 0 120
0 39 41 120
0 39 0 120
0 34 41 120
0 34 0 120
0 39 45 120
0 39 0 120
0 46 42 120
0 46 0 120
0 39 42 120
0 39 0 120
0 34 42 120
0 34 0 120
0 39 45 120
0 39 0 120
0 46 42 120
0 46 0 120
0 39 42 120
0 39 0 120
0 34 42 120
0 34 0 120
0 39 45 120
0 39 0 120
0 46 42 120
0 46 0 120
0 39 42 120
0 39 0 120
0 34 42 120
0 34 0 120
0 39 45 120
0 39 0 120
0 46 41 120
0 46 0 120
0 39 41 120
0 39 0 120
0 34 41 120
0 34 0 120
0 39 49 120
0 39 0 120
0 46 45 120
0 46 0 120
0 39 45 120
0 39 0 120
0 34 45 120
0 34 0 120
0 39 49 120
0 39 0 120
0 46 45 120
0 46 0 120
0 39 45 120
0 39 0 120
0 34 45 120
0 34 0 120
0 39 49 120
0 39 0 120
0 46 45 120
0 46 0 120
0 39 45 120
0 39 0 120
0 34 45 120
0 34 0 120
0 39 49 120
0 39 0 120
0 46 45 120
0 46 0 120
0 39 45 120
0 39 0 120
0 66 67 360
0 73 67 0
0 73 0 720
0 66 0 0
0 68 67 240
0 61 67 0
0 61 0 720
0 68 0 0
0 66 67 240
0 59 67 0
0 59 0 720
0 66 0 0
0 61 67 240
0 54 67 0
0 54 0 720
0 61 0 0
0 41 67 0
0 41 0 120
0 42 67 0
0 42 0 120
0 44 79 0
0 44 0 120
0 42 67 0
0 42 0 120
0 41 67 0
0 41 0 120
0 42 70 120
0 42 0 120
0 41 64 0
0 41 0 120
0 39 64 0
0 39 0 120
0 41 69 120
0 41 0 120
0 39 60 0
0 39 0 120
0 37 60 0
0 37 0 120
0 39 67 120
0 39 0 120
0 37 59 0
0 37 0 120
0 36 59 0
0 36 0 120
0 39 45 1080
0 39 0 120
0 37 41 0
0 37 0 120
0 35 41 0
0 35 0 120
0 34 67 600
0 41 67 0
0 41 0 960
0 34 0 0
0 65 81 0
0 58 81 0
0 58 0 240
0 65 0 0
0 32 61 424
0 32 0 120
0 34 61 0
0 34 0 120
0 35 68 0
0 35 0 120
0 34 61 0
0 34 0 120
0 32 61 0
0 32 0 120
0 34 61 0
0 34 0 120
0 35 64 0
0 35 0 120
0 34 61 0
0 34 0 120
0 32 61 0
0 32 0 120
0 34 61 0
0 34 0 120
0 35 73 0
0 35 0 120
0 32 67 120
0 32 0 120
0 32 67 120
0 32 0 120
0 46 52 600
0 46 0 120
0 46 52 120
0 46 0 120
0 47 54 120
0 47 0 120
0 47 56 120
0 47 0 120
0 35 61 600
0 35 0 120
0 37 61 0
0 37 0 120
0 38 68 0
0 38 0 120
0 37 61 0
0 37 0 120
0 35 61 0
0 35 0 120
0 37 61 0
0 37 0 120
0 38 64 0
0 38 0 120
0 37 61 0
0 37 0 120
0 35 61 0
0 35 0 120
0 37 61 0
0 37 0 120
0 38 73 0
0 38 0 120
0 35 67 120
0 35 0 120
0 35 67 120
0 35 0 120
0 49 54 600
0 49 0 120
0 49 54 120
0 49 0 120
0 50 56 120
0 50 0 120
0 50 61 120
0 50 0 120
0 52 58 1080
0 52 0 120
0 52 58 120
0 52 0 120
0 53 63 120
0 53 0 120
0 53 67 120
0 53 0 120
0 55 63 1080
0 55 0 120
0 55 63 120
0 55 0 120
0 56 68 120
0 56 0 120
0 56 69 120
0 56 0 120
0 58 70 1080
0 58 0 120
0 58 76 120
0 58 0 120
0 61 74 600
0 61 0 120
0 61 78 120
0 61 0 120
0 64 76 600
0 64 0 120
0 64 82 120
0 64 0 120
0 67 80 600
0 67 0 120
0 67 85 120
0 67 0 120
0 67 45 360
0 60 45 0
0 60 0 120
0 67 0 0
0 67 41 120
0 60 41 0
0 60 0 120
0 67 0 0
0 67 41 120
0 60 41 0
0 60 0 120
0 67 0 0
0 67 41 120
0 60 41 0
0 60 0 120
0 67 0 0
0 67 45 120
0 60 45 0
0 60 0 120
0 67 0 0
0 67 41 120
0 60 41 0
0 60 0 120
0 67 0 0
0 67 41 120
0 60 41 0
0 60 0 120
0 67 0 0
0 67 41 120
0 60 41 0
0 60 0 120
0 67 0 0
0 67 45 120
0 60 45 0
0 60 0 120
0 67 0 0
0 67 40 120
0 60 40 0
0 60 0 120
0 67 0 0
0 67 40 120
0 60 40 0
0 60 0 120
0 67 0 0
0 67 40 120
0 60 40 0
0 60 0 120
0 67 0 0
0 67 45 120
0 60 45 0
0 60 0 120
0 67 0 0
0 67 40 120
0 60 40 0
0 60 0 120
0 67 0 0
0 67 40 120
0 60 40 0
0 60 0 120
0 67 0 0
0 60 40 120
0 67 40 0
0 67 0 120
0 60 0 0
0 67 45 120
0 60 45 0
0 60 0 120
0 67 0 0
0 67 41 120
0 60 41 0
0 60 0 120
0 67 0 0
0 60 41 120
0 67 41 0
0 67 0 120
0 60 0 0
0 67 41 120
0 60 41 0
0 60 0 120
0 67 0 0
0 60 45 120
0 67 45 0
0 67 0 120
0 60 0 0
0 67 40 120
0 60 40 0
0 60 0 120
0 67 0 0
0 67 40 120
0 60 40 0
0 60 0 120
0 67 0 0
0 60 40 120
0 67 40 0
0 67 0 120
0 60 0 0
0 67 45 120
0 60 45 0
0 60 0 120
0 67 0 0
0 67 40 120
0 60 40 0
0 60 0 120
0 67 0 0
0 60 41 120
0 67 41 0
0 67 0 120
0 60 0 0
0 67 42 120
0 60 42 0
0 60 0 120
0 67 0 0
0 67 47 120
0 60 47 0
0 60 0 120
0 67 0 0
0 67 43 120
0 60 43 0
0 60 0 120
0 67 0 0
0 60 45 120
0 67 45 0
0 67 0 120
0 60 0 0
0 67 45 120
0 60 45 0
0 60 0 120
0 67 0 0
0 67 51 120
0 60 51 0
0 60 0 120
0 67 0 0
0 67 46 120
0 60 46 0
0 60 0 120
0 67 0 0
0 71 63 120
0 64 63 0
0 64 0 120
0 71 0 0
0 71 58 120
0 64 58 0
0 64 0 120
0 71 0 0
0 64 63 120
0 71 63 0
0 71 0 120
0 64 0 0
0 64 58 120
0 71 58 0
0 71 0 120
0 64 0 0
0 64 63 120
0 71 63 0
0 71 0 120
0 64 0 0
0 64 58 120
0 71 58 0
0 71 0 120
0 64 0 0
0 64 63 120
0 71 63 0
0 71 0 120
0 64 0 0
0 64 59 120
0 71 59 0
0 71 0 120
0 64 0 0
0 64 64 120
0 71 64 0
0 71 0 120
0 64 0 0
0 64 61 120
0 71 61 0
0 71 0 120
0 64 0 0
0 64 68 120
0 71 68 0
0 71 0 120
0 64 0 0
0 64 64 120
0 71 64 0
0 71 0 120
0 64 0 0
0 64 72 120
0 71 72 0
0 71 0 120
0 64 0 0
0 64 67 120
0 71 67 0
0 71 0 120
0 64 0 0
0 64 68 1080
0 71 68 0
0 71 0 120
0 64 0 0
0 64 64 120
0 71 64 0
0 71 0 120
0 64 0 0
0 64 72 120
0 71 72 0
0 71 0 120
0 64 0 0
0 64 67 120
0 71 67 0
0 71 0 120
0 64 0 0
0 64 64 1080
0 71 64 0
0 71 0 120
0 64 0 0
0 64 61 120
0 71 61 0
0 71 0 120
0 64 0 0
0 64 64 120
0 71 64 0
0 71 0 120
0 64 0 0
0 64 59 120
0 71 59 0
0 71 0 120
0 64 0 0
0 57 45 360
0 57 0 120
0 56 45 120
0 56 0 120
0 55 45 120
0 55 0 120
0 54 45 120
0 54 0 120
0 53 45 120
0 53 0 120
0 52 45 120
0 52 0 120
0 51 45 120
0 51 0 120
0 50 45 360
0 50 0 120
0 49 45 120
0 49 0 120
0 48 45 120
0 48 0 120
0 47 45 120
0 47 0 120
0 46 45 120
0 46 0 120
0 45 45 120
0 45 0 120
0 44 45 120
0 44 0 120
0 43 41 600
0 43 0 240
0 42 40 720
0 42 0 240
0 41 37 720
0 41 0 240
0 40 36 720
0 40 0 240
0 39 45 1200
0 39 0 120
0 46 42 120
0 46 0 120
0 39 42 120
0 39 0 120
0 34 42 120
0 34 0 120
0 39 45 120
0 39 0 120
0 46 42 120
0 46 0 120
0 39 42 120
0 39 0 120
0 34 42 120
0 34 0 120
0 39 45 120
0 39 0 120
0 46 42 120
0 46 0 120
0 39 42 120
0 39 0 120
0 34 42 120
0 34 0 120
0 39 45 120
0 39 0 120
0 46 41 120
0 46 0 120
0 39 41 120
0 39 0 120
0 34 41 120
0 34 0 120
0 39 49 120
0 39 0 120
0 46 45 120
0 46 0 120
0 39 45 120
0 39 0 120
0 34 45 120
0 34 0 120
0 39 49 120
0 39 0 120
0 46 45 120
0 46 0 120
0 39 45 120
0 39 0 120
0 34 45 120
0 34 0 120
0 39 49 120
0 39 0 120
0 46 45 120
0 46 0 120
0 39 45 120
0 39 0 120
0 34 45 120
0 34 0 120
0 39 49 120
0 39 0 120
0 46 45 120
0 46 0 120
0 39 45 120
0 39 0 120
0 78 70 360
0 71 70 0
0 71 0 720
0 78 0 0
0 66 70 240
0 73 70 0
0 73 0 720
0 66 0 0
0 64 70 240
0 71 70 0
0 71 0 720
0 64 0 0
0 59 70 240
0 66 70 0
0 66 0 720
0 59 0 0
0 46 70 0
0 46 0 120
0 47 70 0
0 47 0 120
0 49 81 0
0 49 0 120
0 47 70 0
0 47 0 120
0 46 70 0
0 46 0 120
0 47 73 120
0 47 0 120
0 46 67 0
0 46 0 120
0 44 67 0
0 44 0 120
0 46 72 120
0 46 0 120
0 44 63 0
0 44 0 120
0 42 63 0
0 42 0 120
0 44 70 120
0 44 0 120
0 42 63 0
0 42 0 120
0 41 63 0
0 41 0 120
0 44 45 1080
0 44 0 120
0 42 41 0
0 42 0 120
0 40 41 0
0 40 0 120
0 39 77 0
0 46 77 0
0 46 0 960
0 39 0 0
0 70 92 0
0 63 92 0
0 63 0 240
0 70 0 0
0 32 61 424
0 32 0 120
0 34 61 0
0 34 0 120
0 35 68 0
0 35 0 120
0 34 61 0
0 34 0 120
0 32 61 0
0 32 0 120
0 34 61 0
0 34 0 120
0 35 64 0
0 35 0 120
0 34 61 0
0 34 0 120
0 32 61 0
0 32 0 120
0 34 61 0
0 34 0 120
0 35 73 0
0 35 0 120
0 32 67 120
0 32 0 120
0 32 67 120
0 32 0 120
0 46 52 600
0 46 0 120
0 46 52 120
0 46 0 120
0 47 54 120
0 47 0 120
0 47 56 120
0 47 0 120
0 35 61 600
0 35 0 120
0 37 61 0
0 37 0 120
0 38 68 0
0 38 0 120
0 37 61 0
0 37 0 120
0 35 61 0
0 35 0 120
0 37 61 0
0 37 0 120
0 38 64 0
0 38 0 120
0 37 61 0
0 37 0 120
0 35 61 0
0 35 0 120
0 37 61 0
0 37 0 120
0 38 73 0
0 38 0 120
0 35 67 120
0 35 0 120
0 35 67 120
0 35 0 120
0 49 54 600
0 49 0 120
0 49 54 120
0 49 0 120
0 50 56 120
0 50 0 120
0 50 61 120
0 50 0 120
0 52 58 1080
0 52 0 120
0 52 58 120
0 52 0 120
0 53 63 120
0 53 0 120
0 53 67 120
0 53 0 120
0 55 63 1080
0 55 0 120
0 55 63 120
0 55 0 120
0 56 68 120
0 56 0 120
0 56 69 120
0 56 0 120
0 58 70 1080
0 58 0 120
0 58 76 120
0 58 0 120
0 61 74 600
0 61 0 120
0 61 78 120
0 61 0 120
0 64 76 600
0 64 0 120
0 64 82 120
0 64 0 120
0 67 80 600
0 67 0 120
0 67 85 120
0 67 0 120
0 67 45 360
0 60 45 0
0 60 0 120
0 67 0 0
0 67 41 120
0 60 41 0
0 60 0 120
0 67 0 0
0 67 41 120
0 60 41 0
0 60 0 120
0 67 0 0
0 67 41 120
0 60 41 0
0 60 0 120
0 67 0 0
0 67 45 120
0 60 45 0
0 60 0 120
0 67 0 0
0 67 41 120
0 60 41 0
0 60 0 120
0 67 0 0
0 67 41 120
0 60 41 0
0 60 0 120
0 67 0 0
0 67 41 120
0 60 41 0
0 60 0 120
0 67 0 0
0 67 45 120
0 60 45 0
0 60 0 120
0 67 0 0
0 67 40 120
0 60 40 0
0 60 0 120
0 67 0 0
0 67 40 120
0 60 40 0
0 60 0 120
0 67 0 0
0 67 40 120
0 60 40 0
0 60 0 120
0 67 0 0
0 67 45 120
0 60 45 0
0 60 0 120
0 67 0 0
0 67 40 120
0 60 40 0
0 60 0 120
0 67 0 0
0 67 40 120
0 60 40 0
0 60 0 120
0 67 0 0
0 60 40 120
0 67 40 0
0 67 0 120
0 60 0 0
0 67 45 120
0 60 45 0
0 60 0 120
0 67 0 0
0 67 41 120
0 60 41 0
0 60 0 120
0 67 0 0
0 60 41 120
0 67 41 0
0 67 0 120
0 60 0 0
0 67 41 120
0 60 41 0
0 60 0 120
0 67 0 0
0 60 45 120
0 67 45 0
0 67 0 120
0 60 0 0
0 67 40 120
0 60 40 0
0 60 0 120
0 67 0 0
0 67 40 120
0 60 40 0
0 60 0 120
0 67 0 0
0 60 40 120
0 67 40 0
0 67 0 120
0 60 0 0
0 67 45 120
0 60 45 0
0 60 0 120
0 67 0 0
0 67 40 120
0 60 40 0
0 60 0 120
0 67 0 0
0 60 41 120
0 67 41 0
0 67 0 120
0 60 0 0
0 67 42 120
0 60 42 0
0 60 0 120
0 67 0 0
0 67 47 120
0 60 47 0
0 60 0 120
0 67 0 0
0 67 43 120
0 60 43 0
0 60 0 120
0 67 0 0
0 60 45 120
0 67 45 0
0 67 0 120
0 60 0 0
0 67 45 120
0 60 45 0
0 60 0 120
0 67 0 0
0 67 51 120
0 60 51 0
0 60 0 120
0 67 0 0
0 67 46 120
0 60 46 0
0 60 0 120
0 67 0 0
0 71 63 120
0 64 63 0
0 64 0 120
0 71 0 0
0 71 58 120
0 64 58 0
0 64 0 120
0 71 0 0
0 64 63 120
0 71 63 0
0 71 0 120
0 64 0 0
0 64 58 120
0 71 58 0
0 71 0 120
0 64 0 0
0 64 63 120
0 71 63 0
0 71 0 120
0 64 0 0
0 64 58 120
0 71 58 0
0 71 0 120
0 64 0 0
0 64 63 120
0 71 63 0
0 71 0 120
0 64 0 0
0 64 59 120
0 71 59 0
0 71 0 120
0 64 0 0
0 64 64 120
0 71 64 0
0 71 0 120
0 64 0 0
0 64 61 120
0 71 61 0
0 71 0 120
0 64 0 0
0 64 68 120
0 71 68 0
0 71 0 120
0 64 0 0
0 64 64 120
0 71 64 0
0 71 0 120
0 64 0 0
0 64 72 120
0 71 72 0
0 71 0 120
0 64 0 0
0 64 67 120
0 71 67 0
0 71 0 120
0 64 0 0
0 64 68 1080
0 71 68 0
0 71 0 120
0 64 0 0
0 64 64 120
0 71 64 0
0 71 0 120
0 64 0 0
0 64 72 120
0 71 72 0
0 71 0 120
0 64 0 0
0 64 67 120
0 71 67 0
0 71 0 120
0 64 0 0
0 64 64 1080
0 71 64 0
0 71 0 120
0 64 0 0
0 64 61 120
0 71 61 0
0 71 0 120
0 64 0 0
0 64 64 120
0 71 64 0
0 71 0 120
0 64 0 0
0 64 59 120
0 71 59 0
0 71 0 120
0 64 0 0
0 57 45 360
0 57 0 120
0 56 45 120
0 56 0 120
0 55 45 120
0 55 0 120
0 54 45 120
0 54 0 120
0 53 45 120
0 53 0 120
0 52 45 120
0 52 0 120
0 51 45 120
0 51 0 120
0 50 45 360
0 50 0 120
0 49 45 120
0 49 0 120
0 48 45 120
0 48 0 120
0 47 45 120
0 47 0 120
0 46 45 120
0 46 0 120
0 45 45 120
0 45 0 120
0 44 45 120
0 44 0 120
0 43 41 600
0 43 0 240
0 42 40 720
0 42 0 240
0 41 37 720
0 41 0 240
0 40 36 720
0 40 0 240
0 39 45 1200
0 39 0 120
0 46 42 120
0 46 0 120
0 39 42 120
0 39 0 120
0 34 42 120
0 34 0 120
0 39 45 120
0 39 0 120
0 46 42 120
0 46 0 120
0 39 42 120
0 39 0 120
0 34 42 120
0 34 0 120
0 39 45 120
0 39 0 120
0 46 42 120
0 46 0 120
0 39 42 120
0 39 0 120
0 34 42 120
0 34 0 120
0 39 45 120
0 39 0 120
0 46 41 120
0 46 0 120
0 39 41 120
0 39 0 120
0 34 41 120
0 34 0 120
0 39 49 120
0 39 0 120
0 46 45 120
0 46 0 120
0 39 45 120
0 39 0 120
0 34 45 120
0 34 0 120
0 39 49 120
0 39 0 120
0 46 45 120
0 46 0 120
0 39 45 120
0 39 0 120
0 34 45 120
0 34 0 120
0 39 49 120
0 39 0 120
0 46 45 120
0 46 0 120
0 39 45 120
0 39 0 120
0 34 45 120
0 34 0 120
0 39 49 120
0 39 0 120
0 46 45 120
0 46 0 120
0 39 45 120
0 39 0 120
0 78 70 360
0 71 70 0
0 71 0 720
0 78 0 0
0 66 70 240
0 73 70 0
0 73 0 720
0 66 0 0
0 64 70 240
0 71 70 0
0 71 0 720
0 64 0 0
0 59 70 240
0 66 70 0
0 66 0 720
0 59 0 0
0 46 70 0
0 46 0 120
0 47 70 0
0 47 0 120
0 49 81 0
0 49 0 120
0 47 70 0
0 47 0 120
0 46 70 0
0 46 0 120
0 47 73 120
0 47 0 120
0 46 67 0
0 46 0 120
0 44 67 0
0 44 0 120
0 46 72 120
0 46 0 120
0 44 63 0
0 44 0 120
0 42 63 0
0 42 0 120
0 44 70 120
0 44 0 120
0 42 63 0
0 42 0 120
0 41 63 0
0 41 0 120
0 44 45 1080
0 44 0 120
0 42 41 0
0 42 0 120
0 40 41 0
0 40 0 120
0 39 81 0
0 46 81 0
0 46 0 960
0 39 0 0
0 70 97 0
0 63 97 0
0 63 0 240
0 70 0 0
