0 3 8 480
0 0 50 60
0 3 0 60
0 0 36 180
0 3 7 180
0 0 43 60
0 3 0 60
0 4 40 180
0 4 8 180
0 0 48 180
0 4 0 180
0 2 42 300
0 3 8 300
0 0 50 60
0 3 0 60
0 0 37 180
0 3 7 180
0 0 44 60
0 3 0 60
0 3 41 180
0 3 8 180
0 0 49 180
0 3 0 180
0 1 54 300
0 2 5 180
0 2 49 108
0 4 53 96
0 2 53 96
0 2 49 96
0 4 49 96
0 7 55 96
0 3 55 96
0 1 57 96
0 2 57 96
0 3 60 96
0 1 60 96
0 2 63 96
0 1 63 96
0 2 66 96
0 1 66 96
0 3 59 96
0 2 59 96
0 3 66 96
0 1 66 96
0 2 60 96
0 3 60 96
0 5 64 96
0 2 64 96
0 3 59 96
0 1 59 96
0 3 53 96
0 2 53 96
0 4 48 96
0 2 48 96
0 2 0 96
0 9 59 108
0 3 0 0
0 0 59 60
0 3 0 60
0 0 48 180
0 3 0 180
0 0 48 60
0 3 0 60
0 4 59 180
0 4 0 180
0 0 59 180
0 4 0 180
0 5 63 300
0 4 0 300
0 0 63 60
0 4 0 60
0 0 55 180
0 4 0 180
0 0 55 60
0 4 0 60
0 6 63 180
0 3 0 180
0 0 63 180
0 3 0 180
0 10 70 300
0 2 2 180
0 2 68 108
0 4 65 96
0 2 65 96
0 3 63 96
0 1 63 96
0 1 0 96
0 3 60 108
0 1 2 120
0 1 62 108
0 3 66 96
0 2 66 96
0 3 58 96
0 1 58 96
0 1 0 96
0 8 60 108
0 0 60 120
0 3 52 120
0 0 52 120
0 1 58 120
0 0 58 120
0 3 50 120
0 0 50 120
0 2 56 120
0 0 56 240
0 4 42 0
0 3 8 240
0 0 50 60
0 3 0 60
0 0 36 180
0 3 7 180
0 0 43 60
0 3 0 60
0 4 40 180
0 4 8 180
0 0 48 180
0 4 0 180
0 2 42 300
0 3 8 300
0 0 50 60
0 3 0 60
0 0 37 180
0 3 7 180
0 0 44 60
0 3 0 60
0 3 41 180
0 3 8 180
0 0 49 180
0 3 0 180
0 1 55 300
0 2 6 180
0 2 49 108
0 4 54 96
0 2 54 96
0 2 49 96
0 4 49 96
0 7 51 96
0 3 51 96
0 1 55 96
0 2 55 96
0 3 59 96
0 1 59 96
0 2 62 96
0 1 62 96
0 2 66 96
0 1 66 96
0 3 60 96
0 2 60 96
0 3 65 96
0 1 65 96
0 2 63 96
0 3 63 96
0 5 60 96
0 2 60 96
0 3 57 96
0 1 57 96
0 3 54 96
0 2 54 96
0 4 49 96
0 2 49 96
0 2 0 96
0 9 56 108
0 3 0 0
0 0 56 60
0 3 0 60
0 0 49 180
0 3 0 180
0 0 49 60
0 3 0 60
0 4 55 180
0 4 0 180
0 0 55 180
0 4 0 180
0 5 66 300
0 4 0 300
0 0 66 60
0 4 0 60
0 0 57 180
0 4 0 180
0 0 57 60
0 4 0 60
0 6 63 180
0 3 0 180
0 0 63 180
0 3 0 180
0 10 68 300
0 2 3 180
0 2 65 108
0 4 63 96
0 2 63 96
0 3 61 96
0 1 61 96
0 1 0 96
0 3 56 108
0 1 2 120
0 1 58 108
0 3 59 96
0 2 59 96
0 3 56 96
0 1 56 96
0 1 0 96
0 8 60 108
0 0 60 120
0 3 52 120
0 0 52 120
0 1 58 120
0 0 58 120
0 3 50 120
0 0 50 120
0 2 56 120
0 0 56 240
0 4 61 0
0 2 5 120
0 2 56 108
0 3 53 96
0 1 53 96
0 1 0 36
0 0 53 12
0 0 53 0
0 2 62 0
0 2 4 60
0 2 58 108
0 3 56 96
0 1 56 96
0 3 55 96
0 2 55 96
0 2 0 96
0 2 61 108
0 0 61 60
0 0 54 0
0 0 54 0
0 0 54 0
0 0 54 0
0 0 54 0
0 0 54 0
0 2 66 0
0 2 7 60
0 2 59 108
0 4 58 96
0 2 58 96
0 3 57 96
0 1 57 96
0 1 0 96
0 17 74 108
0 2 8 120
0 2 66 108
0 4 65 96
0 2 65 96
0 3 64 96
0 1 64 96
0 1 0 96
0 3 75 108
0 1 8 120
0 1 67 108
0 3 65 96
0 2 65 96
0 3 65 96
0 1 65 96
0 1 0 96
0 8 74 108
0 2 6 120
0 2 68 108
0 3 62 96
0 1 62 96
0 3 65 96
0 2 65 96
0 2 0 96
0 2 74 108
0 1 4 120
0 1 70 108
0 3 62 96
0 2 62 96
0 4 63 96
0 2 63 96
0 2 0 96
0 9 63 108
0 3 12 0
0 0 75 60
0 3 0 60
0 0 58 180
0 3 11 180
0 0 69 60
0 3 0 60
0 4 63 180
0 4 12 180
0 0 75 180
0 4 0 180
0 2 60 300
0 3 11 300
0 0 71 60
0 3 0 60
0 0 54 180
0 3 10 180
0 0 64 60
0 3 0 60
0 3 59 180
0 3 11 180
0 0 70 180
0 3 0 180
0 1 68 300
0 2 0 180
0 2 68 108
0 4 72 96
0 2 72 96
0 2 67 96
0 4 67 96
0 4 0 96
0 4 61 108
0 1 2 120
0 1 63 108
0 4 66 96
0 3 66 96
0 0 59 96
0 3 59 96
0 3 0 96
0 2 62 108
0 0 62 120
0 3 56 120
0 0 56 120
0 1 58 120
0 0 58 120
0 3 50 120
0 0 50 120
0 2 56 120
0 0 56 120
0 0 54 240
0 0 54 240
0 2 56 120
0 0 56 120
0 2 58 120
0 0 58 120
0 1 59 120
0 0 59 120
0 2 61 120
0 0 61 120
0 3 62 240
0 0 62 240
0 1 65 120
0 0 65 120
0 2 69 120
0 0 69 120
0 2 72 120
0 0 72 120
0 1 75 120
0 0 75 120
0 3 64 240
0 0 64 240
0 2 67 120
0 0 67 120
0 1 71 120
0 0 71 120
0 2 74 120
0 0 74 120
0 2 77 120
0 0 77 60
0 1 69 120
0 0 69 120
0 1 66 120
0 0 66 120
0 1 60 120
0 0 60 120
0 1 59 120
0 0 59 60
0 1 42 0
0 3 8 240
0 0 50 60
0 3 0 60
0 0 36 180
0 3 7 180
0 0 43 60
0 3 0 60
0 4 40 180
0 4 8 180
0 0 48 180
0 4 0 180
0 2 42 300
0 3 8 300
0 0 50 60
0 3 0 60
0 0 37 180
0 3 7 180
0 0 44 60
0 3 0 60
0 3 41 180
0 3 8 180
0 0 49 180
0 3 0 180
0 1 55 300
0 2 8 180
0 2 47 108
0 4 54 96
0 2 54 96
0 2 47 96
0 4 47 96
0 7 50 96
0 3 50 96
0 1 54 96
0 2 54 96
0 3 58 96
0 1 58 96
0 2 61 96
0 1 61 96
0 2 66 96
0 1 66 96
0 3 58 96
0 2 58 96
0 3 63 96
0 1 63 96
0 2 56 96
0 3 56 96
0 5 62 96
0 2 62 96
0 3 59 96
0 1 59 96
0 3 54 96
0 2 54 96
0 4 51 96
0 2 51 96
0 2 0 96
0 9 54 108
0 3 0 0
0 0 54 60
0 3 0 60
0 0 45 180
0 3 0 180
0 0 45 60
0 3 0 60
0 4 53 180
0 4 0 180
0 0 53 180
0 4 0 180
0 5 62 300
0 4 0 300
0 0 62 60
0 4 0 60
0 0 56 180
0 4 0 180
0 0 56 60
0 4 0 60
0 6 66 180
0 3 0 180
0 0 66 180
0 3 0 180
0 10 73 300
0 2 3 180
0 2 70 108
0 4 67 96
0 2 67 96
0 3 64 96
0 1 64 96
0 1 0 96
0 3 56 108
0 1 4 120
0 1 60 108
0 3 64 96
0 2 64 96
0 3 56 96
0 1 56 96
0 1 0 96
0 8 60 108
0 0 60 120
0 3 52 120
0 0 52 120
0 1 58 120
0 0 58 120
0 3 50 120
0 0 50 120
0 2 56 120
0 0 56 240
0 4 57 480
0 1 5 600
0 1 52 108
0 1 58 96
0 2 58 96
0 1 50 96
0 1 50 96
0 1 0 96
0 0 55 372
0 1 8 360
0 1 47 108
0 1 53 96
0 2 53 96
0 1 47 96
0 1 47 96
0 1 0 96
0 8 72 108
0 8 13 0
0 0 59 60
0 8 0 60
0 0 68 180
0 8 12 180
0 0 56 60
0 8 0 60
0 3 73 180
0 9 9 180
0 0 64 120
0 9 0 120
0 7 62 360
0 9 11 360
0 0 73 60
0 9 0 60
0 0 54 180
0 9 10 180
0 0 64 60
0 9 0 60
0 3 62 180
0 9 11 180
0 0 73 120
0 9 0 120
0 10 68 360
0 0 68 240
0 5 54 120
0 0 54 120
0 4 54 120
0 0 54 120
0 3 52 120
0 0 52 120
0 3 64 120
0 0 64 120
0 2 56 120
0 0 56 115
0 0 56 110
0 0 56 55
0 0 52 0
0 0 52 60
0 4 68 120
0 0 68 120
0 1 56 120
0 0 56 115
0 0 56 110
0 0 56 55
0 0 56 0
0 0 56 0
0 3 71 0
0 0 71 60
0 2 59 120
0 0 59 60
0 3 68 0
0 0 68 60
0 1 59 120
0 0 59 60
0 3 74 0
0 0 74 60
0 2 55 120
0 0 55 60
0 0 71 0
0 0 71 60
0 1 60 120
0 0 60 60
0 0 72 0
0 0 72 60
0 1 62 120
0 0 62 60
0 9 78 0
0 0 78 420
0 9 56 480
0 0 56 240
0 1 66 240
0 0 66 240
0 7 66 0
0 0 66 120
0 3 62 120
0 0 62 120
0 4 62 120
0 0 62 120
0 2 58 120
0 0 58 120
0 2 66 120
0 0 66 120
0 4 61 120
0 0 61 120
0 5 61 120
0 0 61 120
0 1 60 120
0 0 60 120
0 1 70 120
0 0 70 120
0 5 63 120
0 0 63 120
0 4 63 120
0 0 63 120
0 3 59 120
0 0 59 120
0 1 70 120
0 0 70 120
0 3 63 120
0 0 63 120
0 5 62 120
0 0 62 120
0 4 59 120
0 0 59 120
0 3 71 120
0 0 71 120
0 3 62 120
0 0 62 120
0 4 62 120
0 0 62 120
0 2 59 120
0 0 59 120
0 2 70 120
0 0 70 120
0 4 63 120
0 0 63 120
0 5 63 120
0 0 63 120
0 1 59 120
0 0 59 120
0 1 66 120
0 0 66 120
0 5 62 120
0 0 62 120
0 4 62 120
0 0 62 120
0 3 59 120
0 0 59 120
0 5 70 120
0 0 70 240
0 8 39 0
0 4 7 240
0 0 46 60
0 4 0 60
0 0 34 180
0 4 7 180
0 0 41 60
0 4 0 60
0 3 24 180
0 3 26 180
0 0 50 120
0 3 0 120
0 2 39 360
0 3 8 360
0 0 47 60
0 3 0 60
0 0 33 180
0 3 6 180
0 0 39 60
0 3 0 60
0 3 40 180
0 3 8 180
0 0 48 120
0 3 0 120
0 4 57 840
0 1 5 720
0 1 52 108
0 1 57 96
0 2 57 96
0 1 52 96
0 1 52 96
0 1 0 96
0 24 76 372
0 0 76 360
0 1 64 120
0 0 64 120
0 2 68 120
0 0 68 120
0 1 62 120
0 0 62 120
0 2 73 120
0 0 73 120
0 1 63 120
0 0 63 120
0 3 71 120
0 0 71 120
0 2 59 120
0 0 59 115
0 0 72 110
0 0 72 115
0 2 62 120
0 0 62 90
0 0 67 60
0 0 67 30
0 1 61 0
0 0 61 60
0 0 71 120
0 0 71 90
0 2 59 60
0 0 59 90
0 0 68 120
0 0 68 60
0 2 57 0
0 0 57 0
0 0 69 0
0 0 69 60
0 2 57 120
0 0 57 60
0 0 65 0
0 0 65 60
0 1 57 120
0 0 57 60
0 0 64 0
0 0 64 60
0 2 56 120
0 0 56 60
0 0 62 0
0 0 62 60
0 2 55 120
0 0 55 60
0 2 66 0
0 0 66 60
0 7 54 120
0 0 54 120
0 3 57 120
0 0 57 120
0 4 53 120
0 0 53 120
0 1 60 120
0 0 60 240
0 1 56 240
0 0 56 240
0 1 66 240
0 0 66 240
0 1 66 0
0 0 66 120
0 6 62 120
0 0 62 120
0 3 62 120
0 0 62 120
0 3 58 120
0 0 58 120
0 1 66 120
0 0 66 240
0 1 70 0
0 0 70 120
0 6 63 120
0 0 63 120
0 3 63 120
0 0 63 120
0 3 59 120
0 0 59 120
0 1 66 120
0 0 66 240
0 1 66 0
0 0 66 120
0 6 60 120
0 0 60 120
0 3 60 120
0 0 60 120
0 3 54 120
0 0 54 120
0 1 69 120
0 0 69 120
0 7 64 120
0 0 64 120
0 4 64 120
0 0 64 120
0 3 58 120
0 0 58 120
0 2 77 120
0 0 77 120
0 6 66 120
0 0 66 120
0 3 66 120
0 0 66 120
0 3 59 120
0 0 59 120
0 5 42 360
0 3 8 480
0 0 50 60
0 3 0 60
0 0 36 180
0 3 7 180
0 0 43 60
0 3 0 60
0 4 40 180
0 4 8 180
0 0 48 180
0 4 0 180
0 2 42 300
0 3 8 300
0 0 50 60
0 3 0 60
0 0 37 180
0 3 7 180
0 0 44 60
0 3 0 60
0 3 41 180
0 3 8 180
0 0 49 180
0 3 0 180
0 1 53 300
0 2 6 180
0 2 47 108
0 4 53 96
0 2 53 96
0 2 47 96
0 4 47 96
0 7 50 96
0 3 50 96
0 1 53 96
0 2 53 96
0 3 58 96
0 1 58 96
0 2 62 96
0 1 62 96
0 2 66 96
0 1 66 96
0 3 56 96
0 2 56 96
0 3 62 96
0 1 62 96
0 2 60 96
0 3 60 96
0 5 67 96
0 2 67 96
0 3 62 96
0 1 62 96
0 3 58 96
0 2 58 96
0 4 47 96
0 2 47 96
0 2 0 96
0 9 42 108
0 3 8 0
0 0 50 60
0 3 0 60
0 0 36 180
0 3 7 180
0 0 43 60
0 3 0 60
0 4 40 180
0 4 8 180
0 0 48 180
0 4 0 180
0 5 62 300
0 4 0 300
0 0 62 60
0 4 0 60
0 0 55 180
0 4 0 180
0 0 55 60
0 4 0 60
0 6 60 180
0 3 0 180
0 0 60 180
0 3 0 180
0 10 70 300
0 2 3 180
0 2 67 108
0 4 64 96
0 2 64 96
0 3 61 96
0 1 61 96
0 1 0 96
0 3 57 108
0 1 1 120
0 1 58 108
0 3 59 96
0 2 59 96
0 3 56 96
0 1 56 96
0 1 0 96
0 8 60 108
0 0 60 120
0 3 52 120
0 0 52 120
0 1 58 120
0 0 58 120
0 3 50 120
0 0 50 120
0 2 56 120
0 0 56 240
0 1 61 0
0 0 61 120
0 6 56 120
0 0 56 120
0 3 56 120
0 0 56 120
0 3 56 120
0 0 56 120
0 10 61 120
0 0 61 120
0 2 57 120
0 0 57 120
0 2 59 120
0 0 59 120
0 1 61 120
0 0 61 120
0 2 68 120
0 0 68 120
0 3 62 120
0 0 62 120
0 3 61 120
0 0 61 120
0 3 61 120
0 0 61 120
0 10 72 120
0 0 72 120
0 2 61 120
0 0 61 120
0 2 61 120
0 0 61 120
0 1 61 120
0 0 61 120
0 10 74 120
0 0 74 120
0 2 64 120
0 0 64 120
0 1 64 120
0 0 64 120
0 2 64 120
0 0 64 115
0 0 71 110
0 0 71 115
0 2 61 120
0 0 61 120
0 2 61 120
0 0 61 60
0 1 61 0
0 0 61 0
0 0 67 0
0 0 67 60
0 2 57 120
0 0 57 120
0 2 57 120
0 0 57 60
0 1 57 0
0 0 57 0
0 3 61 0
0 0 61 180
0 2 57 240
0 0 57 240
0 1 61 240
0 0 61 120
0 6 56 120
0 0 56 120
0 3 56 120
0 0 56 120
0 3 56 120
0 0 56 120
0 10 61 120
0 0 61 120
0 2 57 120
0 0 57 120
0 2 59 120
0 0 59 120
0 1 61 120
0 0 61 120
0 2 68 120
0 0 68 120
0 3 62 120
0 0 62 120
0 3 61 120
0 0 61 120
0 3 61 120
0 0 61 120
0 10 72 120
0 0 72 120
0 2 61 120
0 0 61 120
0 2 61 120
0 0 61 120
0 1 61 120
0 0 61 120
0 10 77 120
0 0 77 120
0 2 64 120
0 0 64 120
0 1 64 120
0 0 64 120
0 2 64 120
0 0 64 115
0 0 80 110
0 0 80 115
0 2 69 120
0 0 69 120
0 2 70 120
0 0 70 60
0 1 71 0
0 0 71 0
0 0 83 0
0 0 83 60
0 2 71 120
0 0 71 120
0 2 69 120
0 0 69 60
0 1 75 0
0 0 75 0
0 1 86 0
0 0 86 60
0 4 75 120
0 0 75 120
0 9 80 120
0 0 80 120
0 5 75 120
0 0 75 120
0 8 80 120
0 0 80 120
0 3 75 120
0 0 75 120
0 7 80 120
0 0 80 120
0 4 75 120
0 0 75 120
0 3 71 120
0 0 71 120
0 5 73 120
0 0 73 120
0 0 62 120
0 4 12 0
0 0 74 120
0 4 0 120
0 4 63 0
0 3 14 0
0 0 77 90
0 3 0 90
0 0 67 30
0 3 13 30
0 0 80 120
0 3 0 120
0 2 63 0
0 3 12 0
0 0 75 120
0 3 0 120
0 2 62 0
0 4 12 0
0 0 74 60
0 4 0 60
0 1 61 60
0 3 12 60
0 0 73 60
0 3 0 60
0 1 83 60
0 0 83 60
0 4 73 120
0 0 73 120
0 9 77 120
0 0 77 120
0 5 72 120
0 0 72 120
0 8 83 120
0 0 83 120
0 3 71 120
0 0 71 120
0 7 78 120
0 0 78 120
0 4 74 120
0 0 74 120
0 3 71 120
0 0 71 120
0 5 73 120
0 0 73 120
0 0 62 120
0 4 12 0
0 0 74 120
0 4 0 120
0 4 63 0
0 3 14 0
0 0 77 90
0 3 0 90
0 0 67 30
0 3 13 30
0 0 80 120
0 3 0 120
0 2 63 0
0 3 12 0
0 0 75 120
0 3 0 120
0 2 62 0
0 4 12 0
0 0 74 60
0 4 0 60
0 1 61 60
0 3 12 60
0 0 73 60
0 3 0 60
0 1 88 60
0 0 88 180
0 12 80 240
0 5 13 0
0 3 0 0
0 0 67 180
0 3 0 180
0 5 0 0
0 20 72 60
0 8 13 60
0 0 85 180
0 8 0 180
0 0 67 60
0 8 16 60
0 0 83 180
0 8 0 180
0 0 73 60
0 8 13 60
0 0 86 480
0 8 0 480
0 4 36 960
0 3 6 960
0 0 30 60
0 3 0 60
0 0 34 180
0 3 6 180
0 0 28 60
0 3 0 60
0 3 29 180
0 4 5 180
0 0 24 120
0 4 0 120
0 2 34 360
0 4 6 360
0 0 40 60
0 4 0 60
0 0 28 180
0 4 5 180
0 0 33 60
0 4 0 60
0 3 32 180
0 3 6 180
0 0 38 120
0 3 0 120
0 1 42 360
0 0 42 360
0 3 38 720
0 0 38 240
0 5 44 240
0 0 44 240
0 5 36 480
0 3 6 720
0 0 30 60
0 3 0 60
0 0 34 180
0 3 6 180
0 0 28 60
0 3 0 60
0 7 29 180
0 3 5 180
0 0 24 120
0 3 0 120
0 2 39 360
0 4 7 360
0 0 46 60
0 4 0 60
0 0 31 180
0 4 6 180
0 0 37 60
0 4 0 60
0 7 37 180
0 4 7 180
0 0 44 120
0 4 0 120
0 9 42 360
0 4 7 360
0 0 35 720
0 4 0 720
0 8 43 0
0 10 7 0
0 0 36 240
0 10 0 240
0 1 51 0
0 4 8 0
0 0 43 240
0 4 0 240
0 16 47 0
0 0 47 120
0 12 36 480
0 3 6 600
0 0 30 60
0 3 0 60
0 0 34 180
0 3 6 180
0 0 28 60
0 3 0 60
0 3 29 180
0 4 5 180
0 0 24 120
0 4 0 120
0 2 34 360
0 4 6 360
0 0 40 60
0 4 0 60
0 0 28 180
0 4 5 180
0 0 33 60
0 4 0 60
0 3 32 180
0 3 6 180
0 0 38 120
0 3 0 120
0 1 42 360
0 0 42 360
0 3 38 720
0 0 38 240
0 5 44 240
0 0 44 240
0 5 36 480
0 3 6 720
0 0 30 60
0 3 0 60
0 0 34 180
0 3 6 180
0 0 28 60
0 3 0 60
0 7 29 180
0 3 5 180
0 0 24 120
0 3 0 120
0 2 39 360
0 4 7 360
0 0 46 60
0 4 0 60
0 0 31 180
0 4 6 180
0 0 37 60
0 4 0 60
0 7 37 180
0 4 7 180
0 0 44 120
0 4 0 120
0 9 42 360
0 4 7 360
0 0 35 720
0 4 0 720
0 8 43 0
0 10 7 0
0 0 36 240
0 10 0 240
0 1 51 0
0 4 8 0
0 0 43 240
0 4 0 240
0 16 47 0
0 0 47 120
0 12 40 0
0 7 4 0
0 7 36 108
0 4 36 96
0 3 36 96
0 0 36 96
0 3 36 96
0 3 0 96
0 8 40 108
0 8 5 120
0 8 35 108
0 3 35 96
0 5 35 96
0 0 35 96
0 5 35 96
0 5 0 96
0 13 40 108
0 8 4 120
0 8 36 108
0 3 36 96
0 5 36 96
0 0 36 96
0 5 36 96
0 5 0 96
0 7 40 108
0 7 4 120
0 7 36 108
0 4 36 96
0 3 36 96
0 0 36 96
0 3 36 96
0 3 0 96
0 15 44 108
0 8 6 120
0 8 38 108
0 3 38 96
0 5 38 96
0 0 38 96
0 5 38 96
0 5 0 96
0 7 47 108
0 9 7 120
0 9 40 108
0 4 40 96
0 5 40 96
0 0 40 96
0 5 40 96
0 5 0 96
0 8 48 108
0 8 8 120
0 8 40 108
0 3 39 96
0 5 39 96
0 0 39 96
0 5 39 96
0 5 0 96
0 7 48 108
0 0 48 240
0 17 53 480
0 3 8 720
0 0 45 60
0 3 0 60
0 0 46 180
0 3 7 180
0 0 39 60
0 3 0 60
0 3 36 180
0 4 11 180
0 0 25 120
0 4 0 120
0 2 42 360
0 4 8 360
0 0 50 60
0 4 0 60
0 0 39 180
0 4 8 180
0 0 47 60
0 4 0 60
0 3 56 180
0 3 11 180
0 0 67 120
0 3 0 120
0 4 63 360
0 7 10 360
0 0 53 480
0 2 45 480
0 5 45 240
0 1 52 240
0 0 52 240
0 4 0 240
0 5 64 0
0 0 64 120
0 12 54 0
0 0 54 0
0 12 54 480
0 4 10 600
0 0 64 120
0 4 0 120
0 12 54 120
0 0 54 0
0 12 70 480
0 4 0 600
0 0 70 120
0 4 0 120
0 12 57 120
0 0 57 0
0 17 36 2400
0 3 6 2520
0 0 30 60
0 3 0 60
0 0 34 180
0 3 6 180
0 0 28 60
0 3 0 60
0 3 29 180
0 4 5 180
0 0 24 120
0 4 0 120
0 2 34 360
0 4 6 360
0 0 40 60
0 4 0 60
0 0 28 180
0 4 5 180
0 0 33 60
0 4 0 60
0 3 32 180
0 3 6 180
0 0 38 120
0 3 0 120
0 1 42 360
0 0 42 360
0 3 38 720
0 0 38 240
0 5 44 240
0 0 44 240
0 5 36 480
0 3 6 720
0 0 30 60
0 3 0 60
0 0 34 180
0 3 6 180
0 0 28 60
0 3 0 60
0 7 29 180
0 3 5 180
0 0 24 120
0 3 0 120
0 2 39 360
0 4 7 360
0 0 46 60
0 4 0 60
0 0 31 180
0 4 6 180
0 0 37 60
0 4 0 60
0 7 37 180
0 4 7 180
0 0 44 120
0 4 0 120
0 9 42 360
0 4 7 360
0 0 35 720
0 4 0 720
0 8 43 0
0 10 7 0
0 0 36 240
0 10 0 240
0 1 51 0
0 4 8 0
0 0 43 240
0 4 0 240
0 16 47 0
0 0 47 120
0 16 53 0
0 4 8 120
0 0 45 60
0 4 0 60
0 0 44 180
0 4 7 180
0 0 37 60
0 4 0 60
0 4 45 180
0 3 7 180
0 0 38 120
0 3 0 120
0 1 40 360
0 3 8 360
0 0 48 60
0 3 0 60
0 0 32 180
0 3 6 180
0 0 38 60
0 3 0 60
0 3 40 180
0 3 8 180
0 0 48 120
0 3 0 120
0 8 60 840
0 1 7 720
0 1 53 108
0 1 58 96
0 2 58 96
0 1 52 96
0 1 52 96
0 1 0 96
0 0 58 372
0 1 8 360
0 1 50 108
0 1 57 96
0 2 57 96
0 1 50 96
0 1 50 96
0 1 0 91
0 4 60 98
0 4 0 5
0 0 60 480
0 4 0 480
0 2 48 0
0 3 9 0
0 0 57 480
0 3 0 480
0 2 49 0
0 3 9 0
0 0 58 480
0 3 0 480
0 1 62 0
0 4 10 0
0 4 52 240
0 4 58 240
0 0 58 240
0 1 64 240
0 0 64 240
0 2 60 240
0 0 60 240
0 5 0 240
0 0 67 0
0 4 10 0
0 0 57 240
0 4 0 240
0 4 36 240
0 4 7 240
0 0 43 240
0 4 0 240
0 13 43 240
0 0 43 120
0 12 39 120
0 0 39 120
0 8 39 120
0 0 39 120
0 8 39 120
0 0 39 120
0 5 46 120
0 0 46 120
0 5 39 120
0 0 39 120
0 8 39 120
0 0 39 120
0 8 39 120
0 0 39 120
0 12 47 120
0 0 47 120
0 12 41 120
0 0 41 120
0 7 41 120
0 0 41 120
0 7 41 120
0 0 41 120
0 4 48 120
0 0 48 120
0 4 40 120
0 0 40 120
0 7 40 120
0 0 40 120
0 7 40 120
0 0 40 120
0 12 52 120
0 0 52 120
0 12 42 120
0 0 42 120
0 8 42 120
0 0 42 120
0 8 42 120
0 0 42 120
0 5 52 120
0 0 52 120
0 5 43 120
0 0 43 120
0 8 43 120
0 0 43 120
0 8 43 120
0 0 43 120
0 12 51 120
0 0 51 120
0 12 43 120
0 0 43 120
0 7 43 120
0 0 43 120
0 7 43 120
0 0 43 120
0 4 52 120
0 0 52 120
0 4 43 120
0 0 43 120
0 7 43 120
0 0 43 120
0 7 43 120
0 0 43 118
0 12 51 116
0 0 51 238
0 12 46 480
0 1 7 600
0 1 39 108
0 1 46 96
0 2 46 96
0 1 39 96
0 1 39 96
0 1 0 96
0 0 45 372
0 1 6 360
0 1 39 108
0 1 46 96
0 2 46 96
0 1 39 96
0 1 39 96
0 1 0 96
0 12 50 108
0 8 9 0
0 0 59 60
0 8 0 60
0 0 44 180
0 8 10 180
0 0 54 60
0 8 0 60
0 4 51 180
0 9 9 180
0 0 60 120
0 9 0 120
0 2 48 360
0 9 9 360
0 0 57 60
0 9 0 60
0 0 41 180
0 9 8 180
0 0 49 60
0 9 0 60
0 3 51 180
0 9 9 180
0 0 60 120
0 9 0 120
0 9 39 360
0 3 8 360
0 0 47 480
0 3 0 480
0 1 42 0
0 3 8 0
0 0 50 240
0 3 0 240
0 2 42 0
0 3 8 0
0 0 50 240
0 3 0 240
0 1 43 0
0 4 8 0
0 4 51 240
0 1 43 240
0 0 43 240
0 3 0 240
0 2 55 0
0 7 9 0
0 7 46 240
0 2 51 240
0 0 51 240
0 1 57 240
0 0 57 240
0 1 53 240
0 0 53 240
0 5 0 240
0 4 59 0
0 3 9 0
0 0 50 480
0 3 0 480
0 13 36 0
0 8 7 0
0 0 43 240
0 1 43 240
0 0 43 240
0 7 0 240
0 5 43 0
0 0 43 120
0 3 39 120
0 0 39 120
0 4 39 120
0 0 39 120
0 4 39 120
0 0 39 120
0 8 46 120
0 0 46 120
0 7 39 120
0 0 39 120
0 3 39 120
0 0 39 120
0 3 39 120
0 0 39 120
0 2 47 120
0 0 47 120
0 3 41 120
0 0 41 120
0 4 41 120
0 0 41 120
0 4 41 120
0 0 41 120
0 8 48 120
0 0 48 120
0 7 40 120
0 0 40 120
0 3 40 120
0 0 40 120
0 3 40 120
0 0 40 120
0 2 47 120
0 0 47 120
0 3 41 120
0 0 41 120
0 4 41 120
0 0 41 120
0 4 41 120
0 0 41 120
0 8 43 120
0 0 43 120
0 7 35 120
0 0 35 120
0 3 37 120
0 0 37 120
0 3 40 120
0 0 40 120
0 2 52 120
0 0 52 120
0 3 43 120
0 0 43 120
0 4 44 120
0 0 44 120
0 4 45 120
0 0 45 120
0 5 57 120
0 0 57 120
0 7 45 120
0 0 45 120
0 3 46 120
0 0 46 120
0 3 46 120
0 0 46 120
0 2 36 840
0 3 6 960
0 0 30 60
0 3 0 60
0 0 34 180
0 3 6 180
0 0 28 60
0 3 0 60
0 3 29 180
0 4 5 180
0 0 24 120
0 4 0 120
0 2 34 360
0 4 6 360
0 0 40 60
0 4 0 60
0 0 28 180
0 4 5 180
0 0 33 60
0 4 0 60
0 3 32 180
0 3 6 180
0 0 38 120
0 3 0 120
0 1 42 360
0 0 42 360
0 3 38 720
0 0 38 240
0 5 44 240
0 0 44 240
0 5 36 480
0 3 6 720
0 0 30 60
0 3 0 60
0 0 34 180
0 3 6 180
0 0 28 60
0 3 0 60
0 7 29 180
0 3 5 180
0 0 24 120
0 3 0 120
0 2 39 360
0 4 7 360
0 0 46 60
0 4 0 60
0 0 31 180
0 4 6 180
0 0 37 60
0 4 0 60
0 7 37 180
0 4 7 180
0 0 44 120
0 4 0 120
0 9 42 360
0 4 7 360
0 0 35 720
0 4 0 720
0 8 43 0
0 10 7 0
0 0 36 240
0 10 0 240
0 1 51 0
0 4 8 0
0 0 43 240
0 4 0 240
0 16 47 0
0 0 47 120
0 5 44 0
0 0 44 0
0 6 38 120
0 0 38 120
0 4 38 120
0 0 38 120
0 4 38 120
0 0 38 120
0 7 44 120
0 0 44 120
0 8 39 120
0 0 39 120
0 5 41 120
0 0 41 120
0 5 42 120
0 0 42 120
0 7 48 120
0 0 48 120
0 6 41 120
0 0 41 120
0 4 41 120
0 0 41 120
0 4 42 120
0 0 42 120
0 7 51 120
0 0 51 120
0 8 44 120
0 0 44 120
0 5 44 120
0 0 44 120
0 5 44 120
0 0 44 120
0 7 53 120
0 0 53 120
0 9 44 120
0 0 44 120
0 5 44 120
0 0 44 120
0 5 44 120
0 0 44 120
0 7 51 120
0 0 51 120
0 9 44 120
0 0 44 120
0 4 44 120
0 0 44 120
0 4 44 120
0 0 44 120
0 9 50 120
0 0 50 120
0 10 41 120
0 0 41 120
0 3 41 120
0 0 41 120
0 3 44 120
0 0 44 120
0 5 44 120
0 0 44 120
0 7 36 120
0 0 36 120
0 3 39 120
0 0 39 120
0 3 36 120
0 0 36 120
0 14 44 120
0 0 44 120
0 6 38 120
0 0 38 120
0 4 38 120
0 0 38 120
0 4 38 120
0 0 38 120
0 7 44 120
0 0 44 120
0 8 39 120
0 0 39 120
0 5 41 120
0 0 41 120
0 5 42 120
0 0 42 120
0 7 48 120
0 0 48 120
0 6 41 120
0 0 41 120
0 4 41 120
0 0 41 120
0 4 42 120
0 0 42 120
0 7 51 120
0 0 51 120
0 8 44 120
0 0 44 120
0 5 44 120
0 0 44 120
0 5 44 120
0 0 44 120
0 7 53 120
0 0 53 120
0 9 46 120
0 0 46 120
0 5 46 120
0 0 46 120
0 5 46 120
0 0 46 120
0 7 51 120
0 0 51 120
0 9 48 120
0 0 48 120
0 4 49 120
0 0 49 120
0 4 51 120
0 0 51 120
0 9 57 120
0 0 57 120
0 10 51 120
0 0 51 120
0 3 55 120
0 0 55 120
0 3 58 120
0 0 58 120
0 5 67 120
0 0 67 120
0 4 58 120
0 0 58 120
0 9 60 120
0 0 60 120
0 5 56 120
0 0 56 120
0 8 62 120
0 0 62 120
0 3 55 120
0 0 55 120
0 7 58 120
0 0 58 120
0 4 49 120
0 0 49 120
0 3 63 120
0 0 63 240
0 12 63 0
0 0 63 0
0 17 67 0
0 0 67 120
0 4 56 120
0 0 56 120
0 9 60 120
0 0 60 120
0 5 56 120
0 0 56 120
0 8 64 120
0 0 64 120
0 3 56 120
0 0 56 120
0 7 60 120
0 0 60 120
0 4 53 120
0 0 53 120
0 3 67 120
0 0 67 240
0 12 63 0
0 0 63 0
0 7 59 0
0 12 12 240
0 0 71 240
0 12 0 240
0 4 53 0
0 12 10 0
0 0 63 180
0 12 0 180
0 3 59 60
0 12 12 60
0 0 71 180
0 12 0 180
0 3 53 60
0 12 10 60
0 0 63 180
0 12 0 180
0 4 61 60
0 12 12 60
0 0 73 480
0 12 0 480
