0 67 56 241
0 67 0 120
0 72 60 0
0 72 0 120
0 76 63 0
0 76 0 108
0 67 50 12
0 67 0 120
0 72 47 0
0 72 0 120
0 76 47 0
0 76 0 120
0 67 56 240
0 67 0 120
0 72 60 0
0 72 0 120
0 76 62 0
0 76 0 108
0 67 50 12
0 67 0 120
0 72 48 0
0 72 0 120
0 76 48 0
0 76 0 1
0 69 56 240
0 69 0 120
0 74 60 0
0 74 0 120
0 77 65 0
0 77 0 108
0 69 51 12
0 69 0 120
0 74 50 0
0 74 0 120
0 77 50 0
0 77 0 120
0 69 58 240
0 69 0 120
0 74 60 0
0 74 0 120
0 77 65 0
0 77 0 108
0 69 52 12
0 69 0 120
0 74 50 0
0 74 0 120
0 77 50 0
0 77 0 1
0 67 56 240
0 67 0 120
0 74 60 0
0 74 0 120
0 77 65 0
0 77 0 108
0 67 51 12
0 67 0 120
0 74 50 0
0 74 0 120
0 77 50 0
0 77 0 120
0 67 56 240
0 67 0 120
0 74 60 0
0 74 0 120
0 77 65 0
0 77 0 108
0 67 52 12
0 67 0 120
0 74 50 0
0 74 0 120
0 77 50 0
0 77 0 1
0 67 53 240
0 67 0 120
0 72 55 0
0 72 0 120
0 76 60 0
0 76 0 108
0 67 50 12
0 67 0 120
0 72 47 0
0 72 0 120
0 76 47 0
0 76 0 120
0 67 55 240
0 67 0 120
0 72 57 0
0 72 0 120
0 76 61 0
0 76 0 108
0 67 50 12
0 67 0 120
0 72 48 0
0 72 0 120
0 76 48 0
0 76 0 1
0 69 61 240
0 69 0 120
0 76 66 0
0 76 0 120
0 81 70 0
0 81 0 108
0 69 55 12
0 69 0 120
0 76 51 0
0 76 0 120
0 81 51 0
0 81 0 120
0 69 61 240
0 69 0 120
0 76 65 0
0 76 0 120
0 81 68 0
0 81 0 108
0 69 55 12
0 69 0 120
0 76 52 0
0 76 0 120
0 81 52 0
0 81 0 1
0 66 56 240
0 66 0 120
0 69 60 0
0 69 0 120
0 74 63 0
0 74 0 108
0 66 50 12
0 66 0 120
0 69 47 0
0 69 0 120
0 74 47 0
0 74 0 120
0 66 56 240
0 66 0 120
0 69 60 0
0 69 0 120
0 74 62 0
0 74 0 108
0 66 50 12
0 66 0 120
0 69 48 0
0 69 0 120
0 74 48 0
0 74 0 1
0 67 58 240
0 67 0 120
0 74 63 0
0 74 0 120
0 79 66 0
0 79 0 108
0 67 51 12
0 67 0 120
0 74 50 0
0 74 0 120
0 79 50 0
0 79 0 120
0 67 58 240
0 67 0 120
0 74 62 0
0 74 0 120
0 79 65 0
0 79 0 108
0 67 52 12
0 67 0 120
0 74 50 0
0 74 0 120
0 79 50 0
0 79 0 1
0 64 56 240
0 64 0 120
0 67 60 0
0 67 0 120
0 72 63 0
0 72 0 108
0 64 50 12
0 64 0 120
0 67 47 0
0 67 0 120
0 72 47 0
0 72 0 120
0 64 56 240
0 64 0 120
0 67 60 0
0 67 0 120
0 72 62 0
0 72 0 108
0 64 50 12
0 64 0 120
0 67 48 0
0 67 0 120
0 72 48 0
0 72 0 1
0 64 56 240
0 64 0 120
0 67 60 0
0 67 0 120
0 72 63 0
0 72 0 108
0 64 50 12
0 64 0 120
0 67 47 0
0 67 0 120
0 72 47 0
0 72 0 120
0 64 56 240
0 64 0 120
0 67 60 0
0 67 0 120
0 72 62 0
0 72 0 108
0 64 50 12
0 64 0 120
0 67 48 0
0 67 0 120
0 72 48 0
0 72 0 1
0 62 56 240
0 62 0 120
0 66 60 0
0 66 0 120
0 72 63 0
0 72 0 108
0 62 50 12
0 62 0 120
0 66 47 0
0 66 0 120
0 72 47 0
0 72 0 120
0 62 56 240
0 62 0 120
0 66 60 0
0 66 0 120
0 72 62 0
0 72 0 108
0 62 50 12
0 62 0 120
0 66 48 0
0 66 0 120
0 72 48 0
0 72 0 1
0 62 53 240
0 62 0 120
0 67 56 0
0 67 0 120
0 71 60 0
0 71 0 108
0 62 46 12
0 62 0 120
0 67 45 0
0 67 0 120
0 71 45 0
0 71 0 120
0 62 53 240
0 62 0 120
0 67 56 0
0 67 0 120
0 71 58 0
0 71 0 108
0 62 47 12
0 62 0 120
0 67 45 0
0 67 0 120
0 71 45 0
0 71 0 1
0 64 53 240
0 64 0 120
0 67 56 0
0 67 0 120
0 73 60 0
0 73 0 108
0 64 46 12
0 64 0 120
0 67 45 0
0 67 0 120
0 73 45 0
0 73 0 120
0 64 53 240
0 64 0 120
0 67 56 0
0 67 0 120
0 73 58 0
0 73 0 108
0 64 47 12
0 64 0 120
0 67 45 0
0 67 0 120
0 73 45 0
0 73 0 1
0 62 56 240
0 62 0 120
0 69 60 0
0 69 0 120
0 74 63 0
0 74 0 108
0 62 50 12
0 62 0 120
0 69 47 0
0 69 0 120
0 74 47 0
0 74 0 120
0 62 56 240
0 62 0 120
0 69 60 0
0 69 0 120
0 74 62 0
0 74 0 108
0 62 50 12
0 62 0 120
0 69 48 0
0 69 0 120
0 74 48 0
0 74 0 1
0 62 53 240
0 62 0 120
0 65 56 0
0 65 0 120
0 71 60 0
0 71 0 108
0 62 46 12
0 62 0 120
0 65 45 0
0 65 0 120
0 71 45 0
0 71 0 120
0 62 53 240
0 62 0 120
0 65 56 0
0 65 0 120
0 71 58 0
0 71 0 108
0 62 47 12
0 62 0 120
0 65 45 0
0 65 0 120
0 71 45 0
0 71 0 1
0 60 53 240
0 60 0 120
0 67 56 0
0 67 0 120
0 72 60 0
0 72 0 108
0 60 46 12
0 60 0 120
0 67 45 0
0 67 0 120
0 72 45 0
0 72 0 120
0 60 53 240
0 60 0 120
0 67 56 0
0 67 0 120
0 72 58 0
0 72 0 108
0 60 47 12
0 60 0 120
0 67 45 0
0 67 0 120
0 72 45 0
0 72 0 1
0 57 50 240
0 57 0 120
0 60 53 0
0 60 0 120
0 65 56 0
0 65 0 108
0 57 45 12
0 57 0 120
0 60 42 0
0 60 0 120
0 65 42 0
0 65 0 120
0 57 50 240
0 57 0 120
0 60 53 0
0 60 0 120
0 65 55 0
0 65 0 108
0 57 45 12
0 57 0 120
0 60 43 0
0 60 0 120
0 65 43 0
0 65 0 1
0 57 50 240
0 57 0 120
0 60 53 0
0 60 0 120
0 65 56 0
0 65 0 108
0 57 45 12
0 57 0 120
0 60 42 0
0 60 0 120
0 65 42 0
0 65 0 120
0 57 50 240
0 57 0 120
0 60 53 0
0 60 0 120
0 65 55 0
0 65 0 108
0 57 45 12
0 57 0 120
0 60 43 0
0 60 0 120
0 65 43 0
0 65 0 1
0 55 50 240
0 55 0 120
0 59 53 0
0 59 0 120
0 65 56 0
0 65 0 108
0 55 45 12
0 55 0 120
0 59 42 0
0 59 0 120
0 65 42 0
0 65 0 120
0 55 50 240
0 55 0 120
0 59 53 0
0 59 0 120
0 65 55 0
0 65 0 108
0 55 45 12
0 55 0 120
0 59 43 0
0 59 0 120
0 65 43 0
0 65 0 1
0 55 50 240
0 55 0 120
0 60 53 0
0 60 0 120
0 64 56 0
0 64 0 108
0 55 45 12
0 55 0 120
0 60 42 0
0 60 0 120
0 64 42 0
0 64 0 120
0 55 50 240
0 55 0 120
0 60 53 0
0 60 0 120
0 64 55 0
0 64 0 108
0 55 45 12
0 55 0 120
0 60 43 0
0 60 0 120
0 64 43 0
0 64 0 1
0 58 47 240
0 58 0 120
0 60 50 0
0 60 0 120
0 64 53 0
0 64 0 108
0 58 41 12
0 58 0 120
0 60 40 0
0 60 0 120
0 64 40 0
0 64 0 120
0 58 47 240
0 58 0 120
0 60 50 0
0 60 0 120
0 64 52 0
0 64 0 108
0 58 42 12
0 58 0 120
0 60 40 0
0 60 0 120
0 64 40 0
0 64 0 1
0 57 47 240
0 57 0 120
0 60 50 0
0 60 0 120
0 64 53 0
0 64 0 108
0 57 41 12
0 57 0 120
0 60 40 0
0 60 0 120
0 64 40 0
0 64 0 120
0 57 47 240
0 57 0 120
0 60 50 0
0 60 0 120
0 64 52 0
0 64 0 108
0 57 42 12
0 57 0 120
0 60 40 0
0 60 0 120
0 64 40 0
0 64 0 1
0 57 50 240
0 57 0 120
0 60 53 0
0 60 0 120
0 63 56 0
0 63 0 108
0 57 45 12
0 57 0 120
0 60 42 0
0 60 0 120
0 63 42 0
0 63 0 120
0 57 50 240
0 57 0 120
0 60 53 0
0 60 0 120
0 63 55 0
0 63 0 108
0 57 45 12
0 57 0 120
0 60 43 0
0 60 0 120
0 63 43 0
0 63 0 1
0 59 47 240
0 59 0 120
0 60 50 0
0 60 0 120
0 62 53 0
0 62 0 108
0 59 41 12
0 59 0 120
0 60 40 0
0 60 0 120
0 62 40 0
0 62 0 120
0 59 47 240
0 59 0 120
0 60 50 0
0 60 0 120
0 62 52 0
0 62 0 108
0 59 42 12
0 59 0 120
0 60 40 0
0 60 0 120
0 62 40 0
0 62 0 1
0 55 50 240
0 55 0 120
0 59 53 0
0 59 0 120
0 62 56 0
0 62 0 108
0 55 45 12
0 55 0 120
0 59 42 0
0 59 0 120
0 62 42 0
0 62 0 120
0 55 50 240
0 55 0 120
0 59 53 0
0 59 0 120
0 62 55 0
0 62 0 108
0 55 45 12
0 55 0 120
0 59 43 0
0 59 0 120
0 62 43 0
0 62 0 1
0 55 50 240
0 55 0 120
0 60 53 0
0 60 0 120
0 64 56 0
0 64 0 108
0 55 45 12
0 55 0 120
0 60 42 0
0 60 0 120
0 64 42 0
0 64 0 120
0 55 50 240
0 55 0 120
0 60 53 0
0 60 0 120
0 64 55 0
0 64 0 108
0 55 45 12
0 55 0 120
0 60 43 0
0 60 0 120
0 64 43 0
0 64 0 1
0 55 53 240
0 55 0 120
0 60 56 0
0 60 0 120
0 65 60 0
0 65 0 108
0 55 46 12
0 55 0 120
0 60 45 0
0 60 0 120
0 65 45 0
0 65 0 120
0 55 53 240
0 55 0 120
0 60 56 0
0 60 0 120
0 65 58 0
0 65 0 108
0 55 47 12
0 55 0 120
0 60 45 0
0 60 0 120
0 65 45 0
0 65 0 1
0 55 53 240
0 55 0 120
0 59 56 0
0 59 0 120
0 65 60 0
0 65 0 108
0 55 46 12
0 55 0 120
0 59 45 0
0 59 0 120
0 65 45 0
0 65 0 120
0 55 53 240
0 55 0 120
0 59 56 0
0 59 0 120
0 65 58 0
0 65 0 108
0 55 47 12
0 55 0 120
0 59 45 0
0 59 0 120
0 65 45 0
0 65 0 1
0 57 56 240
0 57 0 120
0 60 60 0
0 60 0 120
0 66 63 0
0 66 0 108
0 57 50 12
0 57 0 120
0 60 47 0
0 60 0 120
0 66 47 0
0 66 0 120
0 57 56 240
0 57 0 120
0 60 60 0
0 60 0 120
0 66 62 0
0 66 0 108
0 57 50 12
0 57 0 120
0 60 48 0
0 60 0 120
0 66 48 0
0 66 0 1
0 55 58 240
0 55 0 120
0 60 63 0
0 60 0 120
0 67 66 0
0 67 0 108
0 55 51 12
0 55 0 120
0 60 50 0
0 60 0 120
0 67 50 0
0 67 0 120
0 55 58 240
0 55 0 120
0 60 62 0
0 60 0 120
0 67 65 0
0 67 0 108
0 55 52 12
0 55 0 120
0 60 50 0
0 60 0 120
0 67 50 0
0 67 0 1
0 55 50 240
0 55 0 120
0 60 53 0
0 60 0 120
