0 67 56 241
0 67 0 120
0 72 60 0
0 72 0 120
0 76 63 0
0 76 0 108
0 67 50 12
0 67 0 120
0 72 47 0
0 72 0 120
0 76 47 0
0 76 0 120
0 67 56 240
0 67 0 120
0 72 60 0
0 72 0 120
0 76 62 0
0 76 0 108
0 67 50 12
0 67 0 120
0 72 48 0
0 72 0 120
0 76 48 0
0 76 0 1
0 69 56 240
0 69 0 120
0 74 60 0
0 74 0 120
0 77 65 0
0 77 0 108
0 69 51 12
0 69 0 120
0 74 50 0
0 74 0 120
0 77 50 0
0 77 0 120
0 69 58 240
0 69 0 120
0 74 60 0
0 74 0 120
0 77 65 0
0 77 0 108
0 69 52 12
0 69 0 120
0 74 50 0
0 74 0 120
0 77 50 0
0 77 0 1
0 67 56 240
0 67 0 120
0 74 60 0
0 74 0 120
0 77 65 0
0 77 0 108
0 67 51 12
0 67 0 120
0 74 50 0
0 74 0 120
0 77 50 0
0 77 0 120
0 67 56 240
0 67 0 120
0 74 60 0
0 74 0 120
0 77 65 0
0 77 0 108
0 67 52 12
0 67 0 120
0 74 50 0
0 74 0 120
0 77 50 0
0 77 0 1
0 67 53 240
0 67 0 120
0 72 55 0
0 72 0 120
0 76 60 0
0 76 0 108
0 67 50 12
0 67 0 120
0 72 47 0
0 72 0 120
0 76 47 0
0 76 0 120
0 67 55 240
0 67 0 120
0 72 57 0
0 72 0 120
0 76 61 0
0 76 0 108
0 67 50 12
0 67 0 120
0 72 48 0
0 72 0 120
0 76 48 0
0 76 0 1
0 69 61 240
0 69 0 120
0 76 66 0
0 76 0 120
0 81 70 0
0 81 0 108
0 69 55 12
0 69 0 120
0 76 51 0
0 76 0 120
0 81 51 0
0 81 0 120
0 69 61 240
0 69 0 120
0 76 65 0
0 76 0 120
0 81 68 0
0 81 0 108
0 69 55 12
0 69 0 120
0 76 52 0
0 76 0 120
0 81 52 0
0 81 0 1
0 66 56 240
0 66 0 120
0 69 60 0
0 69 0 120
0 74 63 0
0 74 0 108
0 66 50 12
0 66 0 120
0 69 47 0
0 69 0 120
0 74 47 0
0 74 0 120
0 66 56 240
0 66 0 120
0 69 60 0
0 69 0 120
0 74 62 0
0 74 0 108
0 66 50 12
0 66 0 120
0 69 48 0
0 69 0 120
0 74 48 0
0 74 0 1
0 67 58 240
0 67 0 120
0 74 63 0
0 74 0 120
0 79 66 0
0 79 0 108
0 67 51 12
0 67 0 120
0 74 50 0
0 74 0 120
0 79 50 0
0 79 0 120
0 67 58 240
0 67 0 120
0 74 62 0
0 74 0 120
0 79 65 0
0 79 0 108
0 67 52 12
0 67 0 120
0 74 50 0
0 74 0 120
0 79 50 0
0 79 0 1
0 64 56 240
0 64 0 120
0 67 60 0
0 67 0 120
0 72 63 0
0 72 0 108
0 64 50 12
0 64 0 120
0 67 47 0
0 67 0 120
0 72 47 0
0 72 0 120
0 64 56 240
0 64 0 120
0 67 60 0
0 67 0 120
0 72 62 0
0 72 0 108
0 64 50 12
0 64 0 120
0 67 48 0
0 67 0 120
0 72 48 0
0 72 0 1
0 64 56 240
0 64 0 120
0 67 60 0
0 67 0 120
0 72 63 0
0 72 0 108
0 64 50 12
0 64 0 120
0 67 47 0
0 67 0 120
0 72 47 0
0 72 0 120
0 64 56 240
0 64 0 120
0 67 60 0
0 67 0 120
0 72 62 0
0 72 0 108
0 64 50 12
0 64 0 120
0 67 48 0
0 67 0 120
0 72 48 0
0 72 0 1
0 62 56 240
0 62 0 120
0 66 60 0
0 66 0 120
0 72 63 0
0 72 0 108
0 62 50 12
0 62 0 120
0 66 47 0
0 66 0 120
0 72 47 0
0 72 0 120
0 62 56 240
0 62 0 120
0 66 60 0
0 66 0 120
0 72 62 0
0 72 0 108
0 62 50 12
0 62 0 120
0 66 48 0
0 66 0 120
0 72 48 0
0 72 0 1
0 62 53 240
0 62 0 120
0 67 56 0
0 67 0 120
0 71 60 0
0 71 0 108
0 62 46 12
0 62 0 120
0 67 45 0
0 67 0 120
0 71 45 0
0 71 0 120
0 62 53 240
0 62 0 120
0 67 56 0
0 67 0 120
0 71 58 0
0 71 0 108
0 62 47 12
0 62 0 120
0 67 45 0
0 67 0 120
0 71 45 0
0 71 0 1
0 64 53 240
0 64 0 120
0 67 56 0
0 67 0 120
0 73 60 0
0 73 0 108
0 64 46 12
0 64 0 120
0 67 45 0
0 67 0 120
0 73 45 0
0 73 0 120
0 64 53 240
0 64 0 120
0 67 56 0
0 67 0 120
0 73 58 0
0 73 0 108
0 64 47 12
0 64 0 120
0 67 45 0
0 67 0 120
0 73 45 0
0 73 0 1
0 62 56 240
0 62 0 120
0 69 60 0
0 69 0 120
0 74 63 0
0 74 0 108
0 62 50 12
0 62 0 120
0 69 47 0
0 69 0 120
0 74 47 0
0 74 0 120
0 62 56 240
0 62 0 120
0 69 60 0
0 69 0 120
0 74 62 0
0 74 0 108
0 62 50 12
0 62 0 120
0 69 48 0
0 69 0 120
0 74 48 0
0 74 0 1
0 62 53 240
0 62 0 120
0 65 56 0
0 65 0 120
0 71 60 0
0 71 0 108
0 62 46 12
0 62 0 120
0 65 45 0
0 65 0 120
0 71 45 0
0 71 0 120
0 62 53 240
0 62 0 120
0 65 56 0
0 65 0 120
0 71 58 0
0 71 0 108
0 62 47 12
0 62 0 120
0 65 45 0
0 65 0 120
0 71 45 0
0 71 0 1
0 60 53 240
0 60 0 120
0 67 56 0
0 67 0 120
0 72 60 0
0 72 0 108
0 60 46 12
0 60 0 120
0 67 45 0
0 67 0 120
0 72 45 0
0 72 0 120
0 60 53 240
0 60 0 120
0 67 56 0
0 67 0 120
0 72 58 0
0 72 0 108
0 60 47 12
0 60 0 120
0 67 45 0
0 67 0 120
0 72 45 0
0 72 0 1
0 57 50 240
0 57 0 120
0 60 53 0
0 60 0 120
0 65 56 0
0 65 0 108
0 57 45 12
0 57 0 120
0 60 42 0
0 60 0 120
0 65 42 0
0 65 0 120
0 57 50 240
0 57 0 120
0 60 53 0
0 60 0 120
0 65 55 0
0 65 0 108
0 57 45 12
0 57 0 120
0 60 43 0
0 60 0 120
0 65 43 0
0 65 0 1
0 57 50 240
0 57 0 120
0 60 53 0
0 60 0 120
0 65 56 0
0 65 0 108
0 57 45 12
0 57 0 120
0 60 42 0
0 60 0 120
0 65 42 0
0 65 0 120
0 57 50 240
0 57 0 120
0 60 53 0
0 60 0 120
0 65 55 0
0 65 0 108
0 57 45 12
0 57 0 120
0 60 43 0
0 60 0 120
0 65 43 0
0 65 0 1
0 55 50 240
0 55 0 120
0 59 53 0
0 59 0 120
0 65 56 0
0 65 0 108
0 55 45 12
0 55 0 120
0 59 42 0
0 59 0 120
0 65 42 0
0 65 0 120
0 55 50 240
0 55 0 120
0 59 53 0
0 59 0 120
0 65 55 0
0 65 0 108
0 55 45 12
0 55 0 120
0 59 43 0
0 59 0 120
0 65 43 0
0 65 0 1
0 55 50 240
0 55 0 120
0 60 53 0
0 60 0 120
0 64 56 0
0 64 0 108
0 55 45 12
0 55 0 120
0 60 42 0
0 60 0 120
0 64 42 0
0 64 0 120
0 55 50 240
0 55 0 120
0 60 53 0
0 60 0 120
0 64 55 0
0 64 0 108
0 55 45 12
0 55 0 120
0 60 43 0
0 60 0 120
0 64 43 0
0 64 0 1
0 58 47 240
0 58 0 120
0 60 50 0
0 60 0 120
0 64 53 0
0 64 0 108
0 58 41 12
0 58 0 120
0 60 40 0
0 60 0 120
0 64 40 0
0 64 0 120
0 58 47 240
0 58 0 120
0 60 50 0
0 60 0 120
0 64 52 0
0 64 0 108
0 58 42 12
0 58 0 120
0 60 40 0
0 60 0 120
0 64 40 0
0 64 0 1
0 57 47 240
0 57 0 120
0 60 50 0
0 60 0 120
0 64 53 0
0 64 0 108
0 57 41 12
0 57 0 120
0 60 40 0
0 60 0 120
0 64 40 0
0 64 0 120
0 57 47 240
0 57 0 120
0 60 50 0
0 60 0 120
0 64 52 0
0 64 0 108
0 57 42 12
0 57 0 120
0 60 40 0
0 60 0 120
0 64 40 0
0 64 0 1
0 57 50 240
0 57 0 120
0 60 53 0
0 60 0 120
0 63 56 0
0 63 0 108
0 57 45 12
0 57 0 120
0 60 42 0
0 60 0 120
0 63 42 0
0 63 0 120
0 57 50 240
0 57 0 120
0 60 53 0
0 60 0 120
0 63 55 0
0 63 0 108
0 57 45 12
0 57 0 120
0 60 43 0
0 60 0 120
0 63 43 0
0 63 0 1
0 59 47 240
0 59 0 120
0 60 50 0
0 60 0 120
0 62 53 0
0 62 0 108
0 59 41 12
0 59 0 120
0 60 40 0
0 60 0 120
0 62 40 0
0 62 0 120
0 59 47 240
0 59 0 120
0 60 50 0
0 60 0 120
0 62 52 0
0 62 0 108
0 59 42 12
0 59 0 120
0 60 40 0
0 60 0 120
0 62 40 0
0 62 0 1
0 55 50 240
0 55 0 120
0 59 53 0
0 59 0 120
0 62 56 0
0 62 0 108
0 55 45 12
0 55 0 120
0 59 42 0
0 59 0 120
0 62 42 0
0 62 0 120
0 55 50 240
0 55 0 120
0 59 53 0
0 59 0 120
0 62 55 0
0 62 0 108
0 55 45 12
0 55 0 120
0 59 43 0
0 59 0 120
0 62 43 0
0 62 0 1
0 55 50 240
0 55 0 120
0 60 53 0
0 60 0 120
0 64 56 0
0 64 0 108
0 55 45 12
0 55 0 120
0 60 42 0
0 60 0 120
0 64 42 0
0 64 0 120
0 55 50 240
0 55 0 120
0 60 53 0
0 60 0 120
0 64 55 0
0 64 0 108
0 55 45 12
0 55 0 120
0 60 43 0
0 60 0 120
0 64 43 0
0 64 0 1
0 55 53 240
0 55 0 120
0 60 56 0
0 60 0 120
0 65 60 0
0 65 0 108
0 55 46 12
0 55 0 120
0 60 45 0
0 60 0 120
0 65 45 0
0 65 0 120
0 55 53 240
0 55 0 120
0 60 56 0
0 60 0 120
0 65 58 0
0 65 0 108
0 55 47 12
0 55 0 120
0 60 45 0
0 60 0 120
0 65 45 0
0 65 0 1
0 55 53 240
0 55 0 120
0 59 56 0
0 59 0 120
0 65 60 0
0 65 0 108
0 55 46 12
0 55 0 120
0 59 45 0
0 59 0 120
0 65 45 0
0 65 0 120
0 55 53 240
0 55 0 120
0 59 56 0
0 59 0 120
0 65 58 0
0 65 0 108
0 55 47 12
0 55 0 120
0 59 45 0
0 59 0 120
0 65 45 0
0 65 0 1
0 57 56 240
0 57 0 120
0 60 60 0
0 60 0 120
0 66 63 0
0 66 0 108
0 57 50 12
0 57 0 120
0 60 47 0
0 60 0 120
0 66 47 0
0 66 0 120
0 57 56 240
0 57 0 120
0 60 60 0
0 60 0 120
0 66 62 0
0 66 0 108
0 57 50 12
0 57 0 120
0 60 48 0
0 60 0 120
0 66 48 0
0 66 0 1
0 55 58 240
0 55 0 120
0 60 63 0
0 60 0 120
0 67 66 0
0 67 0 108
0 55 51 12
0 55 0 120
0 60 50 0
0 60 0 120
0 67 50 0
0 67 0 120
0 55 58 240
0 55 0 120
0 60 62 0
0 60 0 120
0 67 65 0
0 67 0 108
0 55 52 12
0 55 0 120
0 60 50 0
0 60 0 120
0 67 50 0
0 67 0 1
0 55 50 240
0 55 0 120
0 60 53 0
0 60 0 120
0 65 56 0
0 65 0 108
0 55 45 12
0 55 0 120
0 60 42 0
0 60 0 120
0 65 42 0
0 65 0 120
0 55 50 240
0 55 0 120
0 60 53 0
0 60 0 120
0 65 55 0
0 65 0 108
0 55 45 12
0 55 0 120
0 60 43 0
0 60 0 120
0 65 43 0
0 65 0 1
0 55 50 240
0 55 0 120
0 59 53 0
0 59 0 120
0 65 56 0
0 65 0 108
0 55 45 12
0 55 0 120
0 59 42 0
0 59 0 120
0 65 42 0
0 65 0 120
0 55 50 240
0 55 0 120
0 59 53 0
0 59 0 120
0 65 55 0
0 65 0 108
0 55 45 12
0 55 0 120
0 59 43 0
0 59 0 120
0 65 43 0
0 65 0 1
0 55 53 240
0 55 0 120
0 58 56 0
0 58 0 120
0 64 60 0
0 64 0 108
0 55 46 12
0 55 0 120
0 58 45 0
0 58 0 120
0 64 45 0
0 64 0 120
0 55 53 240
0 55 0 120
0 58 56 0
0 58 0 120
0 64 58 0
0 64 0 108
0 55 47 12
0 55 0 120
0 58 45 0
0 58 0 120
0 64 45 0
0 64 0 120
0 53 50 239
0 53 0 120
0 57 53 0
0 57 0 120
0 60 55 0
0 60 0 120
0 65 53 0
0 65 0 120
0 60 53 0
0 60 0 120
0 57 53 0
0 57 0 120
0 60 55 0
0 60 0 120
0 57 50 0
0 57 0 120
0 53 47 0
0 53 0 120
0 57 46 0
0 57 0 120
0 53 46 0
0 53 0 120
0 50 42 0
0 50 0 120
0 53 43 0
0 53 0 120
0 50 38 0
0 50 0 120
0 67 50 240
0 67 0 120
0 71 53 0
0 71 0 120
0 74 55 0
0 74 0 120
0 77 60 0
0 77 0 120
0 74 55 0
0 74 0 120
0 71 53 0
0 71 0 120
0 74 56 0
0 74 0 120
0 71 53 0
0 71 0 120
0 67 56 0
0 67 0 120
0 71 53 0
0 71 0 120
0 62 55 0
0 62 0 120
0 65 50 0
0 65 0 120
0 64 50 0
0 64 0 120
0 62 50 0
0 62 0 120
0 72 50 1
0 67 50 0
0 64 50 0
0 64 0 1440
0 67 0 0
0 72 0 0
0 60 61 1
0 64 57 120
0 64 0 840
0 60 0 0
0 60 62 0
0 64 57 120
0 64 0 1
0 60 0 0
0 60 65 0
0 62 60 15
0 62 0 840
0 60 0 0
0 60 65 0
0 62 60 120
0 62 0 1
0 60 0 0
0 59 65 0
0 62 60 36
0 62 0 840
0 59 0 0
0 59 65 0
0 62 60 120
0 62 0 1
0 59 0 0
0 60 61 0
0 64 57 22
0 64 0 840
0 60 0 0
0 60 62 0
0 64 57 120
0 64 0 1
0 60 0 0
0 60 67 0
0 64 62 15
0 64 0 840
0 60 0 0
0 60 68 0
0 64 62 120
0 64 0 1
0 60 0 0
0 60 61 0
0 62 57 41
0 62 0 840
0 60 0 0
0 60 62 0
0 62 57 120
0 62 0 1
0 60 0 0
0 59 65 0
0 62 60 8
0 62 0 840
0 59 0 0
0 59 65 0
0 62 60 120
0 62 0 1
0 59 0 0
0 59 61 0
0 60 57 50
0 60 0 840
0 59 0 0
0 59 62 0
0 60 57 120
0 60 0 1
0 59 0 0
0 57 61 0
0 60 57 8
0 60 0 840
0 57 0 0
0 57 62 0
0 60 57 120
0 60 0 1
0 57 0 0
0 50 61 0
0 57 57 41
0 57 0 840
0 50 0 0
0 50 62 0
0 57 57 120
0 57 0 1
0 50 0 0
0 55 57 0
0 59 55 22
0 59 0 840
0 55 0 0
0 55 58 0
0 59 55 120
0 59 0 1
0 55 0 0
0 55 57 0
0 58 55 30
0 58 0 840
0 55 0 0
0 55 58 0
0 58 55 120
0 58 0 1
0 55 0 0
0 53 61 0
0 57 57 108
0 57 0 820
0 53 0 0
0 53 62 0
0 57 57 120
0 57 0 1
0 53 0 0
0 53 57 0
0 56 55 112
0 56 0 820
0 53 0 0
0 53 58 0
0 56 55 120
0 56 0 1
0 53 0 0
0 52 57 0
0 55 55 107
0 55 0 813
0 52 0 0
0 52 58 0
0 55 55 120
0 55 0 1
0 52 0 0
0 52 55 0
0 53 51 111
0 53 0 785
0 52 0 0
0 52 55 0
0 53 51 120
0 53 0 1
0 52 0 0
0 50 55 0
0 53 51 1
0 53 0 840
0 50 0 0
0 50 55 0
0 53 51 120
0 53 0 1
0 50 0 0
0 43 55 0
0 50 51 22
0 50 0 840
0 43 0 0
0 43 55 0
0 50 51 120
0 50 0 1
0 43 0 0
0 48 55 0
0 52 51 1
0 52 0 840
0 48 0 0
0 48 55 0
0 52 51 120
0 52 0 1
0 48 0 0
0 48 51 0
0 55 48 30
0 55 0 840
0 48 0 0
0 48 52 0
0 55 48 120
0 55 0 1
0 48 0 0
0 41 51 0
0 53 48 112
0 53 0 834
0 41 0 0
0 41 52 0
0 53 48 120
0 53 0 1
0 41 0 0
0 42 55 0
0 48 51 30
0 48 0 840
0 42 0 0
0 42 55 0
0 48 51 120
0 48 0 1
0 42 0 0
0 44 51 0
0 53 48 1
0 53 0 840
0 44 0 0
0 44 52 0
0 53 48 120
0 53 0 1
0 44 0 0
0 43 55 0
0 53 51 114
0 53 0 827
0 43 0 0
0 43 55 0
0 53 51 120
0 53 0 1
0 43 0 0
0 43 55 0
0 52 51 110
0 52 0 820
0 43 0 0
0 43 55 0
0 52 51 120
0 52 0 1
0 43 0 0
0 43 57 0
0 50 55 107
0 50 0 799
0 43 0 0
0 43 58 0
0 50 55 120
0 50 0 1
0 43 0 0
0 43 57 0
0 50 55 43
0 50 0 840
0 43 0 0
0 43 58 0
0 50 55 120
0 50 0 1
0 43 0 0
0 43 61 0
0 51 57 24
0 51 0 840
0 43 0 0
0 43 62 0
0 51 57 120
0 51 0 1
0 43 0 0
0 43 65 0
0 52 60 107
0 52 0 806
0 43 0 0
0 43 65 0
0 52 60 120
0 52 0 1
0 43 0 0
0 43 55 0
0 50 51 36
0 50 0 840
0 43 0 0
0 43 55 0
0 50 51 120
0 50 0 1
0 43 0 0
0 43 55 0
0 50 51 110
0 50 0 827
0 43 0 0
0 43 55 0
0 50 51 120
0 50 0 1
0 43 0 0
0 36 57 0
0 48 55 41
0 48 0 840
0 36 0 0
0 36 58 0
0 48 55 120
0 48 0 840
0 36 0 0
0 36 55 0
0 48 51 14
0 48 0 1800
0 36 0 1
0 36 55 0
0 50 51 110
0 50 0 1779
0 36 0 1
0 36 53 0
0 48 53 0
0 48 0 1121
0 36 0 0
2 67 53 1
2 67 0 240
2 69 54 0
2 69 0 240
2 71 55 0
2 71 0 240
2 72 60 0
2 72 0 360
2 74 57 0
2 74 0 60
2 72 57 0
2 72 0 60
2 71 57 0
2 71 0 220
2 76 60 20
2 76 0 240
2 69 56 0
2 69 0 220
2 74 60 20
2 74 0 360
2 76 57 0
2 76 0 120
2 74 57 0
2 74 0 120
2 72 56 0
2 72 0 120
2 71 55 0
2 71 0 90
2 67 55 30
2 67 0 120
2 69 56 0
2 69 0 120
2 71 57 0
2 71 0 120
2 72 57 0
2 72 0 120
2 71 53 0
2 71 0 120
2 72 54 0
2 72 0 120
2 74 55 0
2 74 0 120
2 76 56 0
2 76 0 120
2 74 57 0
2 74 0 120
2 76 58 0
2 76 0 120
2 78 59 0
2 78 0 120
2 79 60 0
2 79 0 240
2 71 56 0
2 71 0 240
2 72 60 0
2 72 0 220
2 69 55 20
2 69 0 240
2 74 58 0
2 74 0 120
2 72 57 0
2 72 0 120
2 71 56 0
2 71 0 120
2 69 55 0
2 69 0 120
2 67 54 0
2 67 0 360
2 67 56 0
2 67 0 120
2 65 55 0
2 65 0 120
2 64 55 0
2 64 0 120
2 65 55 0
2 65 0 120
2 67 55 0
2 67 0 120
2 69 55 0
2 69 0 120
2 67 56 0
2 67 0 120
2 69 55 0
2 69 0 120
2 71 57 0
2 71 0 120
2 72 59 0
2 72 0 960
2 71 57 0
2 71 0 480
2 72 60 0
2 72 0 240
2 74 63 0
2 74 0 240
2 76 64 0
2 76 0 240
2 77 69 0
2 77 0 360
2 79 66 0
2 79 0 60
2 77 66 0
2 77 0 60
2 76 66 0
2 76 0 220
2 81 69 20
2 81 0 240
2 74 64 0
2 74 0 220
2 79 69 20
2 79 0 360
2 81 67 0
2 81 0 120
2 79 66 0
2 79 0 120
2 77 64 0
2 77 0 120
2 76 63 0
2 76 0 220
2 81 70 20
2 81 0 360
2 83 68 0
2 83 0 120
2 81 67 0
2 81 0 120
2 79 66 0
2 79 0 120
2 77 65 0
2 77 0 960
2 76 60 0
2 76 0 360
2 78 57 0
2 78 0 120
2 79 63 0
2 79 0 960
2 78 63 0
2 78 0 480
2 79 60 0
2 79 0 120
2 77 59 0
2 77 0 120
2 76 58 0
2 76 0 120
2 74 57 0
2 74 0 120
2 72 56 0
2 72 0 120
2 74 57 0
2 74 0 120
2 72 57 0
2 72 0 120
2 71 57 0
2 71 0 120
2 69 57 0
2 69 0 120
2 72 58 0
2 72 0 120
2 71 58 0
2 71 0 120
2 69 57 0
2 69 0 120
2 72 58 600
2 72 0 120
2 69 55 120
2 69 0 120
2 68 54 0
2 68 0 180
2 76 60 60
2 76 0 240
2 74 58 0
2 74 0 240
2 72 56 0
2 72 0 120
2 71 56 0
2 71 0 120
2 69 54 0
2 69 0 120
2 68 54 0
2 68 0 120
2 69 54 0
2 69 0 120
2 71 53 0
2 71 0 120
2 72 56 0
2 72 0 90
2 66 54 30
2 66 0 120
2 69 54 0
2 69 0 120
2 68 55 0
2 68 0 120
2 71 58 0
2 71 0 240
2 69 56 0
2 69 0 120
2 71 56 0
2 71 0 120
2 72 58 0
2 72 0 220
2 77 64 20
2 77 0 240
2 76 62 0
2 76 0 240
2 74 60 0
2 74 0 480
2 72 58 0
2 72 0 120
2 71 58 0
2 71 0 120
2 71 60 0
2 71 0 45
2 72 55 0
2 72 0 45
2 71 60 0
2 71 0 270
2 69 57 0
2 69 0 120
2 69 60 0
2 69 0 480
2 67 53 0
2 67 0 240
2 69 54 0
2 69 0 240
2 71 55 0
2 71 0 240
2 72 60 0
2 72 0 360
2 74 57 0
2 74 0 60
2 72 57 0
2 72 0 60
2 71 57 0
2 71 0 220
2 72 53 20
2 72 0 240
2 74 56 0
2 74 0 240
2 76 59 0
2 76 0 240
2 77 64 0
2 77 0 360
2 79 60 0
2 79 0 60
2 77 60 0
2 77 0 60
2 76 60 0
2 76 0 220
2 81 68 20
2 81 0 240
2 74 60 0
2 74 0 220
2 79 66 20
2 79 0 360
2 81 66 0
2 81 0 120
2 79 64 0
2 79 0 120
2 77 63 0
2 77 0 120
2 76 61 0
2 76 0 220
2 81 67 20
2 81 0 240
2 74 60 0
2 74 0 220
2 82 67 20
2 82 0 240
2 81 67 0
2 81 0 240
2 79 64 0
2 79 0 120
2 77 61 0
2 77 0 120
2 79 64 0
2 79 0 120
2 77 61 0
2 77 0 120
2 79 64 0
2 79 0 120
2 76 60 0
2 76 0 120
2 77 64 0
2 77 0 120
2 79 60 0
2 79 0 120
2 79 64 0
2 79 0 30
2 81 55 0
2 81 0 30
2 79 55 0
2 79 0 30
2 77 60 30
2 77 0 60
2 79 60 0
2 79 0 60
2 81 67 0
2 81 0 90
2 73 60 30
2 73 0 120
2 74 60 0
2 74 0 120
2 79 60 0
2 79 0 120
2 76 64 0
2 76 0 45
2 77 55 0
2 77 0 45
2 76 60 0
2 76 0 270
2 74 60 0
2 74 0 120
2 74 61 0
2 74 0 240
2 67 51 2400
2 67 0 240
2 69 53 0
2 69 0 240
2 71 55 0
2 71 0 240
2 72 60 0
2 72 0 360
2 74 58 0
2 74 0 60
2 72 58 0
2 72 0 60
2 71 58 0
2 71 0 220
2 76 60 20
2 76 0 240
2 69 57 0
2 69 0 220
2 74 60 20
2 74 0 360
2 76 60 0
2 76 0 120
2 74 57 0
2 74 0 120
2 72 56 0
2 72 0 120
2 71 55 0
2 71 0 120
2 72 55 0
2 72 0 120
2 74 57 0
2 74 0 120
2 76 59 0
2 76 0 120
2 77 61 0
2 77 0 120
2 79 61 0
2 79 0 120
2 81 61 0
2 81 0 120
2 79 60 0
2 79 0 120
2 77 60 0
2 77 0 120
2 76 59 0
2 76 0 120
2 74 59 0
2 74 0 120
2 72 58 0
2 72 0 120
2 71 58 0
2 71 0 480
2 72 57 0
2 72 0 240
2 74 57 0
2 74 0 240
2 67 58 0
2 67 0 220
2 72 60 20
2 72 0 480
2 71 57 0
2 71 0 240
2 72 60 0
2 72 0 480
2 71 67 0
2 71 0 240
2 70 67 0
2 70 0 240
2 69 66 0
2 69 0 240
2 74 72 0
2 74 0 480
2 72 67 0
2 72 0 240
2 74 67 0
2 74 0 240
2 76 70 0
2 76 0 240
2 77 74 0
2 77 0 600
2 81 69 0
2 81 0 120
2 79 69 0
2 79 0 120
2 77 68 0
2 77 0 120
2 76 67 0
2 76 0 120
2 77 69 0
2 77 0 120
2 76 68 0
2 76 0 120
2 74 67 0
2 74 0 120
2 72 70 0
2 72 0 960
2 67 56 120
2 67 0 60
2 69 57 0
2 69 0 60
2 71 57 0
2 71 0 120
2 72 59 0
2 72 0 120
2 74 60 0
2 74 0 120
2 76 62 0
2 76 0 120
2 77 63 0
2 77 0 300
2 72 55 0
2 72 0 60
2 74 57 0
2 74 0 60
2 76 58 0
2 76 0 60
2 77 59 0
2 77 0 120
2 79 62 0
2 79 0 120
2 81 65 0
2 81 0 360
2 83 64 0
2 83 0 120
2 79 52 0
2 84 56 0
2 84 0 960
2 79 0 0
3 60 53 0
3 60 0 240
3 62 54 0
3 62 0 240
3 64 56 0
3 64 0 240
3 65 60 0
3 65 0 360
3 67 58 0
3 67 0 60
3 65 58 0
3 65 0 60
3 64 60 0
3 64 0 220
3 69 60 20
3 69 0 240
3 62 56 0
3 62 0 220
3 67 60 20
3 67 0 360
3 69 59 0
3 69 0 120
3 67 59 0
3 67 0 120
3 65 59 0
3 65 0 120
3 64 58 0
3 64 0 120
3 65 58 0
3 65 0 120
3 64 58 0
3 64 0 120
3 62 57 0
3 62 0 120
3 60 57 0
3 60 0 120
3 62 56 0
3 62 0 120
3 60 56 0
3 60 0 120
3 59 56 0
3 59 0 120
3 57 56 0
3 57 0 240
3 66 56 0
3 66 0 240
3 67 60 0
3 67 0 720
3 66 57 0
3 66 0 120
3 64 57 0
3 64 0 120
3 66 57 0
3 66 0 220
3 62 57 20
3 62 0 240
3 67 59 0
3 67 0 240
3 65 58 0
3 65 0 240
3 64 57 0
3 64 0 240
3 62 56 0
3 62 0 240
3 60 55 0
3 60 0 240
3 67 60 480
3 67 0 480
3 65 58 0
3 65 0 120
3 64 58 0
3 64 0 120
3 65 58 0
3 65 0 600
3 65 57 0
3 65 0 120
3 64 57 0
3 64 0 240
3 62 57 0
3 62 0 480
3 60 56 0
3 60 0 240
3 65 60 0
3 65 0 240
3 67 57 120
3 67 0 120
3 65 57 0
3 65 0 120
3 64 57 0
3 64 0 120
3 65 57 0
3 65 0 220
3 62 56 20
3 62 0 240
3 67 62 0
3 67 0 960
3 67 51 0
3 67 0 240
3 69 53 0
3 69 0 240
3 71 56 0
3 71 0 240
3 72 60 0
3 72 0 360
3 74 57 0
3 74 0 60
3 72 57 0
3 72 0 60
3 71 57 0
3 71 0 220
3 76 60 20
3 76 0 240
3 69 56 0
3 69 0 220
3 74 60 20
3 74 0 360
3 76 57 0
3 76 0 120
3 74 56 0
3 74 0 120
3 72 55 0
3 72 0 120
3 71 54 0
3 71 0 240
3 62 51 0
3 62 0 240
3 64 52 0
3 64 0 240
3 66 54 0
3 66 0 240
3 67 60 0
3 67 0 360
3 69 58 0
3 69 0 60
3 67 58 0
3 67 0 60
3 66 58 0
3 66 0 220
3 71 60 20
3 71 0 240
3 64 57 0
3 64 0 220
3 69 60 20
3 69 0 360
3 71 58 0
3 71 0 120
3 69 58 0
3 69 0 120
3 67 58 0
3 67 0 120
3 66 58 0
3 66 0 240
3 65 57 0
3 65 0 240
3 64 55 0
3 64 0 240
3 62 54 0
3 62 0 360
3 64 54 0
3 64 0 120
3 66 55 0
3 66 0 120
3 68 55 0
3 68 0 120
3 69 57 0
3 69 0 120
3 68 56 0
3 68 0 120
3 69 56 0
3 69 0 120
3 71 56 0
3 71 0 120
3 68 58 0
3 68 0 120
3 66 55 0
3 66 0 120
3 68 55 0
3 68 0 120
3 69 55 0
3 69 0 120
3 71 59 0
3 71 0 240
3 60 53 0
3 60 0 240
3 62 54 0
3 62 0 240
3 64 55 0
3 64 0 240
3 65 60 0
3 65 0 360
3 67 58 0
3 67 0 60
3 65 58 0
3 65 0 60
3 64 58 0
3 64 0 220
3 69 60 20
3 69 0 240
3 62 56 0
3 62 0 220
3 67 60 20
3 67 0 360
3 69 57 0
3 69 0 120
3 67 57 0
3 67 0 120
3 65 57 0
3 65 0 120
3 64 57 0
3 64 0 220
3 64 56 0
3 64 0 240
3 66 56 0
3 66 0 240
3 67 60 0
3 67 0 420
3 66 58 60
3 66 0 240
3 68 58 0
3 68 0 240
3 69 61 0
3 69 0 480
3 67 57 0
3 67 0 240
3 69 57 0
3 69 0 240
3 71 57 0
3 71 0 240
3 72 60 0
3 72 0 360
3 74 58 0
3 74 0 60
3 72 58 0
3 72 0 60
3 71 58 0
3 71 0 220
3 76 60 20
3 76 0 240
3 69 58 0
3 69 0 220
3 74 60 20
3 74 0 360
3 76 57 0
3 76 0 120
3 74 56 0
3 74 0 120
3 72 55 0
3 72 0 120
3 71 54 0
3 71 0 220
3 79 65 20
3 79 0 240
3 73 58 0
3 73 0 240
3 74 58 0
3 74 0 240
3 76 60 0
3 76 0 220
3 73 56 20
3 73 0 240
3 74 56 0
3 74 0 240
3 76 56 0
3 76 0 240
3 69 58 0
3 69 0 240
3 64 52 480
3 64 0 240
3 66 53 0
3 66 0 240
3 67 55 0
3 67 0 240
3 69 60 0
3 69 0 360
3 71 58 0
3 71 0 60
3 69 58 0
3 69 0 60
3 67 58 0
3 67 0 220
3 72 60 20
3 72 0 240
3 66 55 0
3 66 0 118
3 71 60 122
3 71 0 360
3 72 57 0
3 72 0 120
3 71 57 0
3 71 0 120
3 69 56 0
3 69 0 120
3 67 56 0
3 67 0 120
3 66 55 0
3 66 0 120
3 64 54 0
3 64 0 120
3 62 54 0
3 62 0 120
3 64 57 0
3 64 0 480
3 62 58 0
3 62 0 600
3 69 57 0
3 69 0 120
3 67 57 0
3 67 0 120
3 65 56 0
3 65 0 120
3 64 56 0
3 64 0 120
3 67 60 0
3 67 0 120
3 65 56 0
3 65 0 120
3 69 56 0
3 69 0 120
3 67 58 0
3 67 0 600
3 69 56 0
3 69 0 120
3 70 56 0
3 70 0 240
3 72 54 0
3 72 0 480
3 74 60 0
3 74 0 220
3 67 57 20
3 67 0 240
3 67 60 0
3 67 0 720
3 65 57 0
3 65 0 480
3 64 57 0
3 64 0 240
3 62 57 0
3 62 0 480
3 64 56 0
3 64 0 220
3 69 68 20
3 69 0 480
3 67 56 0
3 67 0 480
3 65 56 0
3 65 0 240
3 67 57 0
3 67 0 240
3 69 57 0
3 69 0 240
3 70 60 0
3 70 0 360
3 72 57 0
3 72 0 60
3 70 57 0
3 70 0 60
3 69 57 0
3 69 0 220
3 74 60 20
3 74 0 240
3 67 55 0
3 67 0 220
3 72 60 20
3 72 0 360
3 74 62 0
3 74 0 120
3 72 62 0
3 72 0 120
3 70 62 0
3 70 0 120
3 69 61 0
3 69 0 120
3 70 61 0
3 70 0 120
3 69 61 0
3 69 0 120
3 67 60 0
3 67 0 120
3 65 60 0
3 65 0 120
3 67 60 0
3 67 0 120
3 65 59 0
3 65 0 120
3 64 59 0
3 64 0 120
3 62 59 0
3 62 0 840
3 67 57 0
3 67 0 120
3 69 60 0
3 69 0 480
3 77 57 120
3 77 0 120
3 74 57 0
3 74 0 240
3 76 48 0
3 76 0 960
4 55 50 0
4 55 0 240
4 57 52 0
4 57 0 240
4 59 55 0
4 59 0 240
4 60 60 0
4 60 0 360
4 62 57 0
4 62 0 60
4 60 57 0
4 60 0 60
4 59 57 0
4 59 0 220
4 64 60 20
4 64 0 240
4 57 56 0
4 57 0 220
4 62 60 20
4 62 0 360
4 64 58 0
4 64 0 120
4 62 57 0
4 62 0 120
4 60 56 0
4 60 0 120
4 59 55 0
4 59 0 220
4 60 60 0
4 60 0 480
4 58 58 0
4 58 0 240
4 57 56 0
4 57 0 220
4 62 60 20
4 62 0 240
4 55 56 0
4 55 0 220
4 60 60 20
4 60 0 240
4 57 55 120
4 57 0 120
4 59 56 0
4 59 0 120
4 60 58 0
4 60 0 120
4 62 59 0
4 62 0 480
4 55 60 0
4 55 0 480
4 55 53 240
4 55 0 240
4 57 54 0
4 57 0 240
4 59 55 0
4 59 0 240
4 60 60 0
4 60 0 360
4 62 58 0
4 62 0 60
4 60 58 0
4 60 0 60
4 59 58 0
4 59 0 220
4 64 60 20
4 64 0 240
4 57 56 0
4 57 0 220
4 62 60 20
4 62 0 360
4 64 57 0
4 64 0 120
4 62 56 0
4 62 0 120
4 60 56 0
4 60 0 120
4 59 55 0
4 59 0 240
4 64 60 0
4 64 0 720
4 62 60 0
4 62 0 480
4 59 58 120
4 59 0 120
4 60 60 0
4 60 0 120
4 57 57 0
4 57 0 90
4 64 58 30
4 64 0 120
4 62 58 0
4 62 0 120
4 60 57 0
4 60 0 120
4 59 57 0
4 59 0 120
4 60 60 0
4 60 0 90
4 57 54 30
4 57 0 120
4 59 56 0
4 59 0 120
4 60 58 0
4 60 0 120
4 62 60 0
4 62 0 120
4 60 59 0
4 60 0 120
4 59 58 0
4 59 0 120
4 57 57 0
4 57 0 120
4 55 56 0
4 55 0 480
4 52 52 0
4 52 0 240
4 54 54 0
4 54 0 240
4 56 56 0
4 56 0 240
4 57 60 0
4 57 0 360
4 59 57 0
4 59 0 60
4 57 57 0
4 57 0 60
4 56 57 0
4 56 0 220
4 60 60 20
4 60 0 240
4 54 56 0
4 54 0 220
4 59 60 20
4 59 0 360
4 60 60 0
4 60 0 120
4 59 59 0
4 59 0 120
4 57 57 0
4 57 0 120
4 56 56 0
4 56 0 220
4 57 59 20
4 57 0 480
4 56 57 0
4 56 0 240
4 57 60 0
4 57 0 480
4 55 52 240
4 55 0 240
4 57 54 0
4 57 0 240
4 59 56 0
4 59 0 240
4 60 60 0
4 60 0 360
4 62 57 0
4 62 0 60
4 60 57 0
4 60 0 60
4 59 57 0
4 59 0 220
4 64 60 20
4 64 0 240
4 57 55 0
4 57 0 220
4 62 60 20
4 62 0 480
4 55 57 0
4 55 0 240
4 62 60 0
4 62 0 480
4 60 57 0
4 60 0 220
4 57 57 20
4 57 0 240
4 64 60 0
4 64 0 480
4 62 57 0
4 62 0 240
4 57 51 960
4 57 0 240
4 59 53 0
4 59 0 240
4 61 55 0
4 61 0 240
4 62 60 0
4 62 0 360
4 64 58 0
4 64 0 60
4 62 58 0
4 62 0 60
4 60 58 0
4 60 0 220
4 65 60 20
4 65 0 240
4 59 54 0
4 59 0 220
4 64 60 20
4 64 0 360
4 65 61 0
4 65 0 120
4 64 59 0
4 64 0 120
4 62 58 0
4 62 0 120
4 61 56 0
4 61 0 240
4 57 53 0
4 57 0 240
4 59 54 0
4 59 0 240
4 61 55 0
4 61 0 240
4 62 60 0
4 62 0 360
4 64 57 0
4 64 0 60
4 62 57 0
4 62 0 60
4 60 57 0
4 60 0 220
4 66 60 20
4 66 0 240
4 59 54 0
4 59 0 220
4 64 60 20
4 64 0 360
4 66 63 0
4 66 0 120
4 64 63 0
4 64 0 120
4 62 62 0
4 62 0 120
4 60 60 0
4 60 0 1080
4 62 60 0
4 62 0 120
4 60 59 0
4 60 0 120
4 59 58 0
4 59 0 120
4 57 57 0
4 57 0 120
4 55 56 0
4 55 0 120
4 57 58 0
4 57 0 90
4 54 54 30
4 54 0 120
4 55 54 0
4 55 0 220
4 59 57 0
4 59 0 240
4 60 60 0
4 60 0 240
4 62 63 0
4 62 0 240
4 64 66 0
4 64 0 360
4 65 60 0
4 65 0 60
4 64 60 0
4 64 0 60
4 62 60 0
4 62 0 220
4 67 65 20
4 67 0 240
4 60 58 0
4 60 0 220
4 65 66 20
4 65 0 360
4 67 62 0
4 67 0 120
4 65 60 0
4 65 0 120
4 64 58 0
4 64 0 120
4 62 57 0
4 62 0 480
4 64 60 0
4 64 0 240
4 62 60 0
4 62 0 480
4 55 58 0
4 55 0 240
4 55 61 0
4 55 0 700
4 48 51 0
4 48 0 240
4 50 53 0
4 50 0 240
4 52 55 0
4 52 0 240
4 53 60 0
4 53 0 360
4 55 56 0
4 55 0 60
4 53 56 0
4 53 0 60
4 52 57 0
4 52 0 220
4 57 60 0
4 57 0 240
4 50 55 0
4 50 0 220
4 55 60 20
4 55 0 360
4 57 58 0
4 57 0 120
4 55 58 0
4 55 0 120
4 53 57 0
4 53 0 120
4 52 57 0
4 52 0 90
4 50 56 30
4 50 0 120
4 52 56 0
4 52 0 120
4 53 56 0
4 53 0 120
4 55 57 0
4 55 0 120
4 57 59 0
4 57 0 120
4 58 63 0
4 58 0 90
4 55 60 30
4 55 0 120
4 57 60 0
4 57 0 90
4 52 63 30
4 52 0 120
4 53 55 0
4 53 0 120
4 55 57 0
4 55 0 120
4 57 59 0
4 57 0 120
4 59 60 0
4 59 0 120
4 60 62 0
4 60 0 90
4 57 58 30
4 57 0 120
4 59 62 0
4 59 0 960
4 60 60 0
4 60 0 1920
5 48 51 0
5 48 0 240
5 50 53 0
5 50 0 240
5 52 56 0
5 52 0 240
5 53 60 0
5 53 0 360
5 55 57 0
5 55 0 60
5 53 57 0
5 53 0 60
5 52 57 0
5 52 0 220
5 57 60 20
5 57 0 240
5 50 55 0
5 50 0 220
5 55 60 20
5 55 0 360
5 57 59 0
5 57 0 120
5 55 58 0
5 55 0 120
5 53 57 0
5 53 0 120
5 52 56 0
5 52 0 90
5 53 57 30
5 53 0 120
5 52 56 0
5 52 0 120
5 50 55 0
5 50 0 120
5 48 54 0
5 48 0 90
5 50 57 30
5 50 0 120
5 48 56 0
5 48 0 120
5 47 55 0
5 47 0 120
5 45 54 0
5 45 0 220
5 50 57 20
5 50 0 240
5 57 60 0
5 57 0 240
5 54 57 0
5 54 0 240
5 55 58 0
5 55 0 120
5 57 58 0
5 57 0 120
5 58 60 0
5 58 0 120
5 55 58 0
5 55 0 120
5 49 56 0
5 49 0 240
5 50 57 0
5 50 0 240
5 57 58 0
5 57 0 480
5 52 56 0
5 52 0 480
5 57 56 0
5 57 0 120
5 59 57 0
5 59 0 120
5 60 58 0
5 60 0 120
5 62 59 0
5 62 0 120
5 60 60 0
5 60 0 120
5 59 57 0
5 59 0 120
5 57 56 0
5 57 0 120
5 55 55 0
5 55 0 120
5 60 60 0
5 60 0 240
5 43 54 0
5 43 0 240
5 45 55 0
5 45 0 240
5 47 55 0
5 47 0 240
5 48 60 0
5 48 0 360
5 50 58 0
5 50 0 60
5 48 58 0
5 48 0 60
5 47 58 0
5 47 0 220
5 52 60 20
5 52 0 240
5 45 55 0
5 45 0 220
5 50 60 20
5 50 0 360
5 52 60 0
5 52 0 120
5 50 58 0
5 50 0 120
5 48 57 0
5 48 0 120
5 47 55 0
5 47 0 240
5 50 58 0
5 50 0 240
5 48 58 0
5 48 0 240
5 53 60 0
5 53 0 480
5 52 58 0
5 52 0 480
5 50 57 0
5 50 0 480
5 52 57 0
5 52 0 240
5 53 60 0
5 53 0 240
5 52 55 0
5 52 0 120
5 50 55 0
5 50 0 120
5 52 58 0
5 52 0 480
5 45 61 0
5 45 0 480
5 43 52 0
5 43 0 240
5 45 53 0
5 45 0 240
5 47 55 0
5 47 0 240
5 48 60 0
5 48 0 360
5 50 57 0
5 50 0 60
5 48 57 0
5 48 0 60
5 47 57 0
5 47 0 220
5 52 60 20
5 52 0 240
5 45 56 0
5 45 0 220
5 50 60 20
5 50 0 360
5 52 61 0
5 52 0 120
5 50 60 0
5 50 0 120
5 48 59 0
5 48 0 120
5 47 58 0
5 47 0 220
5 46 57 20
5 46 0 240
5 45 57 0
5 45 0 240
5 43 56 0
5 43 0 240
5 45 56 0
5 45 0 180
5 54 60 60
5 54 0 1
5 55 60 0
5 55 0 240
5 52 57 0
5 52 0 240
5 50 57 0
5 50 0 460
5 52 56 0
5 52 0 240
5 53 56 0
5 53 0 240
5 55 60 0
5 55 0 360
5 57 57 0
5 57 0 60
5 55 57 0
5 55 0 60
5 53 57 0
5 53 0 220
5 58 60 20
5 58 0 240
5 52 55 0
5 52 0 220
5 57 60 20
5 57 0 360
5 58 58 0
5 58 0 120
5 57 58 0
5 57 0 120
5 55 57 0
5 55 0 120
5 53 58 0
5 53 0 120
5 52 55 0
5 52 0 120
5 53 58 0
5 53 0 90
5 50 55 30
5 50 0 120
5 55 59 0
5 55 0 240
5 57 59 0
5 57 0 240
5 50 56 0
5 50 0 1080
5 52 57 0
5 52 0 120
5 50 57 0
5 50 0 120
5 48 56 0
5 48 0 120
5 47 56 0
5 47 0 120
5 45 55 0
5 45 0 120
5 43 55 0
5 43 0 120
5 42 54 0
5 42 0 120
5 40 54 0
5 40 0 220
5 52 52 1
5 52 0 240
5 54 54 0
5 54 0 240
5 55 56 0
5 55 0 480
5 57 60 0
5 57 0 120
5 55 58 0
5 55 0 120
5 54 60 0
5 54 0 220
5 50 57 20
5 50 0 240
5 55 59 0
5 55 0 1920
5 57 52 0
5 57 0 480
5 59 57 0
5 59 0 240
5 60 57 0
5 60 0 240
5 53 58 0
5 53 0 90
5 57 60 30
5 57 0 120
5 55 59 0
5 55 0 120
5 53 58 0
5 53 0 120
5 52 57 0
5 52 0 120
5 50 56 0
5 50 0 120
5 48 56 0
5 48 0 120
5 47 55 0
5 47 0 120
5 48 51 0
5 48 0 120
5 50 53 0
5 50 0 120
5 52 56 0
5 52 0 120
5 53 58 0
5 53 0 120
5 43 57 240
5 43 0 240
5 48 60 0
5 48 0 7680
